peptide,tcr,A1,A2,A3,B1,B2,B3,binder
KLGGALQAK,NSASDYIRSNMDKAETPSTDSWGKSQLNHDASQIVNDASSMQTSGSAYNEQF,NSASDY,IRSNMDK,AETPSTDSWGKSQ,LNHDA,SQIVND,ASSMQTSGSAYNEQF,0
KSKRTPMGF,NSASQSVYSSGVVESMEYGNKLVSGHKSYYEKEEASSRGRGGQYNEQF,NSASQS,VYSSG,VVESMEYGNKLV,SGHKS,YYEKEE,ASSRGRGGQYNEQF,0
RAKFKQLL,SSVSVYYLSGSTLVAVSETGPARLMSEHNRFQNEAQASSPGTSGRPYEQY,SSVSVY,YLSGSTLV,AVSETGPARLM,SEHNR,FQNEAQ,ASSPGTSGRPYEQY,0
GILGFVFTL,NSMFDYISSIKDKAASGGSNYKLTSGHTSYDEGEEASSSAVIRGLDWCYT,NSMFDY,ISSIKDK,AASGGSNYKLT,SGHTS,YDEGEE,ASSSAVIRGLDWCYT,0
ELAGIGILTV,DSAIYNIQSSQREAVRPTGGFKTISGHATFQNNGVASSPSGQLEKLF,DSAIYN,IQSSQRE,AVRPTGGFKTI,SGHAT,FQNNGV,ASSPSGQLEKLF,0
GILGFVFTL,TSESDYYQEAYKQQNALMSARLMSGHNSFNNNVPASSFARAQADTQY,TSESDYY,QEAYKQQN,ALMSARLM,SGHNS,FNNNVP,ASSFARAQADTQY,0
ELAGIGILTV,TRDTTYYRNSFDEQNALSEDAGNMLTSGHATFQNNGVASSWGGGSHYGYT,TRDTTYY,RNSFDEQN,ALSEDAGNMLT,SGHAT,FQNNGV,ASSWGGGSHYGYT,0
KLGGALQAK,DSASNYIRSNVGEAASGYDYKLSLNHDASQIVNDASSARSSYEQY,DSASNY,IRSNVGE,AASGYDYKLS,LNHDA,SQIVND,ASSARSSYEQY,0
GLCTLVAML,DSASNYIRSNVGEAASETSYDKVISGHNSFNNNVPASTQQGSYGYT,DSASNY,IRSNVGE,AASETSYDKVI,SGHNS,FNNNVP,ASTQQGSYGYT,0
DATYQRTRALVR,NIATNDYGYKTKLVGPFMRLGHNAYNFKEQASSQDPDTQY,NIATNDY,GYKTK,LVGPFMR,LGHNA,YNFKEQ,ASSQDPDTQY,1
ELAGIGILTV,TSENNYYQEAYKQQNAFMLGAGGTSYGKLTSGHVSFNYEAQASSFLTGNTEAF,TSENNYY,QEAYKQQN,AFMLGAGGTSYGKLT,SGHVS,FNYEAQ,ASSFLTGNTEAF,0
KLGGALQAK,DSASNYIRSNVGEAAMETSYDKVIKGHSHLQKENIASSPRKDSTGELF,DSASNY,IRSNVGE,AAMETSYDKVI,KGHSH,LQKENI,ASSPRKDSTGELF,0
GILGFVFTL,NIATNDYGYKTKLVGDGAGYSTLTLNHDASQIVNDASSVALGNQETQY,NIATNDY,GYKTK,LVGDGAGYSTLT,LNHDA,SQIVND,ASSVALGNQETQY,0
NLVPMVATV,TSGFNGNVLDGLAVRSTWDPMIKAAGNKLTKGHSHLQKENIASSEDRTYEQY,TSGFNG,NVLDGL,AVRSTWDPMIKAAGNKLT,KGHSH,LQKENI,ASSEDRTYEQY,0
KLGGALQAK,TSGFNGNVLDGLAVRDRWSGGYQKVTMNHEYSMNVEVASSFGQGSSPLH,TSGFNG,NVLDGL,AVRDRWSGGYQKVT,MNHEY,SMNVEV,ASSFGQGSSPLH,0
GILGFVFTL,NIATNDYGYKTKLVGTYNFNKFYLGHNAYNFKEQASSQEVAAGGGDEQF,NIATNDY,GYKTK,LVGTYNFNKFY,LGHNA,YNFKEQ,ASSQEVAAGGGDEQF,0
NLVPMVATV,TRDTTYYRNSFDEQNALIANRDDKIISGHNSFNNNVPASSFLDRGPNTEAF,TRDTTYY,RNSFDEQN,ALIANRDDKII,SGHNS,FNNNVP,ASSFLDRGPNTEAF,0
GILGFVFTL,NSAFQYTYSSGNAMTGTTNAGKSTSGHNSFNNNVPASTYGSYGYT,NSAFQY,TYSSGN,AMTGTTNAGKST,SGHNS,FNNNVP,ASTYGSYGYT,0
ELAGIGILTV,TRDTTYYRNSFDEQNALSGEGGSEKLVMGHDKSYGVNSASSETGFGNQPQH,TRDTTYY,RNSFDEQN,ALSGEGGSEKLV,MGHDK,SYGVNS,ASSETGFGNQPQH,0
GLCTLVAML,TSGFNGNVLDGLAVRGPEGGGNKLTSGDLSYYNGEEASSAGTSGQETQY,TSGFNG,NVLDGL,AVRGPEGGGNKLT,SGDLS,YYNGEE,ASSAGTSGQETQY,1
KLGGALQAK,DRGSQSIYSNGDAVGSNDYKLSSGHDTYYEEEEASSFGGRSYEQY,DRGSQS,IYSNGD,AVGSNDYKLS,SGHDT,YYEEEE,ASSFGGRSYEQY,0
IVTDFSVIK,TRDTTYYRNSFDEQNALIANRDDKIISGHNSFNNNVPASSFLDRGPNTEAF,TRDTTYY,RNSFDEQN,ALIANRDDKII,SGHNS,FNNNVP,ASSFLDRGPNTEAF,0
GILGFVFTL,DSASNYIRSNVGEAASETSYDKVISGHNSFNNNVPASSIGDRAYGYT,DSASNY,IRSNVGE,AASETSYDKVI,SGHNS,FNNNVP,ASSIGDRAYGYT,0
LLWNGPMAV,KTLYGLQKGGEEGADSRYSSASKIISGHVSFQNEAQASSLIEYPPPDTQY,KTLYG,LQKGGEE,GADSRYSSASKII,SGHVS,FQNEAQ,ASSLIEYPPPDTQY,0
RAKFKQLL,TSGFNGNVLDGLACRGFKTISGHNTYYREEEASSLGLEGGNEQF,TSGFNG,NVLDGL,ACRGFKTI,SGHNT,YYREEE,ASSLGLEGGNEQF,0
CINGVCWTV,TISGTDYGLTSNILRVWNNAGNMLTSGHDYFNNNVPASSFTWTSGLYEQY,TISGTDY,GLTSN,ILRVWNNAGNMLT,SGHDY,FNNNVP,ASSFTWTSGLYEQY,0
GILGFVFTL,DRGSQSIYSNGDAGQGGKLIDFQATTSNEGSKASAALGLGEKLF,DRGSQS,IYSNGD,AGQGGKLI,DFQATT,SNEGSKA,SAALGLGEKLF,0
KLGGALQAK,NTAFDYIRPDVSEAAHSGNTPLVMNHEYSMNVEVASSQTETSYEQY,NTAFDY,IRPDVSE,AAHSGNTPLV,MNHEY,SMNVEV,ASSQTETSYEQY,0
RAKFKQLL,TTSDRLLSNGAVAVAILTGGGNKLTLGHNAYNFKEQASKPGQGGYEQY,TTSDR,LLSNGAV,AVAILTGGGNKLT,LGHNA,YNFKEQ,ASKPGQGGYEQY,0
AVFDRKSDAK,SSVPPYYTSAATLVAVSAGGGFKTIKGHSHLQKENIASSEDDFTGTDTQY,SSVPPY,YTSAATLV,AVSAGGGFKTI,KGHSH,LQKENI,ASSEDDFTGTDTQY,0
KLGGALQAK,TRDTTYYRNSFDEQNALMGNAGGTSYGKLTLNHDASQIVNDASSQGNYGYT,TRDTTYY,RNSFDEQN,ALMGNAGGTSYGKLT,LNHDA,SQIVND,ASSQGNYGYT,0
GLCTLVAML,TSGFNGNVLDGLAVRADSGAGSYQLTDFQATTSNEGSKASARDRVGNTIY,TSGFNG,NVLDGL,AVRADSGAGSYQLT,DFQATT,SNEGSKA,SARDRVGNTIY,1
KLGGALQAK,TISGNEYGLKNNIGAGNMLTKGHDRSFDVKDATSDRDRPNYGYT,TISGNEY,GLKNN,IGAGNMLT,KGHDR,SFDVKD,ATSDRDRPNYGYT,0
GILGFVFTL,TISGTDYGLTSNILSNNNDMRDFQATTSNEGSKASAPPAGEYSNQPQH,TISGTDY,GLTSN,ILSNNNDMR,DFQATT,SNEGSKA,SAPPAGEYSNQPQH,0
RAKFKQLL,DSAIYNIQSSQREAVNYGGSQGNLISGHATFQNNGVASRLLGQLETQY,DSAIYN,IQSSQRE,AVNYGGSQGNLI,SGHAT,FQNNGV,ASRLLGQLETQY,0
AVFDRKSDAK,DSVNNIPSGTAVVHNDMRLGHDTYNNKELASSQDVSRLAHLSTDTQN,DSVNN,IPSGT,AVVHNDMR,LGHDT,YNNKEL,ASSQDVSRLAHLSTDTQN,0
RAKFKQLL,DSSSTYIFSNMDMAEISPSGGSYIPTKGHDRSFDVKDATSDLKVHSGNYGYT,DSSSTY,IFSNMDM,AEISPSGGSYIPT,KGHDR,SFDVKD,ATSDLKVHSGNYGYT,0
GILGFVFTL,KALYSLLKGGEQGLRDNFNKFYDFQATTSNEGSKASARAGIREGFYNEQF,KALYS,LLKGGEQ,GLRDNFNKFY,DFQATT,SNEGSKA,SARAGIREGFYNEQF,0
CINGVCWTV,VSGNPYYITGDNLVAVRDMGTGGFKTISEHNRFQNEAQAIQEDTDTQY,VSGNPY,YITGDNLV,AVRDMGTGGFKTI,SEHNR,FQNEAQ,AIQEDTDTQY,0
GLCTLVAML,TSGFYGNALDGLAVDDTGGGNKLTSNHLYFYNNEIASSAGQVSPGELF,TSGFYG,NALDGL,AVDDTGGGNKLT,SNHLY,FYNNEI,ASSAGQVSPGELF,1
KLGGALQAK,DRGSQSIYSNGDAVTGYALNLNHDASQIVNDASRPGQGYEQY,DRGSQS,IYSNGD,AVTGYALN,LNHDA,SQIVND,ASRPGQGYEQY,0
ELAGIGILTV,DRGSQSIYSNGDAVGGGADGLTFGMNHEYSVGAGIASSYSATGGEQYFG,DRGSQS,IYSNGD,AVGGGADGLTFG,MNHEY,SVGAGI,ASSYSATGGEQYFG,1
AVFDRKSDAK,YGGTVNYFSGDPLVAVNAGGGSQGNLILNHDASQIVNDASSPRSTDTQY,YGGTVN,YFSGDPLV,AVNAGGGSQGNLI,LNHDA,SQIVND,ASSPRSTDTQY,0
CINGVCWTV,VSGNPYYITGDNLVAVRDEAGGSYIPTSGHRSYFSETQASSFGQGTGTEAF,VSGNPY,YITGDNLV,AVRDEAGGSYIPT,SGHRS,YFSETQ,ASSFGQGTGTEAF,0
AVFDRKSDAK,NSASDYIRSNMDKAENGGGGADGLTSQVTMANQGSEASVGSGDYEQY,NSASDY,IRSNMDK,AENGGGGADGLT,SQVTM,ANQGSEA,SVGSGDYEQY,0
SPRWYFYYL,TSESDYYQEAYKQQNALMSARLMSGHNSFNNNVPASSFARAQADTQY,TSESDYY,QEAYKQQN,ALMSARLM,SGHNS,FNNNVP,ASSFARAQADTQY,0
GILGFVFTL,TRDTTYYRNSFDEQNALITALNNAGNMLTSGHDTYYEEEEASSSQGWGRVYSEQF,TRDTTYY,RNSFDEQN,ALITALNNAGNMLT,SGHDT,YYEEEE,ASSSQGWGRVYSEQF,0
RAKFKQLL,DSSSTYIFSNMDMAEMEGGSYIPTPRHDTFYEKMQASSLMRGGTYNSPLH,DSSSTY,IFSNMDM,AEMEGGSYIPT,PRHDT,FYEKMQ,ASSLMRGGTYNSPLH,1
KLGGALQAK,TSGFNGNVLDGLAVRFRNNNARLMMDHENSYDVKMASMAGTPYEQY,TSGFNG,NVLDGL,AVRFRNNNARLM,MDHEN,SYDVKM,ASMAGTPYEQY,0
KSKRTPMGF,TTLSNLVKSGEVAGNYGGSQGNLISGHDTYYEEEEASSLRDGSEAF,TTLSN,LVKSGEV,AGNYGGSQGNLI,SGHDT,YYEEEE,ASSLRDGSEAF,0
KLGGALQAK,SVFSSVVTGGEVAGGGSQGNLISGHNTYYREEEASSSTGGGEKDQPQH,SVFSS,VVTGGEV,AGGGSQGNLI,SGHNT,YYREEE,ASSSTGGGEKDQPQH,0
AVFDRKSDAK,DRGSQSIYSNGDAGLEYGNKLVSGDLSYYNGEEASSVGVLAGNEQF,DRGSQS,IYSNGD,AGLEYGNKLV,SGDLS,YYNGEE,ASSVGVLAGNEQF,0
RAKFKQLL,DSVNNIPSGTAVEDPVTGGGNKLTMNHEYSVGEGTASSNHLAGHTYEQY,DSVNN,IPSGT,AVEDPVTGGGNKLT,MNHEY,SVGEGT,ASSNHLAGHTYEQY,0
RAKFKQLL,DSSSTYIFSNMDMADHGGATNKLIMGHRAYSYEKLASSTGAGVNEQY,DSSSTY,IFSNMDM,ADHGGATNKLI,MGHRA,YSYEKL,ASSTGAGVNEQY,0
RAKFKQLL,NSASDYIRSNMDKADSGGGADGLTSGHDNFVKESKASSQEGYTEAF,NSASDY,IRSNMDK,ADSGGGADGLT,SGHDN,FVKESK,ASSQEGYTEAF,1
KLGGALQAK,SSVPPYYTSAATLVAVSAGGGFKTIKGHSHLQKENIASSEDDFTGTDTQY,SSVPPY,YTSAATLV,AVSAGGGFKTI,KGHSH,LQKENI,ASSEDDFTGTDTQY,1
FEDLRLLSF,VGISALSSGKAVKGSYSGGGADGLTSGHTAFQGNSAASSLRSGTGELF,VGISA,LSSGK,AVKGSYSGGGADGLT,SGHTA,FQGNSA,ASSLRSGTGELF,1
KLGGALQAK,TISGTDYGLTSNILGWGKLQMNHEYSMNVEVASSLDRVTGELF,TISGTDY,GLTSN,ILGWGKLQ,MNHEY,SMNVEV,ASSLDRVTGELF,0
RAKFKQLL,TSGFNGNVLDGLALNNAGNMLTLGHNAYSLEERASSQAQGRNTEAF,TSGFNG,NVLDGL,ALNNAGNMLT,LGHNA,YSLEER,ASSQAQGRNTEAF,0
ELAGIGILTV,NSASDYIRSNMDKADSGGGADGLTDFQATTSNEGSKASALWTDSYEQY,NSASDY,IRSNMDK,ADSGGGADGLT,DFQATT,SNEGSKA,SALWTDSYEQY,0
CINGVCWTV,DSAIYNIQSSQREAALDSGAGNMLTMNHEYSVGAGIASIAGLRAF,DSAIYN,IQSSQRE,AALDSGAGNMLT,MNHEY,SVGAGI,ASIAGLRAF,1
KLGGALQAK,SIFNTLYKAGELAGHTGNQFYSGHVSFNYEAQASSRGPNYEQY,SIFNT,LYKAGEL,AGHTGNQFY,SGHVS,FNYEAQ,ASSRGPNYEQY,0
GILGFVFTL,VSGNPYYITGDNLVAVRDMLGFNKFYMRHNASNTAGTASSPTGSDTGELF,VSGNPY,YITGDNLV,AVRDMLGFNKFY,MRHNA,SNTAGT,ASSPTGSDTGELF,1
KLGGALQAK,TRDTTYYRNSFDEQNALDHGSSNTGKLISGHRSYFSETQASSLRAATMNTEAF,TRDTTYY,RNSFDEQN,ALDHGSSNTGKLI,SGHRS,YFSETQ,ASSLRAATMNTEAF,1
IVTDFSVIK,DRGSQSIYSNGDAGDSGGGSQGNLILNHDASQIVNDASSIRSNTEAF,DRGSQS,IYSNGD,AGDSGGGSQGNLI,LNHDA,SQIVND,ASSIRSNTEAF,0
GILGFVFTL,TSENNYYQEAYKQQNAFMKQDSNSGYALNKGHDRSFDVKDATSGPHRVHEQF,TSENNYY,QEAYKQQN,AFMKQDSNSGYALN,KGHDR,SFDVKD,ATSGPHRVHEQF,0
CINGVCWTV,NSASQSVYSSGVVNKGNDMRSNHLYFYNNEIASQDTNTGELF,NSASQS,VYSSG,VVNKGNDMR,SNHLY,FYNNEI,ASQDTNTGELF,0
CINGVCWTV,YGATPYYFSGDTLVAVTRDDKIILNHDASQIVNDASSIYSNQPQH,YGATPY,YFSGDTLV,AVTRDDKII,LNHDA,SQIVND,ASSIYSNQPQH,0
RAKFKQLL,VSGNPYYITGDNLVAVSAASGGSYIPTSGHNSFNNNVPASSFSGNTGELF,VSGNPY,YITGDNLV,AVSAASGGSYIPT,SGHNS,FNNNVP,ASSFSGNTGELF,1
ELAGIGILTV,NSASDYIRSNMDKATDSWGKLQSEHNRFQNEAQASSSKETGAWGDTQY,NSASDY,IRSNMDK,ATDSWGKLQ,SEHNR,FQNEAQ,ASSSKETGAWGDTQY,0
GLCTLVAML,YGATPYYFSGDTLVAVDDTNAGKSTLNHDASHIVNDASSLRSTDTQY,YGATPY,YFSGDTLV,AVDDTNAGKST,LNHDA,SHIVND,ASSLRSTDTQY,0
RAKFKQLL,SVFSSVVTGGEVAGAPGGGSQGNLILNHDASQIVNDASSLTVLYGYT,SVFSS,VVTGGEV,AGAPGGGSQGNLI,LNHDA,SQIVND,ASSLTVLYGYT,0
GLCTLVAML,NSASQSVYSSGVVNSPNDYKLSMNHEYSVGEGTASSYPEVAPSEQF,NSASQS,VYSSG,VVNSPNDYKLS,MNHEY,SVGEGT,ASSYPEVAPSEQF,1
KLGGALQAK,TISGTDYGLTSNTPGNQFYLGHNAYSLEERASSQVTGTGNSPLH,TISGTDY,GLTSN,TPGNQFY,LGHNA,YSLEER,ASSQVTGTGNSPLH,1
KLGGALQAK,VSNAYNGSKPAVENDKIIDFQATTSNEGSKASALLLAPRSEQF,VSNAYN,GSKP,AVENDKII,DFQATT,SNEGSKA,SALLLAPRSEQF,1
AVFDRKSDAK,DSASNYIRSNVGEAAKEGGSEKLVMNHEYSMNVEVASSLSGRPYEQY,DSASNY,IRSNVGE,AAKEGGSEKLV,MNHEY,SMNVEV,ASSLSGRPYEQY,0
AVFDRKSDAK,DRGSQSIYSNGDAVNIRGGSYIPTMNHEYSMNVEVASSSTGTSGNRAEQF,DRGSQS,IYSNGD,AVNIRGGSYIPT,MNHEY,SMNVEV,ASSSTGTSGNRAEQF,1
RAKFKQLL,VSGNPYYITGDNLVAVRDPLTPLVMNHEYSMNVEVASSLQSSYEQY,VSGNPY,YITGDNLV,AVRDPLTPLV,MNHEY,SMNVEV,ASSLQSSYEQY,0
GLCTLVAML,SVFSSVVTGGEVAGQYGNKLVSQVTMANQGSEASAGTSGSNEQF,SVFSS,VVTGGEV,AGQYGNKLV,SQVTM,ANQGSEA,SAGTSGSNEQF,0
ELAGIGILTV,TSENNYYQEAYKQQNAFMTNAGGTSYGKLTSGHATFQDESVASSLLSGSYEQY,TSENNYY,QEAYKQQN,AFMTNAGGTSYGKLT,SGHAT,FQDESV,ASSLLSGSYEQY,0
HPVTKYIM,VSGNPYYITGDNLVAVAKDLQNSGGGADGLTLNHNVYYDKDFATSYEDNSGANVLT,VSGNPY,YITGDNLV,AVAKDLQNSGGGADGLT,LNHNV,YYDKDF,ATSYEDNSGANVLT,0
GILGFVFTL,TRDTTYYRNSFDEQNALTGANSKLTLGHNAYSLEERASSQDRVGGGNEQF,TRDTTYY,RNSFDEQN,ALTGANSKLT,LGHNA,YSLEER,ASSQDRVGGGNEQF,0
AVFDRKSDAK,SSVSVYYLSGSTLVAVSETGPARLMSEHNRFQNEAQASSPGTSGRPYEQY,SSVSVY,YLSGSTLV,AVSETGPARLM,SEHNR,FQNEAQ,ASSPGTSGRPYEQY,0
GLCTLVAML,DRGSQSIYSNGDAVNPLRDSNYQLIMGHRAYSYEKLASSQTRGAGNTIY,DRGSQS,IYSNGD,AVNPLRDSNYQLI,MGHRA,YSYEKL,ASSQTRGAGNTIY,0
GILGFVFTL,TTLSNLVKSGEVASPGDGGSQGNLILNHDASQIVNDASSPRSTDTQY,TTLSN,LVKSGEV,ASPGDGGSQGNLI,LNHDA,SQIVND,ASSPRSTDTQY,1
RAKFKQLL,DRGSQSIYSNGDAVPLAGTGRRALTLNHDASQIVNDASSILGVSTDTQY,DRGSQS,IYSNGD,AVPLAGTGRRALT,LNHDA,SQIVND,ASSILGVSTDTQY,0
NLVPMVATV,NSASDYIRSNMDKAENMGGGSQGNLISGHTAFQGNSAASSLEGGTTPFYEQY,NSASDY,IRSNMDK,AENMGGGSQGNLI,SGHTA,FQGNSA,ASSLEGGTTPFYEQY,0
ELAGIGILTV,DRGSQSIYSNGDAVTSVGNKLTMNHEYSMNVEVASSLSGTNGYT,DRGSQS,IYSNGD,AVTSVGNKLT,MNHEY,SMNVEV,ASSLSGTNGYT,1
GILGFVFTL,TISGNEYGLKNNIVRVTMDSNYQLILGHDTYNNKELASSQDRGATDELF,TISGNEY,GLKNN,IVRVTMDSNYQLI,LGHDT,YNNKEL,ASSQDRGATDELF,0
IVTDFSVIK,VSGNPYYITGDNLVAVTPAGGSQGNLILNHDASQIVNDASSTRSTDTQY,VSGNPY,YITGDNLV,AVTPAGGSQGNLI,LNHDA,SQIVND,ASSTRSTDTQY,0
RAKFKQLL,TSGFNGNVLDGLAALINARLMMNHEYSVGEGTASSDGTSGGGEQY,TSGFNG,NVLDGL,AALINARLM,MNHEY,SVGEGT,ASSDGTSGGGEQY,0
GILGFVFTL,NIATNDYGYKTKLVGPGMLGHNAYNFKEQASSQEIAQGTNTGELF,NIATNDY,GYKTK,LVGPGM,LGHNA,YNFKEQ,ASSQEIAQGTNTGELF,0
ATDALMTGF,SIFNTLYKAGELAGLETSGTYKYISGHNTYYREEEASSYKPGQRDYT,SIFNT,LYKAGEL,AGLETSGTYKYI,SGHNT,YYREEE,ASSYKPGQRDYT,0
SLFNTVATLY,DRGSQSIYSNGDAVPGGGGSQGNLILNHDASQIVNDASSMRSTNEQF,DRGSQS,IYSNGD,AVPGGGGSQGNLI,LNHDA,SQIVND,ASSMRSTNEQF,0
NLVPMVATV,DRGSQSIYSNGDAVSDYKLSSQVTMANQGSEASVGGGGAGVETQY,DRGSQS,IYSNGD,AVSDYKLS,SQVTM,ANQGSEA,SVGGGGAGVETQY,0
SPRWYFYYL,TRDTTYYRNSFDEQNALSEAGSGYSTLTLGHNAYNFKEQASSQTYPGAYNEQF,TRDTTYY,RNSFDEQN,ALSEAGSGYSTLT,LGHNA,YNFKEQ,ASSQTYPGAYNEQF,1
KLGGALQAK,NSASDYIRSNMDKAETHTGTASKLTSGHVSFNYEAQASSLVGQGGHTDTQY,NSASDY,IRSNMDK,AETHTGTASKLT,SGHVS,FNYEAQ,ASSLVGQGGHTDTQY,1
KLGGALQAK,YGGTVNYFSGDPLVAVNEDNFNKFYMGHRAYSYEKLASSLGGTNEQF,YGGTVN,YFSGDPLV,AVNEDNFNKFY,MGHRA,YSYEKL,ASSLGGTNEQF,0
NLVPMVATV,SSVPPYYTSAATLVAVSAGGGFKTIKGHSHLQKENIASSEDDFTGTDTQY,SSVPPY,YTSAATLV,AVSAGGGFKTI,KGHSH,LQKENI,ASSEDDFTGTDTQY,0
GILGFVFTL,YSGSPEHISRALRGYGQNFVLGHNAYSLEERASSQDAPGQGSDEQF,YSGSPE,HISR,ALRGYGQNFV,LGHNA,YSLEER,ASSQDAPGQGSDEQF,0
GILGFVFTL,SSVPPYYTSAATLVAVRNLDVDGGATNKLISGHDNFVKESKASSQVLGDTQY,SSVPPY,YTSAATLV,AVRNLDVDGGATNKLI,SGHDN,FVKESK,ASSQVLGDTQY,0
NLVPMVATV,NSASDYIRSNMDKATDSWGKLQSEHNRFQNEAQASSSKETGAWGDTQY,NSASDY,IRSNMDK,ATDSWGKLQ,SEHNR,FQNEAQ,ASSSKETGAWGDTQY,0
GILGFVFTL,SSYSPSYTSAATLVVVRPAGKSTMNHEYSMNVEVASSLFLAAQETQY,SSYSPS,YTSAATLV,VVRPAGKST,MNHEY,SMNVEV,ASSLFLAAQETQY,0
GPRLGVRAT,NSASQSVYSSGVVGNYGQNFVLGHNAYSLEERASSQVLSGELF,NSASQS,VYSSG,VVGNYGQNFV,LGHNA,YSLEER,ASSQVLSGELF,0
RAKFKQLL,TSESDYYQEAYKQQNALYTGNQFYMGHDKSYGVNSASSDPSSVGRSTDTQY,TSESDYY,QEAYKQQN,ALYTGNQFY,MGHDK,SYGVNS,ASSDPSSVGRSTDTQY,0
KLGGALQAK,DSASNYIRSNVGEAAENNNDMRSGHVSFNYEAQASSLGTSYEQY,DSASNY,IRSNVGE,AAENNNDMR,SGHVS,FNYEAQ,ASSLGTSYEQY,0
LLWNGPMAV,VSGNPYYITGDNLVAVAKDLQNSGGGADGLTLNHNVYYDKDFATSYEDNSGANVLT,VSGNPY,YITGDNLV,AVAKDLQNSGGGADGLT,LNHNV,YYDKDF,ATSYEDNSGANVLT,0
YLQPRTFLL,DSSSTYIFSNMDMAESQGNLISGHDNFVKESKASSQSPGGEQF,DSSSTY,IFSNMDM,AESQGNLI,SGHDN,FVKESK,ASSQSPGGEQF,0
GILGFVFTL,NSASDYIRSNMDKAENEGGGSQGNLILNHDASQIVNDASSLYASYEQY,NSASDY,IRSNMDK,AENEGGGSQGNLI,LNHDA,SQIVND,ASSLYASYEQY,1
GILGFVFTL,DRGSQSIYSNGDAVNADKIIMDHENSYDVKMASTQIFGNYGYT,DRGSQS,IYSNGD,AVNADKII,MDHEN,SYDVKM,ASTQIFGNYGYT,0
GPRLGVRAT,VSGNPYYITGDNLVAVRDNQAGTALISGDLSYYNGEEASSAGSGSGYNEQF,VSGNPY,YITGDNLV,AVRDNQAGTALI,SGDLS,YYNGEE,ASSAGSGSGYNEQF,0
ELAGIGILTV,DRGSQSIYSNGDAVAQGGSEKLVMDHENSYDVKMASRGQGLGQPQH,DRGSQS,IYSNGD,AVAQGGSEKLV,MDHEN,SYDVKM,ASRGQGLGQPQH,1
RAKFKQLL,TSINNIRSNEREATDPLFGNNRLALNHDASQIVNDASSTLNEQF,TSINN,IRSNERE,ATDPLFGNNRLA,LNHDA,SQIVND,ASSTLNEQF,0
RAKFKQLL,ATGYPSATKADDKALRETSYDKVIMDHENSYDVKMASSLYSATGELF,ATGYPS,ATKADDK,ALRETSYDKVI,MDHEN,SYDVKM,ASSLYSATGELF,1
AVFDRKSDAK,TRDTTYYRNSFDEQNALSEAGGMGGGADGLTSGHNSFNNNVPASSFSGNTGELF,TRDTTYY,RNSFDEQN,ALSEAGGMGGGADGLT,SGHNS,FNNNVP,ASSFSGNTGELF,0
RAKFKQLL,VSGNPYYITGDNLVAVRGPMNTGFQKLVMNHEYSMNVEVASSPPQFTEAF,VSGNPY,YITGDNLV,AVRGPMNTGFQKLV,MNHEY,SMNVEV,ASSPPQFTEAF,0
AVFDRKSDAK,ATGYPSATKADDKALSTTSGTYKYIMNHEYSMNVEVASSPLAGGEEKKETQY,ATGYPS,ATKADDK,ALSTTSGTYKYI,MNHEY,SMNVEV,ASSPLAGGEEKKETQY,0
GILGFVFTL,SVFSSVVTGGEVAGELSHADSWGKLQLGHDTYNNKELASSQYLQVSAGNTIY,SVFSS,VVTGGEV,AGELSHADSWGKLQ,LGHDT,YNNKEL,ASSQYLQVSAGNTIY,0
LLWNGPMAV,DRGSQSIYSNGDAGGDDKIISGDLSYYNGEEASSPGLAYEQY,DRGSQS,IYSNGD,AGGDDKII,SGDLS,YYNGEE,ASSPGLAYEQY,1
SLFNTVATLY,TSINNIRSNEREATDAYGNNRLASGHTAFQGTGAASSLAGAGTEAF,TSINN,IRSNERE,ATDAYGNNRLA,SGHTA,FQGTGA,ASSLAGAGTEAF,1
DATYQRTRALVR,NYSPAYIRENEKEALVAPGGSYIPTKGHDRSFDVKDATAPGTGRTLKLI,NYSPAY,IRENEKE,ALVAPGGSYIPT,KGHDR,SFDVKD,ATAPGTGRTLKLI,0
IVTDFSVIK,DSAIYNIQSSQREAVSGFGNVLHDFQATTSNEGSKASARSRVYQETQY,DSAIYN,IQSSQRE,AVSGFGNVLH,DFQATT,SNEGSKA,SARSRVYQETQY,0
AVFDRKSDAK,NSASDYIRSNMDKAENEGGGSQGNLILNHDASQIVNDASSLYASYEQY,NSASDY,IRSNMDK,AENEGGGSQGNLI,LNHDA,SQIVND,ASSLYASYEQY,0
KLGGALQAK,YGATPYYFSGDTLVAVGLNHMRPRHDTFYEKMQASSLQLASNTGELF,YGATPY,YFSGDTLV,AVGLNHMR,PRHDT,FYEKMQ,ASSLQLASNTGELF,0
AVFDRKSDAK,DSASNYIRSNVGEAAINTGTASKLTMNHEYSMNVEVASSSPGPREKLF,DSASNY,IRSNVGE,AAINTGTASKLT,MNHEY,SMNVEV,ASSSPGPREKLF,0
NLVPMVATV,ATGYPSATKADDKALYNTDKLILGHDTYNNKELASSPTSGSVYEQY,ATGYPS,ATKADDK,ALYNTDKLI,LGHDT,YNNKEL,ASSPTSGSVYEQY,0
KLGGALQAK,DRGSQSIYSNGDAVNTSGGGADGLTLGHNAYSLEERASSQDLLAGAADTQY,DRGSQS,IYSNGD,AVNTSGGGADGLT,LGHNA,YSLEER,ASSQDLLAGAADTQY,0
RAKFKQLL,DSASNYIRSNVGEAAKEGYSTLTSGHDTYYEEEEASSLRDGSEAF,DSASNY,IRSNVGE,AAKEGYSTLT,SGHDT,YYEEEE,ASSLRDGSEAF,1
AVFDRKSDAK,TSGFNGNVLDGLAVRSTWDPMIKAAGNKLTKGHSHLQKENIASSEDRTYEQY,TSGFNG,NVLDGL,AVRSTWDPMIKAAGNKLT,KGHSH,LQKENI,ASSEDRTYEQY,0
GILGFVFTL,TTLSNLVKSGEVADPFSSNTGKLILNHDASQIVNDASSTFSSGRTEAF,TTLSN,LVKSGEV,ADPFSSNTGKLI,LNHDA,SQIVND,ASSTFSSGRTEAF,1
AVFDRKSDAK,DSSSTYIFSNMDMAEKANTDKLIMNHEYSVGEGTASSYSGSGELF,DSSSTY,IFSNMDM,AEKANTDKLI,MNHEY,SVGEGT,ASSYSGSGELF,0
KLGGALQAK,NIATNDYGYKTKLVERNNDMRMNHNSSASEGTASSELWGSEPSPLH,NIATNDY,GYKTK,LVERNNDMR,MNHNS,SASEGT,ASSELWGSEPSPLH,0
RAKFKQLL,TRDTTYYRNSFDEQNALSEAGSGYSTLTLGHNAYNFKEQASSQTYPGAYNEQF,TRDTTYY,RNSFDEQN,ALSEAGSGYSTLT,LGHNA,YNFKEQ,ASSQTYPGAYNEQF,0
RAKFKQLL,TRDTTYYRNSFDEQNALVEGSYIPTLNHDASQIVNDASGPHGGGNNEQF,TRDTTYY,RNSFDEQN,ALVEGSYIPT,LNHDA,SQIVND,ASGPHGGGNNEQF,0
CINGVCWTV,DSSSTYIFSNMDMAESQGNLISGHDNFVKESKASSQSPGGEQF,DSSSTY,IFSNMDM,AESQGNLI,SGHDN,FVKESK,ASSQSPGGEQF,0
GILGFVFTL,YGGTVNYFSGDPLVAANSGGSYIPTSGHVSFQNEAQASSDSAGELF,YGGTVN,YFSGDPLV,AANSGGSYIPT,SGHVS,FQNEAQ,ASSDSAGELF,0
KSKRTPMGF,DSAIYNIQSSQREAVMSMDSSYKLISGHVSFQNEAQASSLGTGLEDQPQH,DSAIYN,IQSSQRE,AVMSMDSSYKLI,SGHVS,FQNEAQ,ASSLGTGLEDQPQH,1
KLGGALQAK,TRDTTYYRNSFDEQNALSEPYNQGGKLIMGHRAYSYEKLASSQEASGRGFNEQF,TRDTTYY,RNSFDEQN,ALSEPYNQGGKLI,MGHRA,YSYEKL,ASSQEASGRGFNEQF,1
GILGFVFTL,VSGNPYYITGDNLVAVAKDLQNSGGGADGLTLNHNVYYDKDFATSYEDNSGANVLT,VSGNPY,YITGDNLV,AVAKDLQNSGGGADGLT,LNHNV,YYDKDF,ATSYEDNSGANVLT,1
SLFNTVATLY,SSVPPYYTSAATLVAVSDFKAAGNKLTSGHNSFNNNVPASSLTGLAGGRGQETQY,SSVPPY,YTSAATLV,AVSDFKAAGNKLT,SGHNS,FNNNVP,ASSLTGLAGGRGQETQY,0
KLGGALQAK,NSAFQYTYSSGNAIDLGGGSQGNLILNHDASQIVNDASSIRSSQPQH,NSAFQY,TYSSGN,AIDLGGGSQGNLI,LNHDA,SQIVND,ASSIRSSQPQH,0
RAKFKQLL,DSASNYIRSNVGEAASGYDYKLSSGHNSFNNNVPASSFSGNTGELF,DSASNY,IRSNVGE,AASGYDYKLS,SGHNS,FNNNVP,ASSFSGNTGELF,1
IVTDFSVIK,VSPFSNMTFSENTVVSAIGDYKLSMDHENSYDVKMASTFDGTYGYT,VSPFSN,MTFSENT,VVSAIGDYKLS,MDHEN,SYDVKM,ASTFDGTYGYT,1
AVFDRKSDAK,DSAIYNIQSSQREAVRPTGGFKTISGHATFQNNGVASSPSGQLEKLF,DSAIYN,IQSSQRE,AVRPTGGFKTI,SGHAT,FQNNGV,ASSPSGQLEKLF,0
KLGGALQAK,SVFSSVVTGGEVAGGGSQGNLIDFQATTSNEGSKASARDLTAGSYEQY,SVFSS,VVTGGEV,AGGGSQGNLI,DFQATT,SNEGSKA,SARDLTAGSYEQY,0
RAKFKQLL,DRGSQSIYSNGDAVGANNLFSGDLSYYNGEEASSVSAQPDTQY,DRGSQS,IYSNGD,AVGANNLF,SGDLS,YYNGEE,ASSVSAQPDTQY,0
RAKFKQLL,YGATPYYFSGDTLVAVGTFSNSGYALNMGHRAYSYEKLASSQDGIYEQY,YGATPY,YFSGDTLV,AVGTFSNSGYALN,MGHRA,YSYEKL,ASSQDGIYEQY,0
ELAGIGILTV,DSASNYIRSNVGEAASGGGSQGNLIMGHRAYSYEKLASSQEAGALGETQY,DSASNY,IRSNVGE,AASGGGSQGNLI,MGHRA,YSYEKL,ASSQEAGALGETQY,0
GILGFVFTL,DSSSTYIFSNMDMAHLGGSSNTGKLIMDHENSYDVKMAVNGGSNYGYT,DSSSTY,IFSNMDM,AHLGGSSNTGKLI,MDHEN,SYDVKM,AVNGGSNYGYT,0
ELAGIGILTV,TSINNIRSNEREATDYYGNNRLAMNHEYSVGAGIASREGQFQETQY,TSINN,IRSNERE,ATDYYGNNRLA,MNHEY,SVGAGI,ASREGQFQETQY,0
ELAGIGILTV,VSGLRGLYSAGEEAGGGSQGNLIMNHEYSMNVEVASSGSPYNEQF,VSGLRG,LYSAGEE,AGGGSQGNLI,MNHEY,SMNVEV,ASSGSPYNEQF,0
GILGFVFTL,TISGNEYGLKNNIVRGSGNTGKLISGHATFQNNGVASSLVRGGHYNEQF,TISGNEY,GLKNN,IVRGSGNTGKLI,SGHAT,FQNNGV,ASSLVRGGHYNEQF,0
ATDALMTGF,VSGNPYYITGDNLVAVNADSWGKLQSGHATFQDESVVTGQGDINEQF,VSGNPY,YITGDNLV,AVNADSWGKLQ,SGHAT,FQDESV,VTGQGDINEQF,0
GILGFVFTL,SSVPPYYTSAATLVAVSQDSNYQLISGHATFQNNGVASSWGGGSHYGYT,SSVPPY,YTSAATLV,AVSQDSNYQLI,SGHAT,FQNNGV,ASSWGGGSHYGYT,0
GILGFVFTL,TISGTDYGLTSNILRETSYDKVILNHDASQIVNDASSYHSNQPQH,TISGTDY,GLTSN,ILRETSYDKVI,LNHDA,SQIVND,ASSYHSNQPQH,1
KLGGALQAK,VGISALSSGKAAPANTGNQFYSGHNSFNNNVPASSLLWRNNEQF,VGISA,LSSGK,AAPANTGNQFY,SGHNS,FNNNVP,ASSLLWRNNEQF,0
GILGFVFTL,DRGSQSIYSNGDAVNAGNMLTLNHNVYYDKDFATSRGQGNEQY,DRGSQS,IYSNGD,AVNAGNMLT,LNHNV,YYDKDF,ATSRGQGNEQY,0
KLGGALQAK,KALYSLLKGGEQGTAMGGGSQGNLILNHDASQIVNDASSMRSTDTQY,KALYS,LLKGGEQ,GTAMGGGSQGNLI,LNHDA,SQIVND,ASSMRSTDTQY,0
KLGGALQAK,TSINNIRSNEREATDDLGLTTDSWGKFQLNHDASQIVNDASSIFGSSNQPQH,TSINN,IRSNERE,ATDDLGLTTDSWGKFQ,LNHDA,SQIVND,ASSIFGSSNQPQH,0
GLCTLVAML,DRGSQSIYSNGDAVKGGGADGLTLGHNAYSLEERASSQVEGLETQY,DRGSQS,IYSNGD,AVKGGGADGLT,LGHNA,YSLEER,ASSQVEGLETQY,0
GLCTLVAML,VGISALSSGKAVLKTSYDKVILNHDASQIVNDASSFFLAAGYP,VGISA,LSSGK,AVLKTSYDKVI,LNHDA,SQIVND,ASSFFLAAGYP,0
NLVPMVATV,DRGSQSIYSNGDAVNVGGSYIPTMNHEYSVGAGIASTQGLGAEQY,DRGSQS,IYSNGD,AVNVGGSYIPT,MNHEY,SVGAGI,ASTQGLGAEQY,0
ELAGIGILTV,DSVNNIPSGTAVEAAAGNKLTMDHENSYDVKMASSSGQGNIQY,DSVNN,IPSGT,AVEAAAGNKLT,MDHEN,SYDVKM,ASSSGQGNIQY,0
GILGFVFTL,NSASQSVYSSGVVNHFRDDKIILGHNAYSLEERASSQTGFPTTNEKLF,NSASQS,VYSSG,VVNHFRDDKII,LGHNA,YSLEER,ASSQTGFPTTNEKLF,0
GILGFVFTL,DRGSQSIYSNGDAVTGDKLISGHDYFNNNVPALSDLGGSGNTGKLI,DRGSQS,IYSNGD,AVTGDKLI,SGHDY,FNNNVP,ALSDLGGSGNTGKLI,0
AVFDRKSDAK,YSGSPEHISRALDYKAAGNKLTSGHTAFQGTGAASSQGPTGGYVSEAF,YSGSPE,HISR,ALDYKAAGNKLT,SGHTA,FQGTGA,ASSQGPTGGYVSEAF,0
KSKRTPMGF,TISGTDYGLTSNILLGTGANNLFKGHSHLQKENIASSPKLQGAWAEKLF,TISGTDY,GLTSN,ILLGTGANNLF,KGHSH,LQKENI,ASSPKLQGAWAEKLF,0
AVFDRKSDAK,ATGYPSATKADDKALSGSKAGTALISGHRSYFSETQASVRTTDSYNEQF,ATGYPS,ATKADDK,ALSGSKAGTALI,SGHRS,YFSETQ,ASVRTTDSYNEQF,0
RFPLTFGWCF,VSGNPYYITGDNLVAVAKDLQNSGGGADGLTLNHNVYYDKDFATSYEDNSGANVLT,VSGNPY,YITGDNLV,AVAKDLQNSGGGADGLT,LNHNV,YYDKDF,ATSYEDNSGANVLT,0
GILGFVFTL,DRGSQSIYSNGDAAPGGGGSQGNLISGHATFQNNGVASSFPPRLYANYGYT,DRGSQS,IYSNGD,AAPGGGGSQGNLI,SGHAT,FQNNGV,ASSFPPRLYANYGYT,1
ELAGIGILTV,DSSSTYIFSNMDMAEMEGGSYIPTPRHDTFYEKMQASSLMRGGTYNSPLH,DSSSTY,IFSNMDM,AEMEGGSYIPT,PRHDT,FYEKMQ,ASSLMRGGTYNSPLH,0
GLCTLVAML,NSASQSVYSSGVVTGGLHARLMMNHEYSVGEGTASSYSTGHEQF,NSASQS,VYSSG,VVTGGLHARLM,MNHEY,SVGEGT,ASSYSTGHEQF,0
KLGGALQAK,NIATNDYGYKTKLVGGTGTASKLTMNHNSSASEGTASRETGGVWETQY,NIATNDY,GYKTK,LVGGTGTASKLT,MNHNS,SASEGT,ASRETGGVWETQY,0
IVTDFSVIK,SVFSSVVTGGEVSGTPGLPRDDKIIMGHRAYSYEKLASSYDRGPREGYT,SVFSS,VVTGGEV,SGTPGLPRDDKII,MGHRA,YSYEKL,ASSYDRGPREGYT,0
GILGFVFTL,SVFSSVVTGGEVAGGGSQGNLISGHNTYYREEEASSSTGGGEKDQPQH,SVFSS,VVTGGEV,AGGGSQGNLI,SGHNT,YYREEE,ASSSTGGGEKDQPQH,1
AVFDRKSDAK,TRDTTYYRNSFDEQNALSLKYNFNKFYSGHNSFNNNVPASSLARTEDNYEQY,TRDTTYY,RNSFDEQN,ALSLKYNFNKFY,SGHNS,FNNNVP,ASSLARTEDNYEQY,1
AVFDRKSDAK,TTSDRLLSNGAVAVDPPVGTYKYISGHDYFNNNVPASSDPQEGQLEGSGYT,TTSDR,LLSNGAV,AVDPPVGTYKYI,SGHDY,FNNNVP,ASSDPQEGQLEGSGYT,1
RFPLTFGWCF,NSASDYIRSNMDKAENGGGGADGLTSGHDTYYEEEEASSFEGLNTGELF,NSASDY,IRSNMDK,AENGGGGADGLT,SGHDT,YYEEEE,ASSFEGLNTGELF,0
CINGVCWTV,SVFSSVVTGGEVAGAIGSSNTGKLILNHDASQIVNDASSIRAAYEQY,SVFSS,VVTGGEV,AGAIGSSNTGKLI,LNHDA,SQIVND,ASSIRAAYEQY,0
IVTDFSVIK,TRDTTYYRNSFDEQNALSEASLVDSNYQLILNHDASQIVNDASSPTSGGYNEQF,TRDTTYY,RNSFDEQN,ALSEASLVDSNYQLI,LNHDA,SQIVND,ASSPTSGGYNEQF,0
CINGVCWTV,NSMFDYISSIKDKAASGGSNYKLTLGHDTYNNKELASSQEVMTALQPDYGYT,NSMFDY,ISSIKDK,AASGGSNYKLT,LGHDT,YNNKEL,ASSQEVMTALQPDYGYT,0
SPRWYFYYL,TISGTDYGLTSNILLGTGANNLFKGHSHLQKENIASSPKLQGAWAEKLF,TISGTDY,GLTSN,ILLGTGANNLF,KGHSH,LQKENI,ASSPKLQGAWAEKLF,0
NLVPMVATV,DSASNYIRSNVGEATVPSNTGKLILNHDASQIVNDASSMRSGANVLT,DSASNY,IRSNVGE,ATVPSNTGKLI,LNHDA,SQIVND,ASSMRSGANVLT,0
GILGFVFTL,SVFSSVVTGGEVAGADQGGKLISGHTAFQGTGAASSWVVPPNEQF,SVFSS,VVTGGEV,AGADQGGKLI,SGHTA,FQGTGA,ASSWVVPPNEQF,1
NLVPMVATV,SVFSSVVTGGEVAGAIGSSNTGKLILNHDASQIVNDASSIRAAYEQY,SVFSS,VVTGGEV,AGAIGSSNTGKLI,LNHDA,SQIVND,ASSIRAAYEQY,0
DATYQRTRALVR,SSVPPYYTSAATLVAVSSRDDKLISEHNRFQNEAQASSSPGEYEKLF,SSVPPY,YTSAATLV,AVSSRDDKLI,SEHNR,FQNEAQ,ASSSPGEYEKLF,0
GILGFVFTL,TRDTTYYRNSFDEQNALSESNSGNTPLVSGDLSYYNGEEASSVDPAQETQY,TRDTTYY,RNSFDEQN,ALSESNSGNTPLV,SGDLS,YYNGEE,ASSVDPAQETQY,1
IVTDFSVIK,YGGTVNYFSGDPLVAANSGGSYIPTSGHVSFQNEAQASSDSAGELF,YGGTVN,YFSGDPLV,AANSGGSYIPT,SGHVS,FQNEAQ,ASSDSAGELF,0
AVFDRKSDAK,DSASNYIRSNVGEAASIPNQAGTALISGHNSFNNNVPASSFSGNTGELF,DSASNY,IRSNVGE,AASIPNQAGTALI,SGHNS,FNNNVP,ASSFSGNTGELF,0
CINGVCWTV,TSENNYYQEAYKQQNAFMKGAGGTSYGKLTLNHDASQIVNDASSPRSNQPQH,TSENNYY,QEAYKQQN,AFMKGAGGTSYGKLT,LNHDA,SQIVND,ASSPRSNQPQH,0
GILGFVFTL,YGATPYYFSGDTLVAVDAQAGTALILGHDTYNNKELASSQTIAYEQY,YGATPY,YFSGDTLV,AVDAQAGTALI,LGHDT,YNNKEL,ASSQTIAYEQY,0
GILGFVFTL,NSASDYIRSNMDKAEDMGGGSQGNLISGHATFQNNGVASSRDRGRHYNEQF,NSASDY,IRSNMDK,AEDMGGGSQGNLI,SGHAT,FQNNGV,ASSRDRGRHYNEQF,1
DATYQRTRALVR,NIATNDYGYKTKLVGDMAGGFKTISGHNTYYREEEASSWTQGDEQY,NIATNDY,GYKTK,LVGDMAGGFKTI,SGHNT,YYREEE,ASSWTQGDEQY,1
GILGFVFTL,VSGNPYYITGDNLVAVRDGTGANNLFLNHDASQIVNDASSRTATHGYT,VSGNPY,YITGDNLV,AVRDGTGANNLF,LNHDA,SQIVND,ASSRTATHGYT,1
GILGFVFTL,SSVPPYYTSAATLVAVIPSSGGYNKLISGHNTYYREEEASSAVLFGTEGDTQY,SSVPPY,YTSAATLV,AVIPSSGGYNKLI,SGHNT,YYREEE,ASSAVLFGTEGDTQY,0
KLGGALQAK,TSENNYYQEAYKQQNAFMSVDRGSTLGRLYMDHENSYDVKMASSYITDQETQY,TSENNYY,QEAYKQQN,AFMSVDRGSTLGRLY,MDHEN,SYDVKM,ASSYITDQETQY,0
GILGFVFTL,KALYSLLKGGEQGTDKGGGSQGNLIENHRYSYGVKDAISEDIAGDYQETQY,KALYS,LLKGGEQ,GTDKGGGSQGNLI,ENHRY,SYGVKD,AISEDIAGDYQETQY,1
GILGFVFTL,DSSSTYIFSNMDMAINQGGGATNKLIWNHNNSYGVQDASSPGRTGELF,DSSSTY,IFSNMDM,AINQGGGATNKLI,WNHNN,SYGVQD,ASSPGRTGELF,0
KLGGALQAK,DRGSQSIYSNGDAVPVQTSYDKVISGHDYFNNNVPASSSAYYGYT,DRGSQS,IYSNGD,AVPVQTSYDKVI,SGHDY,FNNNVP,ASSSAYYGYT,0
DATYQRTRALVR,NIATNDYGYKTKLVGAGNMLTMGHRAYSYEKLASSQGGQGAPYEQY,NIATNDY,GYKTK,LVGAGNMLT,MGHRA,YSYEKL,ASSQGGQGAPYEQY,0
NLVPMVATV,NSMFDYISSIKDKAASGGNNNDMRMRHNASNTAGTASSVTPSSYNEQF,NSMFDY,ISSIKDK,AASGGNNNDMR,MRHNA,SNTAGT,ASSVTPSSYNEQF,1
RAKFKQLL,DSSSTYIFSNMDMAEGETSYDKVISGHNSFNNNVPASRILDRGEAGELF,DSSSTY,IFSNMDM,AEGETSYDKVI,SGHNS,FNNNVP,ASRILDRGEAGELF,1
GILGFVFTL,DSASNYIRSNVGEAASETSYDKVISEHNRFQNEAQASSLLGQPNTEAF,DSASNY,IRSNVGE,AASETSYDKVI,SEHNR,FQNEAQ,ASSLLGQPNTEAF,0
AVFDRKSDAK,NSASDYIRSNMDKAETETSYDKVISEHNRFQNEAQASSLTELGHRADTQY,NSASDY,IRSNMDK,AETETSYDKVI,SEHNR,FQNEAQ,ASSLTELGHRADTQY,0
LLWNGPMAV,DSSSTYIFSNMDMAEMEGGSYIPTPRHDTFYEKMQASSLMRGGTYNSPLH,DSSSTY,IFSNMDM,AEMEGGSYIPT,PRHDT,FYEKMQ,ASSLMRGGTYNSPLH,0
GILGFVFTL,TRDTTYYRNSFDEQNALSESGGNYQLILNHDASQIVNDASMSSGANVLT,TRDTTYY,RNSFDEQN,ALSESGGNYQLI,LNHDA,SQIVND,ASMSSGANVLT,0
GILGFVFTL,TSGFNGNVLDGLAVKDSNYQLIMNHEYSVGEGTASSYQEGTGGETQY,TSGFNG,NVLDGL,AVKDSNYQLI,MNHEY,SVGEGT,ASSYQEGTGGETQY,0
RAKFKQLL,KTLYGLQKGGEEGAAHNYGQNFVLNHDASQIVNDASSTGLYGYT,KTLYG,LQKGGEE,GAAHNYGQNFV,LNHDA,SQIVND,ASSTGLYGYT,0
RAKFKQLL,VSGNPYYITGDNLVAVRDREKAAGNKLTMNHNSSASEGTASSEFGNEQF,VSGNPY,YITGDNLV,AVRDREKAAGNKLT,MNHNS,SASEGT,ASSEFGNEQF,0
KLGGALQAK,YSGSPEHISRALSGGSNYKLTLNHDASQIVNDASSIRSSYEQY,YSGSPE,HISR,ALSGGSNYKLT,LNHDA,SQIVND,ASSIRSSYEQY,0
GILGFVFTL,TSGFYGNALDGLAVKAAGNKLTLGHDTYNNKELASSQDLQGVKNAEAF,TSGFYG,NALDGL,AVKAAGNKLT,LGHDT,YNNKEL,ASSQDLQGVKNAEAF,0
LLWNGPMAV,YGGTVNYFSGDPLVAVNRNAGNMLTLNHDASQIVNDASSIRSSYEQY,YGGTVN,YFSGDPLV,AVNRNAGNMLT,LNHDA,SQIVND,ASSIRSSYEQY,0
GILGFVFTL,DSSSTYIFSNMDMAEWDAGKSTSGHVSFQNEAQASSLEAGNTEAF,DSSSTY,IFSNMDM,AEWDAGKST,SGHVS,FQNEAQ,ASSLEAGNTEAF,0
NLVPMVATV,ATGYPSATKADDKALSGSKAGTALISGHRSYFSETQASVRTTDSYNEQF,ATGYPS,ATKADDK,ALSGSKAGTALI,SGHRS,YFSETQ,ASVRTTDSYNEQF,0
NLVPMVATV,YGGTVNYFSGDPLVAVNAAGNDYKLSSEHNRFQNEAQASSTRTGQETQY,YGGTVN,YFSGDPLV,AVNAAGNDYKLS,SEHNR,FQNEAQ,ASSTRTGQETQY,1
GILGFVFTL,DSAIYNIQSSQREAGGGNDMRDFQATTSNEGSKASARRQRSTDTQY,DSAIYN,IQSSQRE,AGGGNDMR,DFQATT,SNEGSKA,SARRQRSTDTQY,1
NLVPMVATV,TSINNIRSNEREATDGDDYKLSLGHDTYNNKELSARDNLRANYGYT,TSINN,IRSNERE,ATDGDDYKLS,LGHDT,YNNKEL,SARDNLRANYGYT,1
GILGFVFTL,DSSSTYIFSNMDMAEMEGGSYIPTSEHNRFQNEAQASSFVDRAETQY,DSSSTY,IFSNMDM,AEMEGGSYIPT,SEHNR,FQNEAQ,ASSFVDRAETQY,0
KLGGALQAK,NIATNDYGYKTKLVVEGNRDDKIISGHNSFNNNVPASREWGGSVNEQF,NIATNDY,GYKTK,LVVEGNRDDKII,SGHNS,FNNNVP,ASREWGGSVNEQF,0
KSKRTPMGF,DSASNYIRSNVGEAASGPGDDKIIMNHEYSMNVEVASSPHFQVDTGELF,DSASNY,IRSNVGE,AASGPGDDKII,MNHEY,SMNVEV,ASSPHFQVDTGELF,0
GILGFVFTL,TSINNIRSNEREATADSWGKLQSGHRSYFSETQASSLESGDSYNEQF,TSINN,IRSNERE,ATADSWGKLQ,SGHRS,YFSETQ,ASSLESGDSYNEQF,0
RFPLTFGWCF,DRGSQSIYSNGDAVKDDKIIMGHDKSYGVNSASTGTGGFSYNEQF,DRGSQS,IYSNGD,AVKDDKII,MGHDK,SYGVNS,ASTGTGGFSYNEQF,0
AVFDRKSDAK,SVFSSVVTGGEVAGGYQKVTMNHEYSVGEGTASAALAAYNEQF,SVFSS,VVTGGEV,AGGYQKVT,MNHEY,SVGEGT,ASAALAAYNEQF,0
GILGFVFTL,DRGSQSIYSNGDAVSNTDKLILGHDTYNNKELASSPTPAGGAYEQY,DRGSQS,IYSNGD,AVSNTDKLI,LGHDT,YNNKEL,ASSPTPAGGAYEQY,0
RLRAEAQVK,SVFSSVVTGGEVAGGGFADYGGSQGNLILNHDASQIVNDASSLYSNQPQH,SVFSS,VVTGGEV,AGGGFADYGGSQGNLI,LNHDA,SQIVND,ASSLYSNQPQH,0
AVFDRKSDAK,DSASNYIRSNVGEAATPPPSYDKVISGHDYFNNNVPASSPGTFRYT,DSASNY,IRSNVGE,AATPPPSYDKVI,SGHDY,FNNNVP,ASSPGTFRYT,0
ELAGIGILTV,VSGNPYYITGDNLVAVDSSASKIIDFQATTSNEGSKASAPARSEPYEQY,VSGNPY,YITGDNLV,AVDSSASKII,DFQATT,SNEGSKA,SAPARSEPYEQY,0
KLGGALQAK,TRDTTYYRNSFDEQNALSVNYGQNFVSNHLYFYNNEIARRQGNEKLF,TRDTTYY,RNSFDEQN,ALSVNYGQNFV,SNHLY,FYNNEI,ARRQGNEKLF,0
IVTDFSVIK,SVFSSVVTGGEVAGGGSQGNLIMNHEYSVGEGTASRASMSSYNEQF,SVFSS,VVTGGEV,AGGGSQGNLI,MNHEY,SVGEGT,ASRASMSSYNEQF,0
GILGFVFTL,DRGSQSIYSNGDAVTNYGGSQGNLIKGHDRSFDVKDATRRPGQQETQY,DRGSQS,IYSNGD,AVTNYGGSQGNLI,KGHDR,SFDVKD,ATRRPGQQETQY,0
GILGFVFTL,SSNFYAMTLNGDEAFIHLEYGNKLVMNHEYSVGAGIASSTLTGAETQY,SSNFYA,MTLNGDE,AFIHLEYGNKLV,MNHEY,SVGAGI,ASSTLTGAETQY,1
GILGFVFTL,DRGSQSIYSNGDAAQGGKLIMNHEYSMNVEVASSSGTGVFLAEAF,DRGSQS,IYSNGD,AAQGGKLI,MNHEY,SMNVEV,ASSSGTGVFLAEAF,0
ELAGIGILTV,TISGNEYGLKNNIVRVTMDSNYQLILGHDTYNNKELASSQDRGATDELF,TISGNEY,GLKNN,IVRVTMDSNYQLI,LGHDT,YNNKEL,ASSQDRGATDELF,0
GILGFVFTL,VSGNPYYITGDNLVAVFFGFGNVLHMNHEYSMNVEVASSPTGGSPSPLHFG,VSGNPY,YITGDNLV,AVFFGFGNVLH,MNHEY,SMNVEV,ASSPTGGSPSPLHFG,0
ATDALMTGF,NIATNDYGYKTKLPSGTYKYISEHNRFQNEAQASSFMGQLDEQF,NIATNDY,GYKTK,LPSGTYKYI,SEHNR,FQNEAQ,ASSFMGQLDEQF,1
RAKFKQLL,DSASNYIRSNVGEAASGYDYKLSLNHDASQIVNDASSARSSYEQY,DSASNY,IRSNVGE,AASGYDYKLS,LNHDA,SQIVND,ASSARSSYEQY,0
GILGFVFTL,NSASQSVYSSGVVNTGNQFYLGHDTYNNKELASSQTSSGHQETQY,NSASQS,VYSSG,VVNTGNQFY,LGHDT,YNNKEL,ASSQTSSGHQETQY,0
GILGFVFTL,YSGSPEHISRAPIRAGNNRKLIPRHDTFYEKMQASSVVGTGGRNTEAF,YSGSPE,HISR,APIRAGNNRKLI,PRHDT,FYEKMQ,ASSVVGTGGRNTEAF,0
KLGGALQAK,TRDTTYYRNSFDEQNALSEGVGKLILNHDASQIVNDASSIRSSYEQY,TRDTTYY,RNSFDEQN,ALSEGVGKLI,LNHDA,SQIVND,ASSIRSSYEQY,0
KLGGALQAK,DSASNYIRSNVGEAASRKPDKIISGHATFQNNGVASSVISLGYGYT,DSASNY,IRSNVGE,AASRKPDKII,SGHAT,FQNNGV,ASSVISLGYGYT,0
ELAGIGILTV,TSENNYYQEAYKQQNALHTGANSKLTSGHATFQNNGVASSWGGGSHYGYT,TSENNYY,QEAYKQQN,ALHTGANSKLT,SGHAT,FQNNGV,ASSWGGGSHYGYT,0
HPVTKYIM,TSGFNGNVLDGLAVNEGDYKLSDFQATTSNEGSKASARHLSGIEQF,TSGFNG,NVLDGL,AVNEGDYKLS,DFQATT,SNEGSKA,SARHLSGIEQF,0
RAKFKQLL,ATGYPSATKADDKALLNRDDKIISEHNRFQNEAQASSFVDRVYEQY,ATGYPS,ATKADDK,ALLNRDDKII,SEHNR,FQNEAQ,ASSFVDRVYEQY,1
RAKFKQLL,YGATPYYFSGDTLVAVGLFNFNKFYDFQATTSNEGSKASARDRVGNTIY,YGATPY,YFSGDTLV,AVGLFNFNKFY,DFQATT,SNEGSKA,SARDRVGNTIY,0
RAKFKQLL,NSASDYIRSNMDKAEKDDKIISGHDNFVKESKASSFQGLGTEAF,NSASDY,IRSNMDK,AEKDDKII,SGHDN,FVKESK,ASSFQGLGTEAF,0
CINGVCWTV,DRGSQSIYSNGDAMNPAWGGATNKLISGHATFQNNGVASSLNRGDPEAF,DRGSQS,IYSNGD,AMNPAWGGATNKLI,SGHAT,FQNNGV,ASSLNRGDPEAF,0
ELAGIGILTV,VSGNPYYITGDNLVAVRDGTGANNLFLNHDASQIVNDASNPSSTDTQY,VSGNPY,YITGDNLV,AVRDGTGANNLF,LNHDA,SQIVND,ASNPSSTDTQY,0
GLCTLVAML,DSVNNIPSGTAVIASGGSYIPTMNHEYSVGEGTASSLVAGGPPEQY,DSVNN,IPSGT,AVIASGGSYIPT,MNHEY,SVGEGT,ASSLVAGGPPEQY,0
IVTDFSVIK,DSASNYIRSNVGEAASETSYDKVISEHNRFQNEAQASSLLGQPNTEAF,DSASNY,IRSNVGE,AASETSYDKVI,SEHNR,FQNEAQ,ASSLLGQPNTEAF,0
RAKFKQLL,TISGTDYGLTSNILRPREDRGSTLGRLYSQVTMANQGSEASVRQGARDNEQF,TISGTDY,GLTSN,ILRPREDRGSTLGRLY,SQVTM,ANQGSEA,SVRQGARDNEQF,0
AVFDRKSDAK,TSINNIRSNEREATDVNNDMRLNHDASQIVNDASSIDPPYEQY,TSINN,IRSNERE,ATDVNNDMR,LNHDA,SQIVND,ASSIDPPYEQY,0
ELAGIGILTV,SSNFYAMTLNGDEAFEKLSMDHENSYDVKMASSFQGTSYEQY,SSNFYA,MTLNGDE,AFEKLS,MDHEN,SYDVKM,ASSFQGTSYEQY,0
RAKFKQLL,NSASDYIRSNMDKADSGGGADGLTMNHEYSVGAGIASSYSVLRTSGPRGGQY,NSASDY,IRSNMDK,ADSGGGADGLT,MNHEY,SVGAGI,ASSYSVLRTSGPRGGQY,1
GLCTLVAML,SVFSSVVTGGEVAGAKGAQKLVSQVTMANQGSEASVGSGDYEQY,SVFSS,VVTGGEV,AGAKGAQKLV,SQVTM,ANQGSEA,SVGSGDYEQY,0
SPRWYFYYL,NSASDYIRSNMDKAETHSGGSNYKLTDFQATTSNEGSKASARDLGTSKQYEQY,NSASDY,IRSNMDK,AETHSGGSNYKLT,DFQATT,SNEGSKA,SARDLGTSKQYEQY,0
HPVTKYIM,DRGSQSIYSNGDAVLTLNARLMSGHDYFNNNVPASLPTGTNTGELF,DRGSQS,IYSNGD,AVLTLNARLM,SGHDY,FNNNVP,ASLPTGTNTGELF,0
RAKFKQLL,TSGFYGNALDGLAVRDQWAGNTPLVMNHEYSVGAGIASSYEAGPANEQF,TSGFYG,NALDGL,AVRDQWAGNTPLV,MNHEY,SVGAGI,ASSYEAGPANEQF,0
IVTDFSVIK,YGGTVNYFSGDPLVAVIPGSNYQLILNHDASQIVNDASSDRSNTEAF,YGGTVN,YFSGDPLV,AVIPGSNYQLI,LNHDA,SQIVND,ASSDRSNTEAF,0
RAKFKQLL,DRGSQSIYSNGDAVGIGFGNVLHMNHEYSMNVEVASSFGQGLSEQF,DRGSQS,IYSNGD,AVGIGFGNVLH,MNHEY,SMNVEV,ASSFGQGLSEQF,0
KLGGALQAK,NSASQSVYSSGVVGDDKIISGDLSYYNGEEASSGGTADTQY,NSASQS,VYSSG,VVGDDKII,SGDLS,YYNGEE,ASSGGTADTQY,0
KLGGALQAK,NIATNDYGYKTKLVGDGAGYSTLTLNHDASQIVNDASSVALGNQETQY,NIATNDY,GYKTK,LVGDGAGYSTLT,LNHDA,SQIVND,ASSVALGNQETQY,0
GLCTLVAML,TRDTTYYRNSFDEQNALSVNYGQNFVSNHLYFYNNEIARRQGNEKLF,TRDTTYY,RNSFDEQN,ALSVNYGQNFV,SNHLY,FYNNEI,ARRQGNEKLF,0
IVTDFSVIK,DSAIYNIQSSQREATLNAGGTSYGKLTKGHDRSFDVKDATSDLRDRGYEQY,DSAIYN,IQSSQRE,ATLNAGGTSYGKLT,KGHDR,SFDVKD,ATSDLRDRGYEQY,1
LLWNGPMAV,DRGSQSIYSNGDAVPGGGGSQGNLILNHDASQIVNDASSMRSTNEQF,DRGSQS,IYSNGD,AVPGGGGSQGNLI,LNHDA,SQIVND,ASSMRSTNEQF,0
NLVPMVATV,DSSSTYIFSNMDMAEIHARLMDFQATTSNEGSKASARDGNREWLH,DSSSTY,IFSNMDM,AEIHARLM,DFQATT,SNEGSKA,SARDGNREWLH,0
CINGVCWTV,DSASNYIRSNVGEAAQGSQGNLILNHDASQIVNDASSTFGANVLT,DSASNY,IRSNVGE,AAQGSQGNLI,LNHDA,SQIVND,ASSTFGANVLT,0
ELAGIGILTV,DSASNYIRSNVGEAAAETSYDKVISGHNSFNNNVPASSNSGANVLT,DSASNY,IRSNVGE,AAAETSYDKVI,SGHNS,FNNNVP,ASSNSGANVLT,0
GLCTLVAML,DSSSTYIFSNMDMAESLWDDKIISGHDYFNNNVPASRPSGGAETQY,DSSSTY,IFSNMDM,AESLWDDKII,SGHDY,FNNNVP,ASRPSGGAETQY,0
RAKFKQLL,DRGSQSIYSNGDAVNTDSGNTPLVSGHATFQNNGVASSLTQGGYTDTQY,DRGSQS,IYSNGD,AVNTDSGNTPLV,SGHAT,FQNNGV,ASSLTQGGYTDTQY,0
RAKFKQLL,NSASDYIRSNMDKAENSGGGADGLTMDHENSYDVKMASRPGQSFYEQY,NSASDY,IRSNMDK,AENSGGGADGLT,MDHEN,SYDVKM,ASRPGQSFYEQY,0
GILGFVFTL,YGGTVNYFSGDPLVAVNAAGNDYKLSSEHNRFQNEAQASSTRTGQETQY,YGGTVN,YFSGDPLV,AVNAAGNDYKLS,SEHNR,FQNEAQ,ASSTRTGQETQY,0
AVFDRKSDAK,TSGFNGNVLDGLAVEAAGNKLTLGHNAYNFKEQASSQTTRQSNTEAF,TSGFNG,NVLDGL,AVEAAGNKLT,LGHNA,YNFKEQ,ASSQTTRQSNTEAF,1
IVTDFSVIK,SSYSPSYTSAATLVVVTSYGGATNKLIMNHNSSASEGTASSLPGLAIPYEQY,SSYSPS,YTSAATLV,VVTSYGGATNKLI,MNHNS,SASEGT,ASSLPGLAIPYEQY,1
IVTDFSVIK,TTLSNLVKSGEVAGPEEGGSQGNLILNHDASQIVNDASSGRSTDTQY,TTLSN,LVKSGEV,AGPEEGGSQGNLI,LNHDA,SQIVND,ASSGRSTDTQY,0
KLGGALQAK,NIATNDYGYKTKLVGEGPSGGYQKVTLNHNVYYDKDFATGTSGKDNEQF,NIATNDY,GYKTK,LVGEGPSGGYQKVT,LNHNV,YYDKDF,ATGTSGKDNEQF,0
ELAGIGILTV,DRGSQSIYSNGDAVNGASKIIMNHEYSMNVEVASGSGRLAEQY,DRGSQS,IYSNGD,AVNGASKII,MNHEY,SMNVEV,ASGSGRLAEQY,0
RAKFKQLL,TSINNIRSNEREALRRGYGNNRLAMDHENSYDVKMASSSWDIQTNTGELF,TSINN,IRSNERE,ALRRGYGNNRLA,MDHEN,SYDVKM,ASSSWDIQTNTGELF,0
RAKFKQLL,DSSSTYIFSNMDMAESEGPTYTDKLISGHKSYYEKEEASSGPGGVDEQY,DSSSTY,IFSNMDM,AESEGPTYTDKLI,SGHKS,YYEKEE,ASSGPGGVDEQY,1
RLPGVLPRA,TTLSNLVKSGEVAVTGGFKTILGHDTYNNKELASSQGGSSSEKLF,TTLSN,LVKSGEV,AVTGGFKTI,LGHDT,YNNKEL,ASSQGGSSSEKLF,0
NLVPMVATV,VSGLRGLYSAGEEAVTYNNNDMRSNHLYFYNNEIAAGTRTDTQY,VSGLRG,LYSAGEE,AVTYNNNDMR,SNHLY,FYNNEI,AAGTRTDTQY,1
GPRLGVRAT,DRGSQSIYSNGDAVLTLNARLMSGHDYFNNNVPASLPTGTNTGELF,DRGSQS,IYSNGD,AVLTLNARLM,SGHDY,FNNNVP,ASLPTGTNTGELF,0
GILGFVFTL,NSASDYIRSNMDKADSGGGADGLTSGHDTYYEEEEASSSTLYGSYNEQF,NSASDY,IRSNMDK,ADSGGGADGLT,SGHDT,YYEEEE,ASSSTLYGSYNEQF,0
LLWNGPMAV,KALYSLLKGGEQGTENSGGSNYKLTSNHLYFYNNEIATETGSPL,KALYS,LLKGGEQ,GTENSGGSNYKLT,SNHLY,FYNNEI,ATETGSPL,0
AVFDRKSDAK,DSASNYIRSNVGEAVVPGNTGKLILNHDASQIVNDASSIRSGESRAF,DSASNY,IRSNVGE,AVVPGNTGKLI,LNHDA,SQIVND,ASSIRSGESRAF,0
CINGVCWTV,TISGTDYGLTSNIRGGNTPLVPRHDTFYEKMQASSPGLAGTGYEQY,TISGTDY,GLTSN,IRGGNTPLV,PRHDT,FYEKMQ,ASSPGLAGTGYEQY,0
IVTDFSVIK,SSVSVYYLSGSTLVKAPLVMNHEYSMNVEVASREGSYPKNIQY,SSVSVY,YLSGSTLV,KAPLV,MNHEY,SMNVEV,ASREGSYPKNIQY,0
AVFDRKSDAK,SSVSVYYLSGSTLVAGGGYGKLTMNHEYSMNVEVASRGGGQGGSYGYT,SSVSVY,YLSGSTLV,AGGGYGKLT,MNHEY,SMNVEV,ASRGGGQGGSYGYT,0
RAKFKQLL,DRGSQSIYSNGDAVNRGYGGSQGNLILNHDASQIVNDASSMRASVEQY,DRGSQS,IYSNGD,AVNRGYGGSQGNLI,LNHDA,SQIVND,ASSMRASVEQY,0
RAKFKQLL,NYSPAYIRENEKEALVTGYSTLTSGHNTYYREEEASSSGTSGSGSYNEQF,NYSPAY,IRENEKE,ALVTGYSTLT,SGHNT,YYREEE,ASSSGTSGSGSYNEQF,0
AVFDRKSDAK,SVFSSVVTGGEVAGGEAGNMLTMDHENSYDVKMASLGIPYEQY,SVFSS,VVTGGEV,AGGEAGNMLT,MDHEN,SYDVKM,ASLGIPYEQY,0
CINGVCWTV,TSESDYYQEAYKQQNALYTGNQFYMGHDKSYGVNSASSDPSSVGRSTDTQY,TSESDYY,QEAYKQQN,ALYTGNQFY,MGHDK,SYGVNS,ASSDPSSVGRSTDTQY,1
GPRLGVRAT,SVFSSVVTGGEVAGGGFADYGGSQGNLILNHDASQIVNDASSLYSNQPQH,SVFSS,VVTGGEV,AGGGFADYGGSQGNLI,LNHDA,SQIVND,ASSLYSNQPQH,0
GILGFVFTL,DRGSQSIYSNGDAVSGNEKLTSGDLSYYNGEEASSVYLSGNTIY,DRGSQS,IYSNGD,AVSGNEKLT,SGDLS,YYNGEE,ASSVYLSGNTIY,0
GILGFVFTL,DSAIYNIQSSQREATLNAGGTSYGKLTKGHDRSFDVKDATSDLRDRGYEQY,DSAIYN,IQSSQRE,ATLNAGGTSYGKLT,KGHDR,SFDVKD,ATSDLRDRGYEQY,0
GILGFVFTL,TRDTTYYRNSFDEQNALKGNTGTASKLTSGDLSYYNGEEASSVELSTDTQY,TRDTTYY,RNSFDEQN,ALKGNTGTASKLT,SGDLS,YYNGEE,ASSVELSTDTQY,0
GILGFVFTL,DSASNYIRSNVGEAASEGGFKTISGHATFQNNGVASSLGTGENEQY,DSASNY,IRSNVGE,AASEGGFKTI,SGHAT,FQNNGV,ASSLGTGENEQY,0
RAKFKQLL,TRDTTYYRNSFDEQNALSDPYSGAGSYQLTSGHVSFQNEAQASSLAVLGETQY,TRDTTYY,RNSFDEQN,ALSDPYSGAGSYQLT,SGHVS,FQNEAQ,ASSLAVLGETQY,1
GILGFVFTL,TRDTTYYRNSFDEQNALSGTRSGNTPLVLNHDASQIVNDASSGGQAAWGSVGSGELF,TRDTTYY,RNSFDEQN,ALSGTRSGNTPLV,LNHDA,SQIVND,ASSGGQAAWGSVGSGELF,0
GLCTLVAML,DSASNYIRSNVGEAAKEGYSTLTSGDLSYYNGEEASSEGDRVTEAF,DSASNY,IRSNVGE,AAKEGYSTLT,SGDLS,YYNGEE,ASSEGDRVTEAF,0
ELAGIGILTV,YSGSPEHISRALPNAGGTSYGKLTDFQATTSNEGSKASAYKLAGIGADTQY,YSGSPE,HISR,ALPNAGGTSYGKLT,DFQATT,SNEGSKA,SAYKLAGIGADTQY,0
GILGFVFTL,TSENNYYQEAYKQQNAFMKLESYMDSNYQLIMNHEYSVGEGTASSYLGDIQFNQPQH,TSENNYY,QEAYKQQN,AFMKLESYMDSNYQLI,MNHEY,SVGEGT,ASSYLGDIQFNQPQH,0
GILGFVFTL,SSVPPYYTSAATLVAVSTDSGSARQLTLGHNAYNFKEQASSPGLGTYEQY,SSVPPY,YTSAATLV,AVSTDSGSARQLT,LGHNA,YNFKEQ,ASSPGLGTYEQY,0
LLWNGPMAV,NSASQSVYSSGVVNKGNDMRSNHLYFYNNEIASQDTNTGELF,NSASQS,VYSSG,VVNKGNDMR,SNHLY,FYNNEI,ASQDTNTGELF,0
RAKFKQLL,YGATPYYFSGDTLVAVTRDDKIILNHDASQIVNDASSIYSNQPQH,YGATPY,YFSGDTLV,AVTRDDKII,LNHDA,SQIVND,ASSIYSNQPQH,0
RAKFKQLL,TTLSNLVKSGEVAVTGGFKTILGHDTYNNKELASSQGGSSSEKLF,TTLSN,LVKSGEV,AVTGGFKTI,LGHDT,YNNKEL,ASSQGGSSSEKLF,0
RAKFKQLL,SSVSVYYLSGSTLVAVSDAGNTPLVSGHATFQNNGVASSWQAVSGNTIY,SSVSVY,YLSGSTLV,AVSDAGNTPLV,SGHAT,FQNNGV,ASSWQAVSGNTIY,0
GILGFVFTL,TRDTTYYRNSFDEQNALSEPYNQGGKLIMGHRAYSYEKLASSQEASGRGFNEQF,TRDTTYY,RNSFDEQN,ALSEPYNQGGKLI,MGHRA,YSYEKL,ASSQEASGRGFNEQF,0
ELAGIGILTV,TRDTTYYRNSFDEQNALSPRPGRRALTMNHEYSVGAGIASSFGQNTGELF,TRDTTYY,RNSFDEQN,ALSPRPGRRALT,MNHEY,SVGAGI,ASSFGQNTGELF,1
AVFDRKSDAK,TTSDRLLSNGAVAVAILTGGGNKLTLGHNAYNFKEQASKPGQGGYEQY,TTSDR,LLSNGAV,AVAILTGGGNKLT,LGHNA,YNFKEQ,ASKPGQGGYEQY,0
RAKFKQLL,DSVNNIPSGTAGSPSNTGKLISEHNRFQNEAQASSTSEGGLFYEQY,DSVNN,IPSGT,AGSPSNTGKLI,SEHNR,FQNEAQ,ASSTSEGGLFYEQY,0
KLGGALQAK,YSGSPEHISRALRGYGQNFVLGHNAYSLEERASSQDAPGQGSDEQF,YSGSPE,HISR,ALRGYGQNFV,LGHNA,YSLEER,ASSQDAPGQGSDEQF,0
RAKFKQLL,TRDTTYYRNSFDEQNALSGEGGSEKLVMGHDKSYGVNSASSETGFGNQPQH,TRDTTYY,RNSFDEQN,ALSGEGGSEKLV,MGHDK,SYGVNS,ASSETGFGNQPQH,0
GILGFVFTL,DRGSQSIYSNGDAVNQGGKLIMDHENSYDVKMASTTSGLSTDTQY,DRGSQS,IYSNGD,AVNQGGKLI,MDHEN,SYDVKM,ASTTSGLSTDTQY,0
GILGFVFTL,TSGFNGNVLDGLAVRSTWDPMIKAAGNKLTKGHSHLQKENIASSEDRTYEQY,TSGFNG,NVLDGL,AVRSTWDPMIKAAGNKLT,KGHSH,LQKENI,ASSEDRTYEQY,0
YLQPRTFLL,TSINNIRSNEREATPLDSWGKLQLGHDTYNNKELASSHRTTYNEQF,TSINN,IRSNERE,ATPLDSWGKLQ,LGHDT,YNNKEL,ASSHRTTYNEQF,0
KLGGALQAK,NIATNDYGYKTKLVGASNTGNQFYLGHDTYNNKELASSQEAGAWGEQY,NIATNDY,GYKTK,LVGASNTGNQFY,LGHDT,YNNKEL,ASSQEAGAWGEQY,0
GILGFVFTL,ATGYPSATKADDKALLNRDDKIISEHNRFQNEAQASSFVDRVYEQY,ATGYPS,ATKADDK,ALLNRDDKII,SEHNR,FQNEAQ,ASSFVDRVYEQY,0
IVTDFSVIK,DSSSTYIFSNMDMAETQDSNYQLIMNHEYSMNVEVASGQGSQPQH,DSSSTY,IFSNMDM,AETQDSNYQLI,MNHEY,SMNVEV,ASGQGSQPQH,0
GILGFVFTL,TSESDYYQEAYKQQNAYSKLKAAGNKLTSGHDNFVKESKASSQREGTDTQY,TSESDYY,QEAYKQQN,AYSKLKAAGNKLT,SGHDN,FVKESK,ASSQREGTDTQY,0
LLWNGPMAV,TSGFYGNALDGLAVRDQDYGQNFVSGHDTYYEEEEASRDRGVGSPLH,TSGFYG,NALDGL,AVRDQDYGQNFV,SGHDT,YYEEEE,ASRDRGVGSPLH,1
KLGGALQAK,TISGTDYGLTSNIAHGGGGADGLTKGHDRSFDVKDATSDGLAGGWANVLT,TISGTDY,GLTSN,IAHGGGGADGLT,KGHDR,SFDVKD,ATSDGLAGGWANVLT,0
ELAGIGILTV,DRGSQSIYSNGDALIDPGSGGGADGLTFGMNHNSSASEGTASSETQMNTEAFFG,DRGSQS,IYSNGD,ALIDPGSGGGADGLTFG,MNHNS,SASEGT,ASSETQMNTEAFFG,1
KLGGALQAK,DSSSTYIFSNMDMAESLWDDKIISGDLSYYNGEEASSKWDSRNGYT,DSSSTY,IFSNMDM,AESLWDDKII,SGDLS,YYNGEE,ASSKWDSRNGYT,0
VLFGLGFAI,SSVPPYYTSAATLVAVSTDSGSARQLTLGHNAYNFKEQASSPGLGTYEQY,SSVPPY,YTSAATLV,AVSTDSGSARQLT,LGHNA,YNFKEQ,ASSPGLGTYEQY,0
CINGVCWTV,SIFNTLYKAGELAGQLSGGYQKVTDFQATTSNEGSKASARDQLREDNYGYT,SIFNT,LYKAGEL,AGQLSGGYQKVT,DFQATT,SNEGSKA,SARDQLREDNYGYT,0
NLVPMVATV,TRDTTYYRNSFDEQNALSEGVGKLILNHDASQIVNDASSIRSSYEQY,TRDTTYY,RNSFDEQN,ALSEGVGKLI,LNHDA,SQIVND,ASSIRSSYEQY,0
CINGVCWTV,DRGSQSIYSNGDAGDSGGGSQGNLILNHDASQIVNDASSIRSNTEAF,DRGSQS,IYSNGD,AGDSGGGSQGNLI,LNHDA,SQIVND,ASSIRSNTEAF,0
GILGFVFTL,VSGLRGLYSAGEEAVQAGSNYQLILGHDTYNNKELASSQRVGLAGKETQY,VSGLRG,LYSAGEE,AVQAGSNYQLI,LGHDT,YNNKEL,ASSQRVGLAGKETQY,0
AVFDRKSDAK,YGGTVNYFSGDPLVAVSARLNTDKLISGHNSFNNNVPASSFSGNTGELF,YGGTVN,YFSGDPLV,AVSARLNTDKLI,SGHNS,FNNNVP,ASSFSGNTGELF,0
AVFDRKSDAK,DSSSTYIFSNMDMAEWGNTGRRALTSEHNRFQNEAQASSFIDNEQF,DSSSTY,IFSNMDM,AEWGNTGRRALT,SEHNR,FQNEAQ,ASSFIDNEQF,1
IVTDFSVIK,NIATNDYGYKTKLVGDPFYSSASKIISGHNSFNNNVPASSFSGNTGELF,NIATNDY,GYKTK,LVGDPFYSSASKII,SGHNS,FNNNVP,ASSFSGNTGELF,0
RAKFKQLL,ATGYPSATKADDKALSDRENYGGSQGNLISGDLSYYNGEEASSVGWGGTYEQY,ATGYPS,ATKADDK,ALSDRENYGGSQGNLI,SGDLS,YYNGEE,ASSVGWGGTYEQY,0
KLGGALQAK,KALYSLLKGGEQGTDKGGGSQGNLIENHRYSYGVKDAISEDIAGDYQETQY,KALYS,LLKGGEQ,GTDKGGGSQGNLI,ENHRY,SYGVKD,AISEDIAGDYQETQY,0
AVFDRKSDAK,TSGFNGNVLDGLAVKDSNYQLIMDHENSYDVKMASSFGRLSGANVLT,TSGFNG,NVLDGL,AVKDSNYQLI,MDHEN,SYDVKM,ASSFGRLSGANVLT,0
GILGFVFTL,TRDTTYYRNSFDEQNALSRDVANSKLTSGHVSFQNEAQASSLGGGRPQH,TRDTTYY,RNSFDEQN,ALSRDVANSKLT,SGHVS,FQNEAQ,ASSLGGGRPQH,0
CINGVCWTV,VSPFSNMTFSENTVVSGNNNARLMLGHNAYNFKEQASSQETGYNEQF,VSPFSN,MTFSENT,VVSGNNNARLM,LGHNA,YNFKEQ,ASSQETGYNEQF,0
NLVPMVATV,TSINNIRSNEREATDPLFGNNRLALNHDASQIVNDASSTLNEQF,TSINN,IRSNERE,ATDPLFGNNRLA,LNHDA,SQIVND,ASSTLNEQF,0
YLQPRTFLL,DRGSQSIYSNGDAVKWEYGNKLVMNHEYSMNVEVASSLIANEKLF,DRGSQS,IYSNGD,AVKWEYGNKLV,MNHEY,SMNVEV,ASSLIANEKLF,0
GILGFVFTL,DRGSQSIYSNGDAVKWEYGNKLVMNHEYSMNVEVASSLIANEKLF,DRGSQS,IYSNGD,AVKWEYGNKLV,MNHEY,SMNVEV,ASSLIANEKLF,0
GILGFVFTL,DRGSQSIYSNGDAVPSGGYNKLILGHNTFRNRAPASGLDSSSGNTIY,DRGSQS,IYSNGD,AVPSGGYNKLI,LGHNT,FRNRAP,ASGLDSSSGNTIY,0
CTELKLSDY,TRDTTYYRNSFDEQNALSGDTGNQFYKGHSHLQKENIASSPSQGGNTDTQY,TRDTTYY,RNSFDEQN,ALSGDTGNQFY,KGHSH,LQKENI,ASSPSQGGNTDTQY,0
ELAGIGILTV,TSGFNGNVLDGLAVYSGGYQKVTSGDLSYYNGEEASSVDLGGETQY,TSGFNG,NVLDGL,AVYSGGYQKVT,SGDLS,YYNGEE,ASSVDLGGETQY,0
FEDLRLLSF,SVFSSVVTGGEVAGGGFADYGGSQGNLILNHDASQIVNDASSLYSNQPQH,SVFSS,VVTGGEV,AGGGFADYGGSQGNLI,LNHDA,SQIVND,ASSLYSNQPQH,0
GILGFVFTL,NIATNDYGYKTKLVGAANQAGTALISGHATFQNNGVASSLEASGSWGELF,NIATNDY,GYKTK,LVGAANQAGTALI,SGHAT,FQNNGV,ASSLEASGSWGELF,0
KLGGALQAK,SVFSSVVTGGEVAGAGSQGNLILNHDASQIVNDAGRGTDDYGYT,SVFSS,VVTGGEV,AGAGSQGNLI,LNHDA,SQIVND,AGRGTDDYGYT,0
RAKFKQLL,DRGSQSIYSNGDAVINYQLISEHNRFQNEAQASSLDRDASYNEQF,DRGSQS,IYSNGD,AVINYQLI,SEHNR,FQNEAQ,ASSLDRDASYNEQF,0
IVTDFSVIK,SSYSPSYTSAATLVVVSAGSIVSGGYNKLIENHRYSYGVKDAIRDKMNTEAF,SSYSPS,YTSAATLV,VVSAGSIVSGGYNKLI,ENHRY,SYGVKD,AIRDKMNTEAF,0
IVTDFSVIK,SIFNTLYKAGELAGHTGNQFYSGHATFQNNGVASSLEGQLFYEQY,SIFNT,LYKAGEL,AGHTGNQFY,SGHAT,FQNNGV,ASSLEGQLFYEQY,1
KLGGALQAK,DSSSTYIFSNMDMAEMEGGSYIPTPRHDTFYEKMQASSLMRGGTYNSPLH,DSSSTY,IFSNMDM,AEMEGGSYIPT,PRHDT,FYEKMQ,ASSLMRGGTYNSPLH,0
GILGFVFTL,DSASNYIRSNVGEAATETSYDKVISGHNSFNNNVPASLLVGAGGAEQF,DSASNY,IRSNVGE,AATETSYDKVI,SGHNS,FNNNVP,ASLLVGAGGAEQF,0
CTELKLSDY,TTLSNLVKSGEVAGSIMNYGGSQGNLISGDLSYYNGEEASSVSSGLYYEQY,TTLSN,LVKSGEV,AGSIMNYGGSQGNLI,SGDLS,YYNGEE,ASSVSSGLYYEQY,1
LLWNGPMAV,TSGFNGNVLDGLAVKDSNYQLIMNHEYSVGEGTASSYQEGTGGETQY,TSGFNG,NVLDGL,AVKDSNYQLI,MNHEY,SVGEGT,ASSYQEGTGGETQY,0
RLPGVLPRA,TSINNIRSNEREAPSLMDTGRRALTSGHNSFNNNVPASSFGGDGYNEQF,TSINN,IRSNERE,APSLMDTGRRALT,SGHNS,FNNNVP,ASSFGGDGYNEQF,1
CINGVCWTV,DRGSQSIYSNGDAVGTAWRSGGGADGLTLNHDASQIVNDASSRRSSGELF,DRGSQS,IYSNGD,AVGTAWRSGGGADGLT,LNHDA,SQIVND,ASSRRSSGELF,0
AVFDRKSDAK,TRDTTYYRNSFDEQNALTDYSGAGSYQLTDFQATTSNEGSKASALPPLAGGHTDTQY,TRDTTYY,RNSFDEQN,ALTDYSGAGSYQLT,DFQATT,SNEGSKA,SALPPLAGGHTDTQY,1
ELAGIGILTV,VSGNPYYITGDNLVAVRDDLWGGATNKLILNHDASQIVNDASSYGTGSADTQY,VSGNPY,YITGDNLV,AVRDDLWGGATNKLI,LNHDA,SQIVND,ASSYGTGSADTQY,0
GLCTLVAML,DSASNYIRSNVGEAAQPPTGNQFYSGHATFQNNGVASSFLTGQGETQY,DSASNY,IRSNVGE,AAQPPTGNQFY,SGHAT,FQNNGV,ASSFLTGQGETQY,0
GILGFVFTL,YGATPYYFSGDTLVAVFLYGNNRLASGHNSFNNNVPASSFLDRGPNTEAF,YGATPY,YFSGDTLV,AVFLYGNNRLA,SGHNS,FNNNVP,ASSFLDRGPNTEAF,0
IVTDFSVIK,DSSSTYIFSNMDMAEDSNARLMDFQATTSNEGSKASARDPYRASNQPQH,DSSSTY,IFSNMDM,AEDSNARLM,DFQATT,SNEGSKA,SARDPYRASNQPQH,0
GILGFVFTL,TSINNIRSNEREATDAGGGSQGNLILNHDASQIVNDASMGLAGLNEQF,TSINN,IRSNERE,ATDAGGGSQGNLI,LNHDA,SQIVND,ASMGLAGLNEQF,1
IVTDFSVIK,DRGSQSIYSNGDAVNEGLGSARQLTKGHDRSFDVKDATSDSSGGSGYT,DRGSQS,IYSNGD,AVNEGLGSARQLT,KGHDR,SFDVKD,ATSDSSGGSGYT,0
LLWNGPMAV,DRGSQSIYSNGDAVIAGKSTLNHNVYYDKDFATSGRTGGGEQY,DRGSQS,IYSNGD,AVIAGKST,LNHNV,YYDKDF,ATSGRTGGGEQY,1
IVTDFSVIK,VSGLRGLYSAGEEAVQARNNAGNMLTLNHDASQIVNDASSIVKLAGGTYEQY,VSGLRG,LYSAGEE,AVQARNNAGNMLT,LNHDA,SQIVND,ASSIVKLAGGTYEQY,0
KLGGALQAK,VSNAYNGSKPAVPFSGGYNKLIMNHEYSVGEGTASSKTGTSSYNEQF,VSNAYN,GSKP,AVPFSGGYNKLI,MNHEY,SVGEGT,ASSKTGTSSYNEQF,0
ELAGIGILTV,DRGSQSIYSNGDAVNDYKLSLGHNAYSLEERASSPNSAGGTEAF,DRGSQS,IYSNGD,AVNDYKLS,LGHNA,YSLEER,ASSPNSAGGTEAF,0
AVFDRKSDAK,DSAIYNIQSSQREAVDSNAGNMLTMNHEYSMNVEVASSPPGGAYEQY,DSAIYN,IQSSQRE,AVDSNAGNMLT,MNHEY,SMNVEV,ASSPPGGAYEQY,0
AVFDRKSDAK,DSAIYNIQSSQREAVLNNAGNMLTLGHNAYSLEERASSQDFLSNQPQH,DSAIYN,IQSSQRE,AVLNNAGNMLT,LGHNA,YSLEER,ASSQDFLSNQPQH,0
KLGGALQAK,DRGSQSIYSNGDAVISTDKLIMNHEYSMNVEVASSLSTPQNEQF,DRGSQS,IYSNGD,AVISTDKLI,MNHEY,SMNVEV,ASSLSTPQNEQF,1
KLGGALQAK,DRGSQSIYSNGDAVNWEEQGGSYIPTSGHATFQNNGVASNPTGVGDEKLF,DRGSQS,IYSNGD,AVNWEEQGGSYIPT,SGHAT,FQNNGV,ASNPTGVGDEKLF,1
SLFNTVATLY,TSGFNGNVLDGLAAMDSNYQLIDFQATTSNEGSKASARGLAGYNEQF,TSGFNG,NVLDGL,AAMDSNYQLI,DFQATT,SNEGSKA,SARGLAGYNEQF,1
NLVPMVATV,DSASNYIRSNVGEAAQGSQGNLILNHDASQIVNDASSTFGANVLT,DSASNY,IRSNVGE,AAQGSQGNLI,LNHDA,SQIVND,ASSTFGANVLT,0
AVFDRKSDAK,NSASDYIRSNMDKAETHSGGSNYKLTDFQATTSNEGSKASARDLGTSKQYEQY,NSASDY,IRSNMDK,AETHSGGSNYKLT,DFQATT,SNEGSKA,SARDLGTSKQYEQY,0
NLVPMVATV,DRGSQSIYSNGDAVNRGYGGSQGNLILNHDASQIVNDASSMRASVEQY,DRGSQS,IYSNGD,AVNRGYGGSQGNLI,LNHDA,SQIVND,ASSMRASVEQY,0
RLPGVLPRA,SSVSVYYLSGSTLVAVSDPDTDKLIMNHNSSASEGTASSDWTNTGELF,SSVSVY,YLSGSTLV,AVSDPDTDKLI,MNHNS,SASEGT,ASSDWTNTGELF,0
ELAGIGILTV,TSINNIRSNEREATDARNTDKLIMGHRAYSYEKLASSPRRVGLAGVNGTDTQY,TSINN,IRSNERE,ATDARNTDKLI,MGHRA,YSYEKL,ASSPRRVGLAGVNGTDTQY,0
ATDALMTGF,DSAIYNIQSSQREAVNYGGSQGNLISGHATFQNNGVASRLLGQLETQY,DSAIYN,IQSSQRE,AVNYGGSQGNLI,SGHAT,FQNNGV,ASRLLGQLETQY,1
RAKFKQLL,YGGTVNYFSGDPLVAVTGGFKTISGHATFQNNGVASSLYNEQF,YGGTVN,YFSGDPLV,AVTGGFKTI,SGHAT,FQNNGV,ASSLYNEQF,0
LLWNGPMAV,TRDTTYYRNSFDEQNALKGNTGTASKLTSGDLSYYNGEEASSVELSTDTQY,TRDTTYY,RNSFDEQN,ALKGNTGTASKLT,SGDLS,YYNGEE,ASSVELSTDTQY,0
ELAGIGILTV,TSINNIRSNEREATDAPGGYQKVTKGHSHLQKENIASSPWTGTLNTEAF,TSINN,IRSNERE,ATDAPGGYQKVT,KGHSH,LQKENI,ASSPWTGTLNTEAF,0
CINGVCWTV,DSVNNIPSGTAGSPSNTGKLILNHDASQIVNDASSIHSGNQPQH,DSVNN,IPSGT,AGSPSNTGKLI,LNHDA,SQIVND,ASSIHSGNQPQH,0
KLGGALQAK,NSASDYIRSNMDKADHMDTGRRALTKGHDRSFDVKDATSTGGQPQH,NSASDY,IRSNMDK,ADHMDTGRRALT,KGHDR,SFDVKD,ATSTGGQPQH,0
ELAGIGILTV,YGGTVNYFSGDPLVAVNEDNFNKFYMGHRAYSYEKLASSLGGTNEQF,YGGTVN,YFSGDPLV,AVNEDNFNKFY,MGHRA,YSYEKL,ASSLGGTNEQF,0
ELAGIGILTV,YGATPYYFSGDTLVAVGDNFNKFYMDHENSYDVKMASRPQQGHNSPLH,YGATPY,YFSGDTLV,AVGDNFNKFY,MDHEN,SYDVKM,ASRPQQGHNSPLH,0
GILGFVFTL,NSASDYIRSNMDKAENDGNQFYSGHRSYFSETQASSLERGTDTQY,NSASDY,IRSNMDK,AENDGNQFY,SGHRS,YFSETQ,ASSLERGTDTQY,1
IVTDFSVIK,DRGSQSIYSNGDAVGGGADGLTFGMNHEYSVGAGIASSYSATGGEQYFG,DRGSQS,IYSNGD,AVGGGADGLTFG,MNHEY,SVGAGI,ASSYSATGGEQYFG,0
RAKFKQLL,DSAIYNIQSSQREAVRFLRGTSGSRLTSEHNRFQNEAQASSETGQGSSTDTQY,DSAIYN,IQSSQRE,AVRFLRGTSGSRLT,SEHNR,FQNEAQ,ASSETGQGSSTDTQY,0
KLGGALQAK,VSGNPYYITGDNLVAVRDEAGGSYIPTSGHRSYFSETQASSFGQGTGTEAF,VSGNPY,YITGDNLV,AVRDEAGGSYIPT,SGHRS,YFSETQ,ASSFGQGTGTEAF,0
CTELKLSDY,TISGTDYGLTSNILRPREDRGSTLGRLYSQVTMANQGSEASVRQGARDNEQF,TISGTDY,GLTSN,ILRPREDRGSTLGRLY,SQVTM,ANQGSEA,SVRQGARDNEQF,0
AVFDRKSDAK,DSASNYIRSNVGEAARETSYDKVISEHNRFQNEAQASSLVGTKRETQY,DSASNY,IRSNVGE,AARETSYDKVI,SEHNR,FQNEAQ,ASSLVGTKRETQY,0
ATDALMTGF,TSESDYYQEAYKQQNALYTGNQFYMGHDKSYGVNSASSDPSSVGRSTDTQY,TSESDYY,QEAYKQQN,ALYTGNQFY,MGHDK,SYGVNS,ASSDPSSVGRSTDTQY,0
KLGGALQAK,SSVPPYYTSAATLVAVSADSGGSNYKLTKGHDRSFDVKDATSDLPYIGTRLNEQF,SSVPPY,YTSAATLV,AVSADSGGSNYKLT,KGHDR,SFDVKD,ATSDLPYIGTRLNEQF,0
KLGGALQAK,VGISALSSGKAVSASGTYKYIMNHEYSVGEGTASRASMSSYNEQF,VGISA,LSSGK,AVSASGTYKYI,MNHEY,SVGEGT,ASRASMSSYNEQF,0
KLGGALQAK,SVFSSVVTGGEVAGEGDYKLSLNHDASQIVNDASSRDFQETQY,SVFSS,VVTGGEV,AGEGDYKLS,LNHDA,SQIVND,ASSRDFQETQY,0
AVFDRKSDAK,DRGSQSIYSNGDAVINYQLISEHNRFQNEAQASSLDRDASYNEQF,DRGSQS,IYSNGD,AVINYQLI,SEHNR,FQNEAQ,ASSLDRDASYNEQF,0
CINGVCWTV,TISGNEYGLKNNIVRVTMDSNYQLILGHDTYNNKELASSQDRGATDELF,TISGNEY,GLKNN,IVRVTMDSNYQLI,LGHDT,YNNKEL,ASSQDRGATDELF,0
GILGFVFTL,TRDTTYYRNSFDEQNALSDYDYKLSMGHRAYSYEKLASSQAPGETQY,TRDTTYY,RNSFDEQN,ALSDYDYKLS,MGHRA,YSYEKL,ASSQAPGETQY,0
GILGFVFTL,DSASNYIRSNVGEAASINRMDNDMRDFQATTSNEGSKASAFDREGVDGYT,DSASNY,IRSNVGE,AASINRMDNDMR,DFQATT,SNEGSKA,SAFDREGVDGYT,0
GILGFVFTL,TTSDRLLSNGAVAVDMFDRGSTLGRLYLNHDASQIVNDASSIFGGAREQF,TTSDR,LLSNGAV,AVDMFDRGSTLGRLY,LNHDA,SQIVND,ASSIFGGAREQF,1
GILGFVFTL,NSASDYIRSNMDKAENRGTALILGHNAYNFKEQASSQRPSEVGELF,NSASDY,IRSNMDK,AENRGTALI,LGHNA,YNFKEQ,ASSQRPSEVGELF,0
KLGGALQAK,SVFSSVVTGGEVAGAPGSSNTGKLILNHDASHIVNDASSTRSSYEQY,SVFSS,VVTGGEV,AGAPGSSNTGKLI,LNHDA,SHIVND,ASSTRSSYEQY,0
AVFDRKSDAK,DSASNYIRSNVGEAAKEGYSTLTSGHDTYYEEEEASSLRDGSEAF,DSASNY,IRSNVGE,AAKEGYSTLT,SGHDT,YYEEEE,ASSLRDGSEAF,0
GILGFVFTL,TSGFNGNVLDGLAVSGEGGKLISGHNTYYREEEASSLGRDRGDDEQY,TSGFNG,NVLDGL,AVSGEGGKLI,SGHNT,YYREEE,ASSLGRDRGDDEQY,0
RAKFKQLL,TSGFYGNALDGLAVRDGDRDDKIIMNHEYSVGEGTASSYLGQGDAYGYT,TSGFYG,NALDGL,AVRDGDRDDKII,MNHEY,SVGEGT,ASSYLGQGDAYGYT,0
HPVTKYIM,NSASDYIRSNMDKAENGGGGADGLTSGHDTYYEEEEASSFEGLNTGELF,NSASDY,IRSNMDK,AENGGGGADGLT,SGHDT,YYEEEE,ASSFEGLNTGELF,0
GLCTLVAML,ATGYPSATKADDKALYNTDKLILGHDTYNNKELASSPTSGSVYEQY,ATGYPS,ATKADDK,ALYNTDKLI,LGHDT,YNNKEL,ASSPTSGSVYEQY,1
DATYQRTRALVR,DSAIYNIQSSQREATLNAGGTSYGKLTKGHDRSFDVKDATSDLRDRGYEQY,DSAIYN,IQSSQRE,ATLNAGGTSYGKLT,KGHDR,SFDVKD,ATSDLRDRGYEQY,0
GLCTLVAML,TISGTDYGLTSNILSTYNNNDMRMNHEYSVGAGIASSYEGSQGNEQF,TISGTDY,GLTSN,ILSTYNNNDMR,MNHEY,SVGAGI,ASSYEGSQGNEQF,0
IVTDFSVIK,KTLYGLQKGGEEGAAHNYGQNFVLNHDASQIVNDASSTGLYGYT,KTLYG,LQKGGEE,GAAHNYGQNFV,LNHDA,SQIVND,ASSTGLYGYT,0
NLVPMVATV,DSSSTYIFSNMDMAEGGNTGKLISGHDTYYEEEEASSWNRDRYNTEAF,DSSSTY,IFSNMDM,AEGGNTGKLI,SGHDT,YYEEEE,ASSWNRDRYNTEAF,0
RAKFKQLL,STGYPTETMENLLRRSGHDYFNNNVPASSSPRGAGNTIY,STGYPT,ETMEN,LLRR,SGHDY,FNNNVP,ASSSPRGAGNTIY,0
ELAGIGILTV,KTLYGLQKGGEEGAEKGIQGAQKLVSGHATFQNNGVASSLAPGASGRSYNEQF,KTLYG,LQKGGEE,GAEKGIQGAQKLV,SGHAT,FQNNGV,ASSLAPGASGRSYNEQF,0
AVFDRKSDAK,TSGFNGNVLDGLAVRGPEGGGNKLTSGDLSYYNGEEASSAGTSGQETQY,TSGFNG,NVLDGL,AVRGPEGGGNKLT,SGDLS,YYNGEE,ASSAGTSGQETQY,0
SPRWYFYYL,YGATPYYFSGDTLVAVDNNNDMRSGHDYFNNNVPASRTSGNEQF,YGATPY,YFSGDTLV,AVDNNNDMR,SGHDY,FNNNVP,ASRTSGNEQF,0
RAKFKQLL,SIFNTLYKAGELAGHTGNQFYENHRYSYGVKDAISDPGLAGGGGEQF,SIFNT,LYKAGEL,AGHTGNQFY,ENHRY,SYGVKD,AISDPGLAGGGGEQF,0
LLWNGPMAV,SSVPPYYTSAATLVAVSEGSNFGNEKLTSNHLYFYNNEIASTRESTDTQY,SSVPPY,YTSAATLV,AVSEGSNFGNEKLT,SNHLY,FYNNEI,ASTRESTDTQY,0
AVFDRKSDAK,TTLSNLVKSGEVAGSIMNYGGSQGNLISGDLSYYNGEEASSVSSGLYYEQY,TTLSN,LVKSGEV,AGSIMNYGGSQGNLI,SGDLS,YYNGEE,ASSVSSGLYYEQY,0
GLCTLVAML,NSMFDYISSIKDKAASARYGGSQGNLIMNHEYSMNVEVASSGQGYNSPLH,NSMFDY,ISSIKDK,AASARYGGSQGNLI,MNHEY,SMNVEV,ASSGQGYNSPLH,0
RAKFKQLL,TSGFNGNVLDGLAVRSTWDPMIKAAGNKLTKGHSHLQKENIASSEDRTYEQY,TSGFNG,NVLDGL,AVRSTWDPMIKAAGNKLT,KGHSH,LQKENI,ASSEDRTYEQY,0
GILGFVFTL,NIATNDYGYKTKLVGEAGGFKTISGHTAFQGTGAASSLTVSLSPDLNEQF,NIATNDY,GYKTK,LVGEAGGFKTI,SGHTA,FQGTGA,ASSLTVSLSPDLNEQF,0
RAKFKQLL,NSASQSVYSSGVVKAYGQNFVLNHDASQIVNDASSSRASYEQY,NSASQS,VYSSG,VVKAYGQNFV,LNHDA,SQIVND,ASSSRASYEQY,0
ELAGIGILTV,TRDTTYYRNSFDEQNALSGDDYKLSSGDLSYYNGEEASSVASGRAHEQY,TRDTTYY,RNSFDEQN,ALSGDDYKLS,SGDLS,YYNGEE,ASSVASGRAHEQY,0
KLGGALQAK,TSINNIRSNEREATPLDSWGKLQLGHDTYNNKELASSHRTTYNEQF,TSINN,IRSNERE,ATPLDSWGKLQ,LGHDT,YNNKEL,ASSHRTTYNEQF,1
KLGGALQAK,DSSSTYIFSNMDMAPGGYNKLIMDHENSYDVKMASSSGAGELF,DSSSTY,IFSNMDM,APGGYNKLI,MDHEN,SYDVKM,ASSSGAGELF,1
KLGGALQAK,YGATPYYFSGDTLVVLEGDSNYQLILGHDTYNNKELASSQDRLVPRF,YGATPY,YFSGDTLV,VLEGDSNYQLI,LGHDT,YNNKEL,ASSQDRLVPRF,1
AVFDRKSDAK,YSGSPEHISRALTGNYGQNFVLNHDASQIVNDASSIRSSYEQY,YSGSPE,HISR,ALTGNYGQNFV,LNHDA,SQIVND,ASSIRSSYEQY,0
KLGGALQAK,VSGNPYYITGDNLVAVRDMGTGGFKTISEHNRFQNEAQAIQEDTDTQY,VSGNPY,YITGDNLV,AVRDMGTGGFKTI,SEHNR,FQNEAQ,AIQEDTDTQY,0
SPRWYFYYL,TISGTDYGLTSNILRPMEYGNKLVSEHNRFQNEAQASSYIAGVKYEQY,TISGTDY,GLTSN,ILRPMEYGNKLV,SEHNR,FQNEAQ,ASSYIAGVKYEQY,0
GILGFVFTL,TSDPSYGQGSYDQQNAMREGRGTGANNLFSGHRSYFSETQASSLVAEPSLNTEAF,TSDPSYG,QGSYDQQN,AMREGRGTGANNLF,SGHRS,YFSETQ,ASSLVAEPSLNTEAF,0
AVFDRKSDAK,SIFNTLYKAGELAGLYNNNDMRSGHRSYFSETQASSLGQGVFYT,SIFNT,LYKAGEL,AGLYNNNDMR,SGHRS,YFSETQ,ASSLGQGVFYT,0
NLVPMVATV,NSMFDYISSIKDKAARGTASKLTSEHNRFQNEAQASSLEAGRSPYEQY,NSMFDY,ISSIKDK,AARGTASKLT,SEHNR,FQNEAQ,ASSLEAGRSPYEQY,0
GILGFVFTL,TRDTTYYRNSFDEQNALGVGSGAGSYQLTMGHRAYSYEKLASSQSKGQGNEKLF,TRDTTYY,RNSFDEQN,ALGVGSGAGSYQLT,MGHRA,YSYEKL,ASSQSKGQGNEKLF,0
RAKFKQLL,DSASNYIRSNVGEAARVRGFGNVLHSGHDTYYEEEEASSLRDGSEAF,DSASNY,IRSNVGE,AARVRGFGNVLH,SGHDT,YYEEEE,ASSLRDGSEAF,1
SLFNTVATLY,YGGTVNYFSGDPLVAANSGGSYIPTSGHVSFQNEAQASSDSAGELF,YGGTVN,YFSGDPLV,AANSGGSYIPT,SGHVS,FQNEAQ,ASSDSAGELF,0
GILGFVFTL,VSGNPYYITGDNLVAVSAASGGSYIPTSGHNSFNNNVPASSFSGNTGELF,VSGNPY,YITGDNLV,AVSAASGGSYIPT,SGHNS,FNNNVP,ASSFSGNTGELF,0
ATDALMTGF,VGISALSSGKAVRKFGNEKLTLNHDASHIVNDASSIGLYGYT,VGISA,LSSGK,AVRKFGNEKLT,LNHDA,SHIVND,ASSIGLYGYT,0
GPRLGVRAT,TRDTTYYRNSFDEQNALSGDTGNQFYKGHSHLQKENIASSPSQGGNTDTQY,TRDTTYY,RNSFDEQN,ALSGDTGNQFY,KGHSH,LQKENI,ASSPSQGGNTDTQY,0
AVFDRKSDAK,DSSSTYIFSNMDMAEKLAGTALISGHRSYFSETQASSHTSGNGDTQY,DSSSTY,IFSNMDM,AEKLAGTALI,SGHRS,YFSETQ,ASSHTSGNGDTQY,0
RAKFKQLL,TSENNYYQEAYKQQNAFMINAGGTSYGKLTENHRYSYGVKDAISGAARDTQY,TSENNYY,QEAYKQQN,AFMINAGGTSYGKLT,ENHRY,SYGVKD,AISGAARDTQY,0
ELAGIGILTV,DRGSQSIYSNGDAVNGGNQFYLGHNAYNFKEQASSLEMGAGTEAF,DRGSQS,IYSNGD,AVNGGNQFY,LGHNA,YNFKEQ,ASSLEMGAGTEAF,1
DATYQRTRALVR,DSASNYIRSNVGEAASGPGDDKIIMNHEYSMNVEVASSPHFQVDTGELF,DSASNY,IRSNVGE,AASGPGDDKII,MNHEY,SMNVEV,ASSPHFQVDTGELF,0
NLVPMVATV,DSASNYIRSNVGEAASETSYDKVISEHNRFQNEAQASSLFFGYEQY,DSASNY,IRSNVGE,AASETSYDKVI,SEHNR,FQNEAQ,ASSLFFGYEQY,0
RAKFKQLL,TRDTTYYRNSFDEQNALSEANTGGFKTISQVTMANQGSEASVGTGDWGEQY,TRDTTYY,RNSFDEQN,ALSEANTGGFKTI,SQVTM,ANQGSEA,SVGTGDWGEQY,1
DATYQRTRALVR,DSSSTYIFSNMDMAESIGKLISQVTMANQGSEASVGAGGTNEKLF,DSSSTY,IFSNMDM,AESIGKLI,SQVTM,ANQGSEA,SVGAGGTNEKLF,0
AVFDRKSDAK,DSASNYIRSNVGEAAQGSQGNLILNHDASQIVNDASSTFGANVLT,DSASNY,IRSNVGE,AAQGSQGNLI,LNHDA,SQIVND,ASSTFGANVLT,0
CINGVCWTV,DSASNYIRSNVGEAASEEYGNKLVLGHNAYNFKEQASSQRPSEVGELF,DSASNY,IRSNVGE,AASEEYGNKLV,LGHNA,YNFKEQ,ASSQRPSEVGELF,0
KLGGALQAK,TSENNYYQEAYKQQNAFMKRNAGNMLTSGHDTYYEEEEASSLRDGSEAF,TSENNYY,QEAYKQQN,AFMKRNAGNMLT,SGHDT,YYEEEE,ASSLRDGSEAF,0
GILGFVFTL,SVFSSVVTGGEVAGAYGGSQGNLILNHDASQIVNDASSTRSDSPLH,SVFSS,VVTGGEV,AGAYGGSQGNLI,LNHDA,SQIVND,ASSTRSDSPLH,1
NLVPMVATV,TRDTTYYRNSFDEQNALSEAKDEGSEKLVLNHDASQIVNDASSARSSYEQY,TRDTTYY,RNSFDEQN,ALSEAKDEGSEKLV,LNHDA,SQIVND,ASSARSSYEQY,0
KLGGALQAK,VSGLRGLYSAGEEAVQARNNNARLMPRHDTFYEKMQASSSTIAGGNTGELF,VSGLRG,LYSAGEE,AVQARNNNARLM,PRHDT,FYEKMQ,ASSSTIAGGNTGELF,1
NLVPMVATV,YGATPYYFSGDTLVAVDDTNAGKSTLNHDASHIVNDASSLRSTDTQY,YGATPY,YFSGDTLV,AVDDTNAGKST,LNHDA,SHIVND,ASSLRSTDTQY,0
NLVPMVATV,SSVSVYYLSGSTLVAVNNNKLIMNHNSSASEGTASSDSPNSNQPQH,SSVSVY,YLSGSTLV,AVNNNKLI,MNHNS,SASEGT,ASSDSPNSNQPQH,0
AVFDRKSDAK,NSASQSVYSSGVVTGGLHARLMMNHEYSVGEGTASSYSTGHEQF,NSASQS,VYSSG,VVTGGLHARLM,MNHEY,SVGEGT,ASSYSTGHEQF,0
AVFDRKSDAK,TSENNYYQEAYKQQNALLPGSGTASKLTSGHVSFQNEAQASSYGTGDLSYNEQF,TSENNYY,QEAYKQQN,ALLPGSGTASKLT,SGHVS,FQNEAQ,ASSYGTGDLSYNEQF,0
AVFDRKSDAK,DSSSTYIFSNMDMAEWDAGKSTSGHVSFQNEAQASSLEAGNTEAF,DSSSTY,IFSNMDM,AEWDAGKST,SGHVS,FQNEAQ,ASSLEAGNTEAF,0
CINGVCWTV,YGGTVNYFSGDPLVAVNSGYSTLTKGHDRSFDVKDATASGTVTDTQY,YGGTVN,YFSGDPLV,AVNSGYSTLT,KGHDR,SFDVKD,ATASGTVTDTQY,0
GILGFVFTL,SVFSSVVTGGEVAGAPGGGSQGNLILNHDASQIVNDASSLTVLYGYT,SVFSS,VVTGGEV,AGAPGGGSQGNLI,LNHDA,SQIVND,ASSLTVLYGYT,1
GILGFVFTL,YGATPYYFSGDTLVAVGAPGYSGTYKYIMDHENSYDVKMASSLEVARLAGEGYEQY,YGATPY,YFSGDTLV,AVGAPGYSGTYKYI,MDHEN,SYDVKM,ASSLEVARLAGEGYEQY,0
KLGGALQAK,TRDTTYYRNSFDEQNALSEAGGMGGGADGLTSGHNSFNNNVPASSFSGNTGELF,TRDTTYY,RNSFDEQN,ALSEAGGMGGGADGLT,SGHNS,FNNNVP,ASSFSGNTGELF,0
GLCTLVAML,TISGNEYGLKNNIVRGSGNTGKLISGHATFQNNGVASSLVRGGHYNEQF,TISGNEY,GLKNN,IVRGSGNTGKLI,SGHAT,FQNNGV,ASSLVRGGHYNEQF,0
AVFDRKSDAK,DSSSTYIFSNMDMAEISPSGGSYIPTKGHDRSFDVKDATSDLKVHSGNYGYT,DSSSTY,IFSNMDM,AEISPSGGSYIPT,KGHDR,SFDVKD,ATSDLKVHSGNYGYT,0
RAKFKQLL,VSPFSNMTFSENTVVSDEYGNKLVMRHNASNTAGTASSVWTGHDEQF,VSPFSN,MTFSENT,VVSDEYGNKLV,MRHNA,SNTAGT,ASSVWTGHDEQF,0
RAKFKQLL,YGGTVNYFSGDPLVAVNSGYSTLTKGHDRSFDVKDATASGTVTDTQY,YGGTVN,YFSGDPLV,AVNSGYSTLT,KGHDR,SFDVKD,ATASGTVTDTQY,0
ELAGIGILTV,TSGFNGNVLDGLAPKDGQKLLDFQATTSNEGSKASAETGNTEAF,TSGFNG,NVLDGL,APKDGQKLL,DFQATT,SNEGSKA,SAETGNTEAF,0
ELAGIGILTV,DRGSQSIYSNGDAGLEYGNKLVSGDLSYYNGEEASSVGVLAGNEQF,DRGSQS,IYSNGD,AGLEYGNKLV,SGDLS,YYNGEE,ASSVGVLAGNEQF,0
RAKFKQLL,ATGYPSATKADDKALDNTGKLISGHATFQNNGVASSWNRASSYEQY,ATGYPS,ATKADDK,ALDNTGKLI,SGHAT,FQNNGV,ASSWNRASSYEQY,0
AVFDRKSDAK,YGGTVNYFSGDPLVAVNAGGTSYGKLTDFQATTSNEGSKASADGGPTTPNEQY,YGGTVN,YFSGDPLV,AVNAGGTSYGKLT,DFQATT,SNEGSKA,SADGGPTTPNEQY,1
IVTDFSVIK,TRDTTYYRNSFDEQNGGPSSNTGKLILNHDASQIVNDASSARSAETQY,TRDTTYY,RNSFDEQN,GGPSSNTGKLI,LNHDA,SQIVND,ASSARSAETQY,0
AVFDRKSDAK,DRGSQSIYSNGDAVKKGQNFVDFQATTSNEGSKASAESGNTEAF,DRGSQS,IYSNGD,AVKKGQNFV,DFQATT,SNEGSKA,SAESGNTEAF,0
HPVTKYIM,VSGNPYYITGDNLVAVRDGGSQGNLILNHDASQIVNDASSPTGTSEQF,VSGNPY,YITGDNLV,AVRDGGSQGNLI,LNHDA,SQIVND,ASSPTGTSEQF,1
ELAGIGILTV,TSENNYYQEAYKQQNAFMPPYNTDKLISGHNSFNNNVPASSFSGNTGELF,TSENNYY,QEAYKQQN,AFMPPYNTDKLI,SGHNS,FNNNVP,ASSFSGNTGELF,0
KLGGALQAK,DRGSQSIYSNGDAVQGNFNKFYDFQATTSNEGSKASAEQLGVLNTEAF,DRGSQS,IYSNGD,AVQGNFNKFY,DFQATT,SNEGSKA,SAEQLGVLNTEAF,1
KLGGALQAK,NIATNDYGYKTKLVNPDDYKLSGTSNPNSVGIGAWSVAGTNTEAF,NIATNDY,GYKTK,LVNPDDYKLS,GTSNPN,SVGIG,AWSVAGTNTEAF,0
RAKFKQLL,TRDTTYYRNSFDEQNALSEANRGSTLGRLYDFQATTSNEGSKASAIGGGREDTDTQY,TRDTTYY,RNSFDEQN,ALSEANRGSTLGRLY,DFQATT,SNEGSKA,SAIGGGREDTDTQY,0
RAKFKQLL,NSAFQYTYSSGNAIDLGGGSQGNLILNHDASQIVNDASSIRSSQPQH,NSAFQY,TYSSGN,AIDLGGGSQGNLI,LNHDA,SQIVND,ASSIRSSQPQH,0
CINGVCWTV,NSASQSVYSSGVVNDPYTGGFKTISNHLYFYNNEIASSELGQLNEQF,NSASQS,VYSSG,VVNDPYTGGFKTI,SNHLY,FYNNEI,ASSELGQLNEQF,0
AVFDRKSDAK,TRDTTYYRNSFDEQNALKMNAGGTSYGKLTLGHNAYSLEERASSRADLSHEQF,TRDTTYY,RNSFDEQN,ALKMNAGGTSYGKLT,LGHNA,YSLEER,ASSRADLSHEQF,1
RAKFKQLL,DSASNYIRSNVGEAASKGHLAYGNKLVDFQATTSNEGSKASASTGRNTEAF,DSASNY,IRSNVGE,AASKGHLAYGNKLV,DFQATT,SNEGSKA,SASTGRNTEAF,1
KLGGALQAK,DSASNYIRSNVGEAASIPNQAGTALISGHNSFNNNVPASSFSGNTGELF,DSASNY,IRSNVGE,AASIPNQAGTALI,SGHNS,FNNNVP,ASSFSGNTGELF,0
DATYQRTRALVR,DRGSQSIYSNGDAVNGASKIIMNHEYSMNVEVASGSGRLAEQY,DRGSQS,IYSNGD,AVNGASKII,MNHEY,SMNVEV,ASGSGRLAEQY,0
RAKFKQLL,YGGTVNYFSGDPLVAVICNDYKLSDFQATTSNEGSKASADGTHTPTDTQY,YGGTVN,YFSGDPLV,AVICNDYKLS,DFQATT,SNEGSKA,SADGTHTPTDTQY,0
KLGGALQAK,DRGSQSIYSNGDAVGMYSGGGADGLTMNHEYSVGEGTASSYGVGQPQH,DRGSQS,IYSNGD,AVGMYSGGGADGLT,MNHEY,SVGEGT,ASSYGVGQPQH,0
RAKFKQLL,TTLSNLVKSGEVAVWGSQGNLILNHDASQIVNDASSSRSGNEQF,TTLSN,LVKSGEV,AVWGSQGNLI,LNHDA,SQIVND,ASSSRSGNEQF,0
KLGGALQAK,DRGSQSIYSNGDALALGGGSQGNLILNHDASQIVNDASSGRATDTQY,DRGSQS,IYSNGD,ALALGGGSQGNLI,LNHDA,SQIVND,ASSGRATDTQY,0
DATYQRTRALVR,NSMFDYISSIKDKAASDQTGANNLFMNHEYSVGAGIASSLQGASGYT,NSMFDY,ISSIKDK,AASDQTGANNLF,MNHEY,SVGAGI,ASSLQGASGYT,0
AVFDRKSDAK,TTLSNLVKSGEVAVTYGGSQGNLILNHDASQIVNDASSIRSTGEL,TTLSN,LVKSGEV,AVTYGGSQGNLI,LNHDA,SQIVND,ASSIRSTGEL,0
KLGGALQAK,NSMFDYISSIKDKAASADPKAGNTPLVMNHEYSMNVEVASGPLRGGNQPQH,NSMFDY,ISSIKDK,AASADPKAGNTPLV,MNHEY,SMNVEV,ASGPLRGGNQPQH,0
FEDLRVLSF,TRDTTYYRNSFDEQNALRPDSNYQLILGHNAYSLEERASSPGEGLKTEAF,TRDTTYY,RNSFDEQN,ALRPDSNYQLI,LGHNA,YSLEER,ASSPGEGLKTEAF,0
GLCTLVAML,KTLYGLQKGGEEGAAHNYGQNFVLNHDASQIVNDASSTGLYGYT,KTLYG,LQKGGEE,GAAHNYGQNFV,LNHDA,SQIVND,ASSTGLYGYT,0
KLGGALQAK,YGATPYYFSGDTLVAVGDNFNKFYSGHRSYFSETQASSYGTGENTEAF,YGATPY,YFSGDTLV,AVGDNFNKFY,SGHRS,YFSETQ,ASSYGTGENTEAF,0
RAKFKQLL,DRGSQSIYSNGDAVNWEEQGGSYIPTMNHEYSMNVEVASSKGQSNTEAF,DRGSQS,IYSNGD,AVNWEEQGGSYIPT,MNHEY,SMNVEV,ASSKGQSNTEAF,0
GLCTLVAML,SSNFYAMTLNGDEAFSYNNNDMRMGHRAYSYEKLASSQDRFTDPYGYT,SSNFYA,MTLNGDE,AFSYNNNDMR,MGHRA,YSYEKL,ASSQDRFTDPYGYT,0
AVFDRKSDAK,YGGTVNYFSGDPLVAVNEITGGFKTIMNHEYSVGEGTASSYSWTGGFYEQY,YGGTVN,YFSGDPLV,AVNEITGGFKTI,MNHEY,SVGEGT,ASSYSWTGGFYEQY,1
CINGVCWTV,DSSSTYIFSNMDMAESTSGGKLIMNHEYSMNVEVASSPEGSYNEQF,DSSSTY,IFSNMDM,AESTSGGKLI,MNHEY,SMNVEV,ASSPEGSYNEQF,0
KLGGALQAK,SSNFYAMTLNGDEARNTGNQFYGTSNPNSVGIGAWSISDLAKNIQY,SSNFYA,MTLNGDE,ARNTGNQFY,GTSNPN,SVGIG,AWSISDLAKNIQY,0
GILGFVFTL,NSAFQYTYSSGNAMSERNKARLMMRHNASNTAGTASSDHPGSRELWKHHI,NSAFQY,TYSSGN,AMSERNKARLM,MRHNA,SNTAGT,ASSDHPGSRELWKHHI,1
IVTDFSVIK,NSASDYIRSNMDKAENGGGGADGLTSGHDTYYEEEEASSFEGLNTGELF,NSASDY,IRSNMDK,AENGGGGADGLT,SGHDT,YYEEEE,ASSFEGLNTGELF,0
YLQPRTFLL,NIATNDYGYKTKLVGVPSGGYNKLIGTSNPNSVGIGAWSPITSNYGYT,NIATNDY,GYKTK,LVGVPSGGYNKLI,GTSNPN,SVGIG,AWSPITSNYGYT,0
RAKFKQLL,TRDTTYYRNSFDEQNALSEIGGGADGLTLNHDASQIVNDASSPEAGTVLEAF,TRDTTYY,RNSFDEQN,ALSEIGGGADGLT,LNHDA,SQIVND,ASSPEAGTVLEAF,0
VLFGLGFAI,SSVPPYYTSAATLVAVSDFKAAGNKLTSGHNSFNNNVPASSLTGLAGGRGQETQY,SSVPPY,YTSAATLV,AVSDFKAAGNKLT,SGHNS,FNNNVP,ASSLTGLAGGRGQETQY,0
GILGFVFTL,KALYSLLKGGEQGTEKARPNDYKLSMNHNYSVGAGIASSYPLPGLQLSTSTDTQY,KALYS,LLKGGEQ,GTEKARPNDYKLS,MNHNY,SVGAGI,ASSYPLPGLQLSTSTDTQY,0
RLPGVLPRA,SVFSSVVTGGEVALEGGGADGLTFGMNHNSSASEGTASSEAELLSSYNEQFFG,SVFSS,VVTGGEV,ALEGGGADGLTFG,MNHNS,SASEGT,ASSEAELLSSYNEQFFG,0
GILGFVFTL,TSINNIRSNEREATDGSSGGSNYKLTLNHDASQIVNDASSIGLYGYT,TSINN,IRSNERE,ATDGSSGGSNYKLT,LNHDA,SQIVND,ASSIGLYGYT,1
GILGFVFTL,SSVSVYYLSGSTLVAVSDRRSASKIIMNHEYSVGAGIASSYEDKYQPQH,SSVSVY,YLSGSTLV,AVSDRRSASKII,MNHEY,SVGAGI,ASSYEDKYQPQH,0
IVTDFSVIK,VSPFSNMTFSENTVGRDTGRRALTMDHENSYDVKMASSSLTGQSQETQY,VSPFSN,MTFSENT,VGRDTGRRALT,MDHEN,SYDVKM,ASSSLTGQSQETQY,0
KLGGALQAK,DRGSQSIYSNGDAVGANNLFSGDLSYYNGEEASSVSAQPDTQY,DRGSQS,IYSNGD,AVGANNLF,SGDLS,YYNGEE,ASSVSAQPDTQY,0
CINGVCWTV,TISGTDYGLTSNILRPMEYGNKLVSEHNRFQNEAQASSYIAGVKYEQY,TISGTDY,GLTSN,ILRPMEYGNKLV,SEHNR,FQNEAQ,ASSYIAGVKYEQY,0
IVTDFSVIK,NIATNDYGYKTKLVGAGNMLTMGHRAYSYEKLASSQGGQGAPYEQY,NIATNDY,GYKTK,LVGAGNMLT,MGHRA,YSYEKL,ASSQGGQGAPYEQY,0
KLGGALQAK,TTLSNLVKSGEVAGATDSWGKLQSGHATFQNNGVASSWGGGSHYGYT,TTLSN,LVKSGEV,AGATDSWGKLQ,SGHAT,FQNNGV,ASSWGGGSHYGYT,0
AVFDRKSDAK,SSVPPYYTSAATLVAVSQDSNYQLISGHATFQNNGVASSWGGGSHYGYT,SSVPPY,YTSAATLV,AVSQDSNYQLI,SGHAT,FQNNGV,ASSWGGGSHYGYT,0
YLQPRTFLL,VSGLRGLYSAGEEAVKPNYGGSQGNLIMNHNSSASEGTASSAGDGYTHTVFGNIQY,VSGLRG,LYSAGEE,AVKPNYGGSQGNLI,MNHNS,SASEGT,ASSAGDGYTHTVFGNIQY,0
RAKFKQLL,TSINNIRSNEREATDAKGGSNYKLTSQVTMANQGSEASVGSGDGGEQF,TSINN,IRSNERE,ATDAKGGSNYKLT,SQVTM,ANQGSEA,SVGSGDGGEQF,1
KLGGALQAK,DSASNYIRSNVGEAPWGFNKFYSGHTAFQGTGAASSLMATDTQY,DSASNY,IRSNVGE,APWGFNKFY,SGHTA,FQGTGA,ASSLMATDTQY,0
KLGGALQAK,DSSSTYIFSNMDMAEIHARLMDFQATTSNEGSKASARDGNREWLH,DSSSTY,IFSNMDM,AEIHARLM,DFQATT,SNEGSKA,SARDGNREWLH,0
RAKFKQLL,VSGLRGLYSAGEEAVQGILTGGGNKLTMDHENSYDVKMASSLYKSSYNEQF,VSGLRG,LYSAGEE,AVQGILTGGGNKLT,MDHEN,SYDVKM,ASSLYKSSYNEQF,0
GLCTLVAML,TSGFNGNVLDGLAVGMIKAAGNKLTDFQATTSNEGSKASALGGTQY,TSGFNG,NVLDGL,AVGMIKAAGNKLT,DFQATT,SNEGSKA,SALGGTQY,0
GILGFVFTL,TSGFNGNVLDGLAVRGRDYKLSLGHDTYNNKELASSQPVAARGAQY,TSGFNG,NVLDGL,AVRGRDYKLS,LGHDT,YNNKEL,ASSQPVAARGAQY,0
LLWNGPMAV,TRDTTYYRNSFDEQNALSEANTGGFKTISGHATFQNNGVASSWGGGSHYGYT,TRDTTYY,RNSFDEQN,ALSEANTGGFKTI,SGHAT,FQNNGV,ASSWGGGSHYGYT,0
AVFDRKSDAK,DRGSQSIYSNGDAVGGTGKLILNHDASQIVNDASGLSGDEQY,DRGSQS,IYSNGD,AVGGTGKLI,LNHDA,SQIVND,ASGLSGDEQY,0
ELAGIGILTV,TSINNIRSNEREATDPLFGNNRLALNHDASQIVNDASSTLNEQF,TSINN,IRSNERE,ATDPLFGNNRLA,LNHDA,SQIVND,ASSTLNEQF,0
GLCTLVAML,DSSSTYIFSNMDMAERASNNDMRSGHTAFQGNSAASSPPGLVGGELF,DSSSTY,IFSNMDM,AERASNNDMR,SGHTA,FQGNSA,ASSPPGLVGGELF,1
RAKFKQLL,NSMFDYISSIKDKAARANTDKLILNHNVYYDKDFATSRESGNGKLF,NSMFDY,ISSIKDK,AARANTDKLI,LNHNV,YYDKDF,ATSRESGNGKLF,0
LLWNGPMAV,TSGFNGNVLDGLAVRSTWDPMIKAAGNKLTKGHSHLQKENIASSEDRTYEQY,TSGFNG,NVLDGL,AVRSTWDPMIKAAGNKLT,KGHSH,LQKENI,ASSEDRTYEQY,0
GLCTLVAML,DRGSQSIYSNGDAVNWEEQGGSYIPTKGHDRSFDVKDATSDRLAGGELF,DRGSQS,IYSNGD,AVNWEEQGGSYIPT,KGHDR,SFDVKD,ATSDRLAGGELF,0
LLWNGPMAV,DRGSQSIYSNGDAVSSTDKLIDFQATTSNEGSKASAPLAGGPNEQF,DRGSQS,IYSNGD,AVSSTDKLI,DFQATT,SNEGSKA,SAPLAGGPNEQF,1
VLFGLGFAI,DRGSQSIYSNGDAVPGGGGSQGNLILNHDASQIVNDASSMRSTNEQF,DRGSQS,IYSNGD,AVPGGGGSQGNLI,LNHDA,SQIVND,ASSMRSTNEQF,0
RAKFKQLL,TISGTDYGLTSNILRDLNAGGTSYGKLTSGHNSFNNNVPASSFSGNTGELF,TISGTDY,GLTSN,ILRDLNAGGTSYGKLT,SGHNS,FNNNVP,ASSFSGNTGELF,1
GILGFVFTL,NSMFDYISSIKDKAASDGAGNMLTMDHENSYDVKMASRGLIIQRSSYEQY,NSMFDY,ISSIKDK,AASDGAGNMLT,MDHEN,SYDVKM,ASRGLIIQRSSYEQY,0
SPRWYFYYL,TISGNEYGLKNNIVRVTMDSNYQLILGHDTYNNKELASSQDRGATDELF,TISGNEY,GLKNN,IVRVTMDSNYQLI,LGHDT,YNNKEL,ASSQDRGATDELF,0
GILGFVFTL,DSSSTYIFSNMDMAEILDFGNEKLTDFQATTSNEGSKASARDPSGVKLF,DSSSTY,IFSNMDM,AEILDFGNEKLT,DFQATT,SNEGSKA,SARDPSGVKLF,0
GILGFVFTL,DRGSQSIYSNGDAVGNYQLISGDLSYYNGEEASSDLAGGTDTQY,DRGSQS,IYSNGD,AVGNYQLI,SGDLS,YYNGEE,ASSDLAGGTDTQY,0
IVTDFSVIK,SIFNTLYKAGELAGGGYGGSQGNLILNHDASQIVNDASSIRSDTEAF,SIFNT,LYKAGEL,AGGGYGGSQGNLI,LNHDA,SQIVND,ASSIRSDTEAF,0
RAKFKQLL,TSGFNGNVLDGLAVRFRNNNARLMMDHENSYDVKMASMAGTPYEQY,TSGFNG,NVLDGL,AVRFRNNNARLM,MDHEN,SYDVKM,ASMAGTPYEQY,0
AVFDRKSDAK,NSASDYIRSNMDKAETVYNTDKLIMNHEYSMNVEVASSLSDNSEQF,NSASDY,IRSNMDK,AETVYNTDKLI,MNHEY,SMNVEV,ASSLSDNSEQF,0
IVTDFSVIK,DSVNNIPSGTAVDHLMNYGGSQGNLILNHDASQIVNDASSTYSQDTQY,DSVNN,IPSGT,AVDHLMNYGGSQGNLI,LNHDA,SQIVND,ASSTYSQDTQY,0
RAKFKQLL,DRGSQSIYSNGDAVNTSGGGADGLTLGHNAYSLEERASSQDLLAGAADTQY,DRGSQS,IYSNGD,AVNTSGGGADGLT,LGHNA,YSLEER,ASSQDLLAGAADTQY,0
KLGGALQAK,DRGSQSIYSNGDAVPGGGGSQGNLILNHDASQIVNDASSMRSTNEQF,DRGSQS,IYSNGD,AVPGGGGSQGNLI,LNHDA,SQIVND,ASSMRSTNEQF,0
GILGFVFTL,NYSPAYIRENEKEAHVNTNAGKSTSGHKSYYEKEEASSGLINGNTIY,NYSPAY,IRENEKE,AHVNTNAGKST,SGHKS,YYEKEE,ASSGLINGNTIY,0
KLGGALQAK,DSVNNIPSGTAGSPSNTGKLISGHNSFNNNVPASSFSGNTGELF,DSVNN,IPSGT,AGSPSNTGKLI,SGHNS,FNNNVP,ASSFSGNTGELF,0
NLVPMVATV,DRGSQSIYSNGDAVNEGLGSARQLTKGHDRSFDVKDATSDSSGGSGYT,DRGSQS,IYSNGD,AVNEGLGSARQLT,KGHDR,SFDVKD,ATSDSSGGSGYT,0
AVFDRKSDAK,YGATPYYFSGDTLVAVTRDDKIISGHNSFNNNVPASSGGVSGGAGETQY,YGATPY,YFSGDTLV,AVTRDDKII,SGHNS,FNNNVP,ASSGGVSGGAGETQY,0
ELAGIGILTV,DSSSTYIFSNMDMAESEGPTYTDKLILGHNAYNFKEQASSQRPSEVGELF,DSSSTY,IFSNMDM,AESEGPTYTDKLI,LGHNA,YNFKEQ,ASSQRPSEVGELF,0
CINGVCWTV,SIFNTLYKAGELAGLETSGTYKYISGHNTYYREEEASSYKPGQRDYT,SIFNT,LYKAGEL,AGLETSGTYKYI,SGHNT,YYREEE,ASSYKPGQRDYT,0
RAKFKQLL,DSAIYNIQSSQREAVTISGYSTLTSGHNSFNNNVPASSFSGNTGELF,DSAIYN,IQSSQRE,AVTISGYSTLT,SGHNS,FNNNVP,ASSFSGNTGELF,1
IVTDFSVIK,DSASNYIRSNVGEAYGGSQGNLISNHLYFYNNEIASSEGQVSPGELF,DSASNY,IRSNVGE,AYGGSQGNLI,SNHLY,FYNNEI,ASSEGQVSPGELF,0
RPPIFIRRL,YGATPYYFSGDTLVAVGLNNNAGNMLTLGHNAYSLEERASSQAYDARYEQF,YGATPY,YFSGDTLV,AVGLNNNAGNMLT,LGHNA,YSLEER,ASSQAYDARYEQF,1
KLGGALQAK,NSASDYIRSNMDKAENIGGFKTIMNHNSSASEGTASTLRDYEQY,NSASDY,IRSNMDK,AENIGGFKTI,MNHNS,SASEGT,ASTLRDYEQY,0
SPRWYFYYL,NIATNDYGYKTKLVVGRYAGNMLTSNHLYFYNNEIASSLNRELF,NIATNDY,GYKTK,LVVGRYAGNMLT,SNHLY,FYNNEI,ASSLNRELF,1
KLGGALQAK,TRDTTYYRNSFDEQNALSENDYKLSSEHNRFQNEAQASTEEARRPYGYT,TRDTTYY,RNSFDEQN,ALSENDYKLS,SEHNR,FQNEAQ,ASTEEARRPYGYT,1
RLPGVLPRA,SSYSPSYTSAATLVVVSEWAAGNKLTSGHDNFVKESKASSQEQGDIQY,SSYSPS,YTSAATLV,VVSEWAAGNKLT,SGHDN,FVKESK,ASSQEQGDIQY,0
CINGVCWTV,TSENNYYQEAYKQQNAFMKLAGANSKLTLGHDTYNNKELASKSEKGAGGSPLH,TSENNYY,QEAYKQQN,AFMKLAGANSKLT,LGHDT,YNNKEL,ASKSEKGAGGSPLH,0
RAKFKQLL,TRDTTYYRNSFDEQNALMGSGGGADGLTSGHVSFNYEAQASSRTSGEYNEQF,TRDTTYY,RNSFDEQN,ALMGSGGGADGLT,SGHVS,FNYEAQ,ASSRTSGEYNEQF,0
SPRWYFYYL,SVFSSVVTGGEVAGGGFADYGGSQGNLILNHDASQIVNDASSLYSNQPQH,SVFSS,VVTGGEV,AGGGFADYGGSQGNLI,LNHDA,SQIVND,ASSLYSNQPQH,0
RAKFKQLL,TSGFNGNVLDGLAAMDSNYQLISEHNRFQNEAQASSSAAAYEQY,TSGFNG,NVLDGL,AAMDSNYQLI,SEHNR,FQNEAQ,ASSSAAAYEQY,1
AVFDRKSDAK,NSASDYIRSNMDKAENMGGGSQGNLISGHTAFQGNSAASSLEGGTTPFYEQY,NSASDY,IRSNMDK,AENMGGGSQGNLI,SGHTA,FQGNSA,ASSLEGGTTPFYEQY,0
ELAGIGILTV,NYSPAYIRENEKEAPHPSGYSTLTMDHENSYDVKMASSLIQGSYEQY,NYSPAY,IRENEKE,APHPSGYSTLT,MDHEN,SYDVKM,ASSLIQGSYEQY,0
RAKFKQLL,DRGSQSIYSNGDAVGGGADGLTFGMNHEYSVGAGIASSYSATGGEQYFG,DRGSQS,IYSNGD,AVGGGADGLTFG,MNHEY,SVGAGI,ASSYSATGGEQYFG,0
RLPGVLPRA,VGISALSSGKAASLWNTDKLIMNHEYSMNVEVASSLISTSVYNEQF,VGISA,LSSGK,AASLWNTDKLI,MNHEY,SMNVEV,ASSLISTSVYNEQF,0
DATYQRTRALVR,SVFSSVVTGGEVAHDADSGGGADGLTLGHNAYSLEERASSQGPGGLSIQY,SVFSS,VVTGGEV,AHDADSGGGADGLT,LGHNA,YSLEER,ASSQGPGGLSIQY,0
GILGFVFTL,DRGSQSIYSNGDAVSGGYQKVTSGHTAFQGTGAASSDLSGELF,DRGSQS,IYSNGD,AVSGGYQKVT,SGHTA,FQGTGA,ASSDLSGELF,0
AVFDRKSDAK,SSVPPYYTSAATLVAVTPGDYKLSLNHDASQIVNDASSIRDSGNQPQH,SSVPPY,YTSAATLV,AVTPGDYKLS,LNHDA,SQIVND,ASSIRDSGNQPQH,0
GILGFVFTL,DSSSTYIFSNMDMAETLAPGGSYIPTDFQATTSNEGSKASALGGTQY,DSSSTY,IFSNMDM,AETLAPGGSYIPT,DFQATT,SNEGSKA,SALGGTQY,1
YLQPRTFLL,TRDTTYYRNSFDEQNALSGDTGNQFYKGHSHLQKENIASSPSQGGNTDTQY,TRDTTYY,RNSFDEQN,ALSGDTGNQFY,KGHSH,LQKENI,ASSPSQGGNTDTQY,0
GLCTLVAML,SIFNTLYKAGELAGHTGNQFYSGHATFQNNGVASSSNQGDNQPQH,SIFNT,LYKAGEL,AGHTGNQFY,SGHAT,FQNNGV,ASSSNQGDNQPQH,0
KLGGALQAK,TTLSNLVKSGEVAANYGGSQGNLILNHDASQIVNDASSIRSTDTQY,TTLSN,LVKSGEV,AANYGGSQGNLI,LNHDA,SQIVND,ASSIRSTDTQY,0
IVTDFSVIK,DRGSQSIYSNGDAVNPLRDSNYQLIMGHRAYSYEKLASSQTRGAGNTIY,DRGSQS,IYSNGD,AVNPLRDSNYQLI,MGHRA,YSYEKL,ASSQTRGAGNTIY,0
CINGVCWTV,DSASNYIRSNVGEAASETSYDKVISEHNRFQNEAQASSSLGGGNTEAF,DSASNY,IRSNVGE,AASETSYDKVI,SEHNR,FQNEAQ,ASSSLGGGNTEAF,0
KSKRTPMGF,VSGNPYYITGDNLVAVAKDLQNSGGGADGLTLNHNVYYDKDFATSYEDNSGANVLT,VSGNPY,YITGDNLV,AVAKDLQNSGGGADGLT,LNHNV,YYDKDF,ATSYEDNSGANVLT,0
KLGGALQAK,DSAIYNIQSSQREADSPDNYGQNFVMDHENSYDVKMASSFGTTSSGGELF,DSAIYN,IQSSQRE,ADSPDNYGQNFV,MDHEN,SYDVKM,ASSFGTTSSGGELF,0
IVTDFSVIK,DRGSQSIYSNGDAVSNTDKLILGHDTYNNKELASSPTPAGGAYEQY,DRGSQS,IYSNGD,AVSNTDKLI,LGHDT,YNNKEL,ASSPTPAGGAYEQY,0
RLRAEAQVK,DRGSQSIYSNGDAVNWEEQGGSYIPTKGHDRSFDVKDATSDRLAGGELF,DRGSQS,IYSNGD,AVNWEEQGGSYIPT,KGHDR,SFDVKD,ATSDRLAGGELF,0
GILGFVFTL,NSASDYIRSNMDKAENSKGHDNDMRSGHTAFQGTGAASRLTNGTYQNQPQH,NSASDY,IRSNMDK,AENSKGHDNDMR,SGHTA,FQGTGA,ASRLTNGTYQNQPQH,0
RAKFKQLL,KTLYGLQKGGEEGADPQGGDNNARLMDFQATTSNEGSKASARPRESSNQPQH,KTLYG,LQKGGEE,GADPQGGDNNARLM,DFQATT,SNEGSKA,SARPRESSNQPQH,0
GILGFVFTL,YGATPYYFSGDTLVAVDDTNAGKSTLNHDASHIVNDASSLRSTDTQY,YGATPY,YFSGDTLV,AVDDTNAGKST,LNHDA,SHIVND,ASSLRSTDTQY,1
KLGGALQAK,DRGSQSIYSNGDAAGGSGYALNMRHNASNTAGTASSDAVGQGTDTQY,DRGSQS,IYSNGD,AAGGSGYALN,MRHNA,SNTAGT,ASSDAVGQGTDTQY,0
LLWNGPMAV,SSVPPYYTSAATLVAVSQDSNYQLISGHATFQNNGVASSWGGGSHYGYT,SSVPPY,YTSAATLV,AVSQDSNYQLI,SGHAT,FQNNGV,ASSWGGGSHYGYT,0
SPRWYFYYL,DSASNYIRSNVGEAALAGTASKLTSQVTMANQGSEASVVPLAGPYEQY,DSASNY,IRSNVGE,AALAGTASKLT,SQVTM,ANQGSEA,SVVPLAGPYEQY,1
KSKRTPMGF,SSVPPYYTSAATLVAVIGGYQKVTDFQATTSNEGSKASAGQGSNEKLF,SSVPPY,YTSAATLV,AVIGGYQKVT,DFQATT,SNEGSKA,SAGQGSNEKLF,0
NLVPMVATV,YSGSPEHISRALSGGSNYKLTLNHDASQIVNDASSIRSSYEQY,YSGSPE,HISR,ALSGGSNYKLT,LNHDA,SQIVND,ASSIRSSYEQY,0
ELAGIGILTV,NIATNDYGYKTKLVGDPFYSSASKIISGHNSFNNNVPASSFSGNTGELF,NIATNDY,GYKTK,LVGDPFYSSASKII,SGHNS,FNNNVP,ASSFSGNTGELF,0
AVFDRKSDAK,DRGSQSIYSNGDAVNADYGGATNKLIMNHEYSMNVEVASSPPQFTEAF,DRGSQS,IYSNGD,AVNADYGGATNKLI,MNHEY,SMNVEV,ASSPPQFTEAF,0
GILGFVFTL,DRGSQSIYSNGDAVNWEEQGGSYIPTDFQATTSNEGSKASAPARSEPYEQY,DRGSQS,IYSNGD,AVNWEEQGGSYIPT,DFQATT,SNEGSKA,SAPARSEPYEQY,0
SPRWYFYYL,DRGSQSIYSNGDAVSQDGNKLVSGHDYFNNNVPASSFQGALEQY,DRGSQS,IYSNGD,AVSQDGNKLV,SGHDY,FNNNVP,ASSFQGALEQY,0
GILGFVFTL,VSGNPYYITGDNLVAVNADSWGKLQSGHATFQDESVVTGQGDINEQF,VSGNPY,YITGDNLV,AVNADSWGKLQ,SGHAT,FQDESV,VTGQGDINEQF,0
GILGFVFTL,DSVNNIPSGTAVVHNDMRLGHDTYNNKELASSQDVSRLAHLSTDTQN,DSVNN,IPSGT,AVVHNDMR,LGHDT,YNNKEL,ASSQDVSRLAHLSTDTQN,0
GILGFVFTL,TSINNIRSNEREATDARNNARLMSGHTAFQGTGAASSLGGAAYNEQF,TSINN,IRSNERE,ATDARNNARLM,SGHTA,FQGTGA,ASSLGGAAYNEQF,0
LLWNGPMAV,DSSSTYIFSNMDMAEMEGGSYIPTLNHDASQIVNDASSIRSSYEQY,DSSSTY,IFSNMDM,AEMEGGSYIPT,LNHDA,SQIVND,ASSIRSSYEQY,0
NLVPMVATV,DRGSQSIYSNGDAVKGGAAGNKLTSGHTAFQGNSAASSLDSAYEQY,DRGSQS,IYSNGD,AVKGGAAGNKLT,SGHTA,FQGNSA,ASSLDSAYEQY,0
KLGGALQAK,DSASNYIRSNVGEAASRDGQNFVSGHATFQNNGVASSLDPGRGQETQY,DSASNY,IRSNVGE,AASRDGQNFV,SGHAT,FQNNGV,ASSLDPGRGQETQY,1
RLRAEAQVK,TRDTTYYRNSFDEQNALKGNTGTASKLTSGDLSYYNGEEASSVELSTDTQY,TRDTTYY,RNSFDEQN,ALKGNTGTASKLT,SGDLS,YYNGEE,ASSVELSTDTQY,0
RAKFKQLL,YGATPYYFSGDTLVAVGATDSWGKLQMDHENSYDVKMGARPPGVSNEQF,YGATPY,YFSGDTLV,AVGATDSWGKLQ,MDHEN,SYDVKM,GARPPGVSNEQF,0
GILGFVFTL,TRDTTYYRNSFDEQNALSGGNTGANSKLTGTSNPNSVGIGAGLGANVLT,TRDTTYY,RNSFDEQN,ALSGGNTGANSKLT,GTSNPN,SVGIG,AGLGANVLT,0
AVFDRKSDAK,YGATPYYFSGDTLVAVGAPSTSGTYKYIMGHRAYSYEKLASSPTEGGSSTYEQY,YGATPY,YFSGDTLV,AVGAPSTSGTYKYI,MGHRA,YSYEKL,ASSPTEGGSSTYEQY,0
LLWNGPMAV,DSSSTYIFSNMDMAEWGNTGRRALTSEHNRFQNEAQASSFIDNEQF,DSSSTY,IFSNMDM,AEWGNTGRRALT,SEHNR,FQNEAQ,ASSFIDNEQF,0
RAKFKQLL,TSGFNGNVLDGLAVRAGNYGQNFVSNHLYFYNNEIASSTPRQGSNTGELF,TSGFNG,NVLDGL,AVRAGNYGQNFV,SNHLY,FYNNEI,ASSTPRQGSNTGELF,1
GLCTLVAML,TRDTTYYRNSFDEQNALSEPNSGGGADGLTSGHTAFQGNSAASSSGVGNEQF,TRDTTYY,RNSFDEQN,ALSEPNSGGGADGLT,SGHTA,FQGNSA,ASSSGVGNEQF,1
KLGGALQAK,DSVNNIPSGTAVVHNDMRLGHDTYNNKELASSQDVSRLAHLSTDTQN,DSVNN,IPSGT,AVVHNDMR,LGHDT,YNNKEL,ASSQDVSRLAHLSTDTQN,0
LLWNGPMAV,ATGYPSATKADDKAQKGGGSNYKLTKGHSHLQKENIASSPQGYEQY,ATGYPS,ATKADDK,AQKGGGSNYKLT,KGHSH,LQKENI,ASSPQGYEQY,0
AVFDRKSDAK,NSASQSVYSSGVVNGKDSSYKLISNHLYFYNNEIASSGGAVAPSEQF,NSASQS,VYSSG,VVNGKDSSYKLI,SNHLY,FYNNEI,ASSGGAVAPSEQF,0
RAKFKQLL,NSASQSVYSSGVVNRNNDMRSGHNSFNNNVPALGDLNTGELF,NSASQS,VYSSG,VVNRNNDMR,SGHNS,FNNNVP,ALGDLNTGELF,0
RAKFKQLL,SVFSSVVTGGEVAGANDYKLSSGDLSYYNGEEASSAGQGGGYGYT,SVFSS,VVTGGEV,AGANDYKLS,SGDLS,YYNGEE,ASSAGQGGGYGYT,0
LLWNGPMAV,TTLSNLVKSGEVAVTYGGSQGNLILNHDASQIVNDASSIRSTGEL,TTLSN,LVKSGEV,AVTYGGSQGNLI,LNHDA,SQIVND,ASSIRSTGEL,0
CINGVCWTV,VSGLRGLYSAGEEAVQALMYSGGGADGLTSGHVSFQNEAQASSFLAGGYNEQF,VSGLRG,LYSAGEE,AVQALMYSGGGADGLT,SGHVS,FQNEAQ,ASSFLAGGYNEQF,0
GILGFVFTL,DSASNYIRSNVGEAARVRGFGNVLHSGHDTYYEEEEASSLRDGSEAF,DSASNY,IRSNVGE,AARVRGFGNVLH,SGHDT,YYEEEE,ASSLRDGSEAF,0
KLGGALQAK,DSAIYNIQSSQREATYLCAAGDDKIISGHVSFQNEAQASSLQNTGELF,DSAIYN,IQSSQRE,ATYLCAAGDDKII,SGHVS,FQNEAQ,ASSLQNTGELF,0
AVFDRKSDAK,VTNFRSLTSSGIEAVRPNAGGTSYGKLTDFQATTSNEGSKASARDLRLLANTGELF,VTNFRS,LTSSGIE,AVRPNAGGTSYGKLT,DFQATT,SNEGSKA,SARDLRLLANTGELF,0
KLGGALQAK,NIATNDYGYKTKLVASPSGGYNKLISGHDTYYEEEEASSLARQEETQY,NIATNDY,GYKTK,LVASPSGGYNKLI,SGHDT,YYEEEE,ASSLARQEETQY,0
GILGFVFTL,DRGSQSIYSNGDAVGIGFGNVLHMNHEYSMNVEVASSFGQGLSEQF,DRGSQS,IYSNGD,AVGIGFGNVLH,MNHEY,SMNVEV,ASSFGQGLSEQF,0
GILGFVFTL,NSASDYIRSNMDKADSGGGADGLTSEHNRFQNEAQASSLDTQY,NSASDY,IRSNMDK,ADSGGGADGLT,SEHNR,FQNEAQ,ASSLDTQY,0
NLVPMVATV,DRGSQSIYSNGDAVNSNFGNEKLTMNHEYSVGAGIASSSGVEAF,DRGSQS,IYSNGD,AVNSNFGNEKLT,MNHEY,SVGAGI,ASSSGVEAF,0
IVTDFSVIK,TRDTTYYRNSFDEQNALSEAKDEGSEKLVLNHDASQIVNDASSARSSYEQY,TRDTTYY,RNSFDEQN,ALSEAKDEGSEKLV,LNHDA,SQIVND,ASSARSSYEQY,0
CTELKLSDY,DRGSQSIYSNGDAVNDYKLSLGHNAYSLEERASSPNSAGGTEAF,DRGSQS,IYSNGD,AVNDYKLS,LGHNA,YSLEER,ASSPNSAGGTEAF,0
RAKFKQLL,SSVPPYYTSAATLVAVTPGDYKLSLNHDASQIVNDASSIRDSGNQPQH,SSVPPY,YTSAATLV,AVTPGDYKLS,LNHDA,SQIVND,ASSIRDSGNQPQH,0
YLQPRTFLL,TSENNYYQEAYKQQNAFMLGAGGTSYGKLTSGHVSFNYEAQASSFLTGNTEAF,TSENNYY,QEAYKQQN,AFMLGAGGTSYGKLT,SGHVS,FNYEAQ,ASSFLTGNTEAF,0
CINGVCWTV,SSNFYAMTLNGDEAFTTDSWGKLQLGHDTYNNKELASSQGQANEKLF,SSNFYA,MTLNGDE,AFTTDSWGKLQ,LGHDT,YNNKEL,ASSQGQANEKLF,0
GILGFVFTL,DSASNYIRSNVGEAASETSYDKVIMNHNYSVGAGIASSWDGNTEAF,DSASNY,IRSNVGE,AASETSYDKVI,MNHNY,SVGAGI,ASSWDGNTEAF,0
IVTDFSVIK,NSMFDYISSIKDKAASARYGGSQGNLIMNHEYSMNVEVASSGQGYNSPLH,NSMFDY,ISSIKDK,AASARYGGSQGNLI,MNHEY,SMNVEV,ASSGQGYNSPLH,0
GILGFVFTL,TISGTDYGLTSNILNRDDKIIDFQATTSNEGSKASALYPLAGPGNEQF,TISGTDY,GLTSN,ILNRDDKII,DFQATT,SNEGSKA,SALYPLAGPGNEQF,0
ATDALMTGF,VSGNPYYITGDNLVTSRVTDYKLSSEHNRFQNEAQASSPDRESNTGELF,VSGNPY,YITGDNLV,TSRVTDYKLS,SEHNR,FQNEAQ,ASSPDRESNTGELF,0
GILGFVFTL,VSGLRGLYSAGEEAVQALMYSGGGADGLTSGHVSFQNEAQASSFLAGGYNEQF,VSGLRG,LYSAGEE,AVQALMYSGGGADGLT,SGHVS,FQNEAQ,ASSFLAGGYNEQF,0
DATYQRTRALVR,DSSSTYIFSNMDMAETRRVTGGGNKLTMNHEYSVGAGIASSPGDTQY,DSSSTY,IFSNMDM,AETRRVTGGGNKLT,MNHEY,SVGAGI,ASSPGDTQY,0
ATDALMTGF,NSAFQYTYSSGNAVTSNSNSGYALNMDHENSYDVKMASSPQGVGQPQH,NSAFQY,TYSSGN,AVTSNSNSGYALN,MDHEN,SYDVKM,ASSPQGVGQPQH,0
AVFDRKSDAK,DSSSTYIFSNMDMADNAGNNRKLISGDLSYYNGEEASSVASNQPQH,DSSSTY,IFSNMDM,ADNAGNNRKLI,SGDLS,YYNGEE,ASSVASNQPQH,1
KLGGALQAK,YGATPYYFSGDTLVAPGETGANNLFLNHDASQIVNDASSFYSNQPQH,YGATPY,YFSGDTLV,APGETGANNLF,LNHDA,SQIVND,ASSFYSNQPQH,0
KLGGALQAK,DSSSTYIFSNMDMAEINAGNMLTMDHENSYDVKMASSLGGFDMNTEAF,DSSSTY,IFSNMDM,AEINAGNMLT,MDHEN,SYDVKM,ASSLGGFDMNTEAF,1
ELAGIGILTV,DRGSQSIYSNGDAVNKDAGNKLTMNHEYSVGAGIASSYLTGTSGEQF,DRGSQS,IYSNGD,AVNKDAGNKLT,MNHEY,SVGAGI,ASSYLTGTSGEQF,0
ELAGIGILTV,DSSSTYIFSNMDMAENRCSTLTSGDLSYYNGEEASSVAGGDEQF,DSSSTY,IFSNMDM,AENRCSTLT,SGDLS,YYNGEE,ASSVAGGDEQF,0
CINGVCWTV,YSGSPEHISRAPIRAGNNRKLIPRHDTFYEKMQASSVVGTGGRNTEAF,YSGSPE,HISR,APIRAGNNRKLI,PRHDT,FYEKMQ,ASSVVGTGGRNTEAF,0
AVFDRKSDAK,TRDTTYYRNSFDEQNALKGNTGTASKLTSGDLSYYNGEEASSVELSTDTQY,TRDTTYY,RNSFDEQN,ALKGNTGTASKLT,SGDLS,YYNGEE,ASSVELSTDTQY,0
GILGFVFTL,TSGFNGNVLDGLAVETGGFKTILGHNAYSLEERASSQEPSGMVSRDNEQF,TSGFNG,NVLDGL,AVETGGFKTI,LGHNA,YSLEER,ASSQEPSGMVSRDNEQF,0
CINGVCWTV,TTLSNLVKSGEVAVTGGFKTILGHDTYNNKELASSQGGSSSEKLF,TTLSN,LVKSGEV,AVTGGFKTI,LGHDT,YNNKEL,ASSQGGSSSEKLF,0
KLGGALQAK,DSASNYIRSNVGEAATNSGGSNYKLTSGHNTYYREEEASSFQGWELF,DSASNY,IRSNVGE,AATNSGGSNYKLT,SGHNT,YYREEE,ASSFQGWELF,0
RAKFKQLL,NSMFDYISSIKDKAASDGAGNMLTMDHENSYDVKMASRGLIIQRSSYEQY,NSMFDY,ISSIKDK,AASDGAGNMLT,MDHEN,SYDVKM,ASRGLIIQRSSYEQY,0
RPPIFIRRL,SSNFYAMTLNGDEAFRYWSWGKLQKGHDRSFDVKDATMNGLSSYNEQF,SSNFYA,MTLNGDE,AFRYWSWGKLQ,KGHDR,SFDVKD,ATMNGLSSYNEQF,1
ELAGIGILTV,VSGLRGLYSAGEEAVQALRAAGNKLTSGHRSYFSETQASRGSSSISGANVLT,VSGLRG,LYSAGEE,AVQALRAAGNKLT,SGHRS,YFSETQ,ASRGSSSISGANVLT,0
KLGGALQAK,NSMFDYISSIKDKAASGGSNYKLTLGHDTYNNKELASSQEVMTALQPDYGYT,NSMFDY,ISSIKDK,AASGGSNYKLT,LGHDT,YNNKEL,ASSQEVMTALQPDYGYT,0
GILGFVFTL,NSMFDYISSIKDKAASDGAGGTSYGKLTSGHTSYDEGEEASSLWTGSHEQY,NSMFDY,ISSIKDK,AASDGAGGTSYGKLT,SGHTS,YDEGEE,ASSLWTGSHEQY,0
RAKFKQLL,DRGSQSIYSNGDAVKDDKIIMGHDKSYGVNSASTGTGGFSYNEQF,DRGSQS,IYSNGD,AVKDDKII,MGHDK,SYGVNS,ASTGTGGFSYNEQF,0
YLQPRTFLL,YSGSPEHISRALVTFTGGGNKLTSGHNTYYREEEASSSTGGGEKDQPQH,YSGSPE,HISR,ALVTFTGGGNKLT,SGHNT,YYREEE,ASSSTGGGEKDQPQH,0
GILGFVFTL,DRGSQSIYSNGDAVGNSGGYQKVTLGHNAYSLEERASSQDHNRGQGYT,DRGSQS,IYSNGD,AVGNSGGYQKVT,LGHNA,YSLEER,ASSQDHNRGQGYT,0
LLWNGPMAV,YGATPYYFSGDTLVAVTRDDKIISGHNSFNNNVPASSGGVSGGAGETQY,YGATPY,YFSGDTLV,AVTRDDKII,SGHNS,FNNNVP,ASSGGVSGGAGETQY,0
KLGGALQAK,NSASDYIRSNMDKAENLGDSSYKLISGHDYFNNNVPASRPSGGAETQY,NSASDY,IRSNMDK,AENLGDSSYKLI,SGHDY,FNNNVP,ASRPSGGAETQY,0
RAKFKQLL,DSVNNIPSGTAAGLYSSASKIISNHLYFYNNEIASSGFSHEEGTEAF,DSVNN,IPSGT,AAGLYSSASKII,SNHLY,FYNNEI,ASSGFSHEEGTEAF,0
GILGFVFTL,DRGSQSIYSNGDAVGMYSGGGADGLTMNHEYSVGEGTASSYGVGQPQH,DRGSQS,IYSNGD,AVGMYSGGGADGLT,MNHEY,SVGEGT,ASSYGVGQPQH,0
IVTDFSVIK,DSAIYNIQSSQREAVDLMKTSYDKVILNHDASQIVNDASSITWTGNMNTEAF,DSAIYN,IQSSQRE,AVDLMKTSYDKVI,LNHDA,SQIVND,ASSITWTGNMNTEAF,0
NLVPMVATV,YGATPYYFSGDTLVAVGAPERTSGTYKYIPRHDTFYEKMQASSPGTAAGLTYEQY,YGATPY,YFSGDTLV,AVGAPERTSGTYKYI,PRHDT,FYEKMQ,ASSPGTAAGLTYEQY,0
AVFDRKSDAK,TSGFYGNALDGLVLDSNYQLISGHNTYYREEEASSLEWGWPPYYEQY,TSGFYG,NALDGL,VLDSNYQLI,SGHNT,YYREEE,ASSLEWGWPPYYEQY,0
GILGFVFTL,TSENNYYQEAYKQQNAFMTNAGGTSYGKLTSGHATFQDESVASSLLSGSYEQY,TSENNYY,QEAYKQQN,AFMTNAGGTSYGKLT,SGHAT,FQDESV,ASSLLSGSYEQY,1
RAKFKQLL,TSESDYYQEAYKQQNAYSKLKAAGNKLTSGHDNFVKESKASSQREGTDTQY,TSESDYY,QEAYKQQN,AYSKLKAAGNKLT,SGHDN,FVKESK,ASSQREGTDTQY,0
KLGGALQAK,DRGSQSIYSNGDAVRGYGGSQGNLIMNHEYSVGEGTASSRMGFYEQY,DRGSQS,IYSNGD,AVRGYGGSQGNLI,MNHEY,SVGEGT,ASSRMGFYEQY,0
ATDALMTGF,NSASQSVYSSGVVGDNNDMRSQVTMANQGSEASVEGVGTSIGEQF,NSASQS,VYSSG,VVGDNNDMR,SQVTM,ANQGSEA,SVEGVGTSIGEQF,0
FEDLRVLSF,YGGTVNYFSGDPLVAVNAAGNDYKLSSEHNRFQNEAQASSTRTGQETQY,YGGTVN,YFSGDPLV,AVNAAGNDYKLS,SEHNR,FQNEAQ,ASSTRTGQETQY,0
RAKFKQLL,DSASNYIRSNVGEAASETSYDKVISEHNRFQNEAQASSSLGGGNTEAF,DSASNY,IRSNVGE,AASETSYDKVI,SEHNR,FQNEAQ,ASSSLGGGNTEAF,1
ELAGIGILTV,DSSSTYIFSNMDMAEISPSGGSYIPTKGHDRSFDVKDATSDLKVHSGNYGYT,DSSSTY,IFSNMDM,AEISPSGGSYIPT,KGHDR,SFDVKD,ATSDLKVHSGNYGYT,0
LLWNGPMAV,TISGNEYGLKNNIGAGNMLTKGHDRSFDVKDATSDRDRPNYGYT,TISGNEY,GLKNN,IGAGNMLT,KGHDR,SFDVKD,ATSDRDRPNYGYT,0
NLVPMVATV,TSINNIRSNEREATASYNTDKLISGDLSYYNGEEASSVAPTGDTDTQY,TSINN,IRSNERE,ATASYNTDKLI,SGDLS,YYNGEE,ASSVAPTGDTDTQY,0
RAKFKQLL,TSESDYYQEAYKQQNAYRSLDLSGNTPLVMNHEYSMNVEVASSLYIQGGEQY,TSESDYY,QEAYKQQN,AYRSLDLSGNTPLV,MNHEY,SMNVEV,ASSLYIQGGEQY,0
RAKFKQLL,YGATPYYFSGDTLVAVGAPSTSGTYKYIMGHRAYSYEKLASSPTEGGSSTYEQY,YGATPY,YFSGDTLV,AVGAPSTSGTYKYI,MGHRA,YSYEKL,ASSPTEGGSSTYEQY,0
KLGGALQAK,DSASNYIRSNVGEAASETSYDKVISGDLSYYNGEEASSGTGSTDTQY,DSASNY,IRSNVGE,AASETSYDKVI,SGDLS,YYNGEE,ASSGTGSTDTQY,0
AVFDRKSDAK,TRDTTYYRNSFDEQNALSERSNTGKLISEHNRFQNEAQASSPNYEQY,TRDTTYY,RNSFDEQN,ALSERSNTGKLI,SEHNR,FQNEAQ,ASSPNYEQY,0
RAKFKQLL,VSPFSNMTFSENTVGYTNAGKSTLNHDASQIVNDASSARSSYEQY,VSPFSN,MTFSENT,VGYTNAGKST,LNHDA,SQIVND,ASSARSSYEQY,1
IVTDFSVIK,SSYSPSYTSAATLVVLTGANNLFSGHTAFQGTGAASSLGTAAYNEQF,SSYSPS,YTSAATLV,VLTGANNLF,SGHTA,FQGTGA,ASSLGTAAYNEQF,0
KLGGALQAK,DRGSQSIYSNGDAVNWEEQGGSYIPTMDHENSYDVKMASSLRGGGSYT,DRGSQS,IYSNGD,AVNWEEQGGSYIPT,MDHEN,SYDVKM,ASSLRGGGSYT,1
IVTDFSVIK,SVFSSVVTGGEVAGDWNNNAGNMLTSGHDYFNNNVPASSRGTVYEQY,SVFSS,VVTGGEV,AGDWNNNAGNMLT,SGHDY,FNNNVP,ASSRGTVYEQY,0
ELAGIGILTV,DRGSQSIYSNGDAVGANSGYSTLTSGHRSYFSETQASSLEGQGGSPLH,DRGSQS,IYSNGD,AVGANSGYSTLT,SGHRS,YFSETQ,ASSLEGQGGSPLH,1
GILGFVFTL,TISGNEYGLKNNIVRVGYTGFQKLVMGHRAYSYEKLASRGTGGGSGQPQH,TISGNEY,GLKNN,IVRVGYTGFQKLV,MGHRA,YSYEKL,ASRGTGGGSGQPQH,0
VLFGLGFAI,SVFSSVVTGGEVAGGGFADYGGSQGNLILNHDASQIVNDASSLYSNQPQH,SVFSS,VVTGGEV,AGGGFADYGGSQGNLI,LNHDA,SQIVND,ASSLYSNQPQH,0
DATYQRTRALVR,TSGFNGNVLDGLAVMDSSYKLIMRHNASNTAGTASSAGTSPTDTQY,TSGFNG,NVLDGL,AVMDSSYKLI,MRHNA,SNTAGT,ASSAGTSPTDTQY,1
DATYQRTRALVR,DSASNYIRSNVGEAAAETSYDKVILNHDASQIVNDASSWIAANTGELF,DSASNY,IRSNVGE,AAAETSYDKVI,LNHDA,SQIVND,ASSWIAANTGELF,0
AVFDRKSDAK,DSASNYIRSNVGEAASFVERSNYKLTMNHEYSVGEGTASEEQGGLETQY,DSASNY,IRSNVGE,AASFVERSNYKLT,MNHEY,SVGEGT,ASEEQGGLETQY,1
AVFDRKSDAK,DRGSQSIYSNGDAMNPAWGGATNKLISGHATFQNNGVASSLNRGDPEAF,DRGSQS,IYSNGD,AMNPAWGGATNKLI,SGHAT,FQNNGV,ASSLNRGDPEAF,0
KLGGALQAK,SSVPPYYTSAATLVAVSETYSSASKIILGHNAYSLEERASSQGSSAAYGYT,SSVPPY,YTSAATLV,AVSETYSSASKII,LGHNA,YSLEER,ASSQGSSAAYGYT,1
AVFDRKSDAK,KTLYGLQKGGEEGAPTSSNTGKLIMNHEYSMNVEVASSPSGVWRDETQY,KTLYG,LQKGGEE,GAPTSSNTGKLI,MNHEY,SMNVEV,ASSPSGVWRDETQY,0
RAKFKQLL,TSGFNGNVLDGLAVEAAGNKLTLGHNAYNFKEQASSQTTRQSNTEAF,TSGFNG,NVLDGL,AVEAAGNKLT,LGHNA,YNFKEQ,ASSQTTRQSNTEAF,0
GILGFVFTL,TISGTDYGLTSNILRDLNAGGTSYGKLTSGHNSFNNNVPASSFSGNTGELF,TISGTDY,GLTSN,ILRDLNAGGTSYGKLT,SGHNS,FNNNVP,ASSFSGNTGELF,0
NLVPMVATV,DSASNYIRSNVGEAAPYSGGSNYKLTSGHTAFQGTGAASSLVGTGELF,DSASNY,IRSNVGE,AAPYSGGSNYKLT,SGHTA,FQGTGA,ASSLVGTGELF,1
ELAGIGILTV,YGGTVNYFSGDPLVAVNRNAGNMLTLNHDASQIVNDASSIRSSYEQY,YGGTVN,YFSGDPLV,AVNRNAGNMLT,LNHDA,SQIVND,ASSIRSSYEQY,0
ELAGIGILTV,DRGSQSIYSNGDAVNGNARLMDFQATTSNEGSKASLIQGLGTEAF,DRGSQS,IYSNGD,AVNGNARLM,DFQATT,SNEGSKA,SLIQGLGTEAF,1
ELAGIGILTV,VSGLRGLYSAGEEAVQRSDGQKLLMGHRAYSYEKLASSQEAQGETQY,VSGLRG,LYSAGEE,AVQRSDGQKLL,MGHRA,YSYEKL,ASSQEAQGETQY,0
IVTDFSVIK,VSGLRGLYSAGEEAVQALMYSGGGADGLTSGHVSFQNEAQASSFLAGGYNEQF,VSGLRG,LYSAGEE,AVQALMYSGGGADGLT,SGHVS,FQNEAQ,ASSFLAGGYNEQF,1
CINGVCWTV,YGGTVNYFSGDPLVAVNEDNFNKFYMGHRAYSYEKLASSLGGTNEQF,YGGTVN,YFSGDPLV,AVNEDNFNKFY,MGHRA,YSYEKL,ASSLGGTNEQF,0
GILGFVFTL,DRGSQSIYSNGDAASGGTYKYISGDLSYYNGEEASSSGRLTNTEAF,DRGSQS,IYSNGD,AASGGTYKYI,SGDLS,YYNGEE,ASSSGRLTNTEAF,0
AVFDRKSDAK,TSGFNGNVLDGLAVRDRWSGGYQKVTMNHEYSMNVEVASSFGQGSSPLH,TSGFNG,NVLDGL,AVRDRWSGGYQKVT,MNHEY,SMNVEV,ASSFGQGSSPLH,0
GILGFVFTL,DSAIYNIQSSQREAVMNSGGYQKVTSGHKSYYEKEEASSGPGGVDEQY,DSAIYN,IQSSQRE,AVMNSGGYQKVT,SGHKS,YYEKEE,ASSGPGGVDEQY,0
KLGGALQAK,TRDTTYYRNSFDEQNALSEAVGADGLTSGHNTYYREEEASSLRSRDSPLH,TRDTTYY,RNSFDEQN,ALSEAVGADGLT,SGHNT,YYREEE,ASSLRSRDSPLH,1
LLWNGPMAV,TISGTDYGLTSNILRVWNNAGNMLTSGHDYFNNNVPASSFTWTSGLYEQY,TISGTDY,GLTSN,ILRVWNNAGNMLT,SGHDY,FNNNVP,ASSFTWTSGLYEQY,0
GILGFVFTL,DSSSTYIFSNMDMAESMGTGGFKTISGHTAFQGNSAASSSPGGMETQY,DSSSTY,IFSNMDM,AESMGTGGFKTI,SGHTA,FQGNSA,ASSSPGGMETQY,1
GILGFVFTL,DSASNYIRSNVGEAASEEYGNKLVLGHNAYNFKEQASSQRPSEVGELF,DSASNY,IRSNVGE,AASEEYGNKLV,LGHNA,YNFKEQ,ASSQRPSEVGELF,0
YLQPRTFLL,DRGSQSIYSNGDASVGMDSSYKLISGHNSFNNNVPASSFSGNTGELF,DRGSQS,IYSNGD,ASVGMDSSYKLI,SGHNS,FNNNVP,ASSFSGNTGELF,0
CINGVCWTV,TRDTTYYRNSFDEQNALSEAGSGYSTLTLGHNAYNFKEQASSQTYPGAYNEQF,TRDTTYY,RNSFDEQN,ALSEAGSGYSTLT,LGHNA,YNFKEQ,ASSQTYPGAYNEQF,0
ATDALMTGF,DRGSQSIYSNGDAVKDDKIIMGHDKSYGVNSASTGTGGFSYNEQF,DRGSQS,IYSNGD,AVKDDKII,MGHDK,SYGVNS,ASTGTGGFSYNEQF,0
RAKFKQLL,SSVSVYYLSGSTLVAVSDPDTDKLIMNHNSSASEGTASSDWTNTGELF,SSVSVY,YLSGSTLV,AVSDPDTDKLI,MNHNS,SASEGT,ASSDWTNTGELF,0
KLGGALQAK,TSGFNGNVLDGLAVRDPGRDYKLSDFQATTSNEGSKASARGHETTGELF,TSGFNG,NVLDGL,AVRDPGRDYKLS,DFQATT,SNEGSKA,SARGHETTGELF,0
NLVPMVATV,DSSSTYIFSNMDMAENRCSTLTSGDLSYYNGEEASSVAGGDEQF,DSSSTY,IFSNMDM,AENRCSTLT,SGDLS,YYNGEE,ASSVAGGDEQF,0
KLGGALQAK,NSASDYIRSNMDKADSGGGADGLTSGHRSYFSETQASSQQGQPQETQY,NSASDY,IRSNMDK,ADSGGGADGLT,SGHRS,YFSETQ,ASSQQGQPQETQY,0
RAKFKQLL,TSDPSYGQGSYDQQNAMRDGGGSQGNLILNHDASQIVNDASSIRSGAEQY,TSDPSYG,QGSYDQQN,AMRDGGGSQGNLI,LNHDA,SQIVND,ASSIRSGAEQY,0
GILGFVFTL,SVFSSVVTGGEVAGDWNNNAGNMLTSGHDYFNNNVPASSRGTVYEQY,SVFSS,VVTGGEV,AGDWNNNAGNMLT,SGHDY,FNNNVP,ASSRGTVYEQY,0
ELAGIGILTV,NIATNDYGYKTKLVVGRYAGNMLTSNHLYFYNNEIASSLNRELF,NIATNDY,GYKTK,LVVGRYAGNMLT,SNHLY,FYNNEI,ASSLNRELF,0
ELAGIGILTV,DRGSQSIYSNGDAASGGYQKVTSGHTAFQGTGAASSPPGSGELF,DRGSQS,IYSNGD,AASGGYQKVT,SGHTA,FQGTGA,ASSPPGSGELF,1
GILGFVFTL,SVFSSVVTGGEVAGQYGNKLVSQVTMANQGSEASAGTSGSNEQF,SVFSS,VVTGGEV,AGQYGNKLV,SQVTM,ANQGSEA,SAGTSGSNEQF,0
RAKFKQLL,SVFSSVVTGGEVAGQYGNKLVSQVTMANQGSEASAGTSGSNEQF,SVFSS,VVTGGEV,AGQYGNKLV,SQVTM,ANQGSEA,SAGTSGSNEQF,0
NLVPMVATV,NSMFDYISSIKDKAASGGSYIPTMNHEYSVGAGIASSSGPAYEQY,NSMFDY,ISSIKDK,AASGGSYIPT,MNHEY,SVGAGI,ASSSGPAYEQY,0
KLGGALQAK,NSASDYIRSNMDKAENSSLAGKSTMGHRAYSYEKLASSQDRGGPGELF,NSASDY,IRSNMDK,AENSSLAGKST,MGHRA,YSYEKL,ASSQDRGGPGELF,0
CINGVCWTV,TTLSNLVKSGEVAGPVYDYKLSSGHVSFQNEAQASSLSGTGDYEQY,TTLSN,LVKSGEV,AGPVYDYKLS,SGHVS,FQNEAQ,ASSLSGTGDYEQY,0
SPRWYFYYL,DSASNYIRSNVGEAAINTGTASKLTMNHEYSMNVEVASSSPGPREKLF,DSASNY,IRSNVGE,AAINTGTASKLT,MNHEY,SMNVEV,ASSSPGPREKLF,0
SPRWYFYYL,VSPFSNMTFSENTVVSSYSSASKIIKGHDRSFDVKDATSDLPGKAGYT,VSPFSN,MTFSENT,VVSSYSSASKII,KGHDR,SFDVKD,ATSDLPGKAGYT,1
IVTDFSVIK,TSGFYGNALDGLAVREVTGGFKTILNHDASQIVNDASSPGQLYEQY,TSGFYG,NALDGL,AVREVTGGFKTI,LNHDA,SQIVND,ASSPGQLYEQY,0
AVFDRKSDAK,NSASQSVYSSGVVNMGDFGNEKLTLGHNAYNFKEQASSPRLAARSDTQY,NSASQS,VYSSG,VVNMGDFGNEKLT,LGHNA,YNFKEQ,ASSPRLAARSDTQY,0
ELAGIGILTV,TSGFYGNALDGLAVEPVGGNTPLVMRHNASNTAGTASTPGQALNEQY,TSGFYG,NALDGL,AVEPVGGNTPLV,MRHNA,SNTAGT,ASTPGQALNEQY,0
GILGFVFTL,DSASNYIRSNVGEAAQGSQGNLILNHDASQIVNDASSTFGANVLT,DSASNY,IRSNVGE,AAQGSQGNLI,LNHDA,SQIVND,ASSTFGANVLT,1
KLGGALQAK,TISGTDYGLTSNILRDVRGQNFVDFQATTSNEGSKASAFTGEGNTIY,TISGTDY,GLTSN,ILRDVRGQNFV,DFQATT,SNEGSKA,SAFTGEGNTIY,0
KLGGALQAK,TISGNEYGLKNNIVRVPSGGGNKLTSGHNTYYREEEASSSGGPVDTQY,TISGNEY,GLKNN,IVRVPSGGGNKLT,SGHNT,YYREEE,ASSSGGPVDTQY,1
NLVPMVATV,DRGSQSIYSNGDAVINYQLISEHNRFQNEAQASSLDRDASYNEQF,DRGSQS,IYSNGD,AVINYQLI,SEHNR,FQNEAQ,ASSLDRDASYNEQF,0
FEDLRLLSF,SSNFYAMTLNGDEAFSYNNNDMRMGHRAYSYEKLASSQDRFTDPYGYT,SSNFYA,MTLNGDE,AFSYNNNDMR,MGHRA,YSYEKL,ASSQDRFTDPYGYT,0
ELAGIGILTV,NSASDYIRSNMDKAENGGGGADGLTSGHDTYYEEEEASSFEGLNTGELF,NSASDY,IRSNMDK,AENGGGGADGLT,SGHDT,YYEEEE,ASSFEGLNTGELF,0
GILGFVFTL,DRGSQSIYSNGDAVSGGSYIPTMNHEYSMNVEVASRDSAYRNEKLF,DRGSQS,IYSNGD,AVSGGSYIPT,MNHEY,SMNVEV,ASRDSAYRNEKLF,0
AVFDRKSDAK,TRDTTYYRNSFDEQNALSEAYSSASKIIMNHEYSMNVEVASSLVAGSSNEQF,TRDTTYY,RNSFDEQN,ALSEAYSSASKII,MNHEY,SMNVEV,ASSLVAGSSNEQF,1
GILGFVFTL,KTLYGLQKGGEEGAEKGIQGAQKLVSGHATFQNNGVASSLAPGASGRSYNEQF,KTLYG,LQKGGEE,GAEKGIQGAQKLV,SGHAT,FQNNGV,ASSLAPGASGRSYNEQF,0
CTELKLSDY,VSGNPYYITGDNLVAVRDMLGFNKFYMRHNASNTAGTASSPTGSDTGELF,VSGNPY,YITGDNLV,AVRDMLGFNKFY,MRHNA,SNTAGT,ASSPTGSDTGELF,0
KLGGALQAK,DSAIYNIQSSQREAVRRSASKIISGHDTYYEEEEASSSAGTDHEQY,DSAIYN,IQSSQRE,AVRRSASKII,SGHDT,YYEEEE,ASSSAGTDHEQY,0
RAKFKQLL,TRDTTYYRNSFDEQNALSENDYKLSSEHNRFQNEAQASTEEARRPYGYT,TRDTTYY,RNSFDEQN,ALSENDYKLS,SEHNR,FQNEAQ,ASTEEARRPYGYT,0
RLPGVLPRA,SVFSSVVTGGEVAGGYQKVTMNHEYSVGEGTASAALAAYNEQF,SVFSS,VVTGGEV,AGGYQKVT,MNHEY,SVGEGT,ASAALAAYNEQF,0
GLCTLVAML,SVFSSVVTGGEVAGARSGSQGNLILNHDASQIVNDASSVRSSYEQY,SVFSS,VVTGGEV,AGARSGSQGNLI,LNHDA,SQIVND,ASSVRSSYEQY,0
IVTDFSVIK,TISGTDYGLTSNILRGNQFYSGHRSYFSETQASSPSLLEGNSYEQY,TISGTDY,GLTSN,ILRGNQFY,SGHRS,YFSETQ,ASSPSLLEGNSYEQY,1
KLGGALQAK,SSYSPSYTSAATLVVVSAPGQAGTALISEHNRFQNEAQASSLDQGMTEAF,SSYSPS,YTSAATLV,VVSAPGQAGTALI,SEHNR,FQNEAQ,ASSLDQGMTEAF,1
ATDALMTGF,TRDTTYYRNSFDEQNALSEAKDEGSEKLVLNHDASQIVNDASSARSSYEQY,TRDTTYY,RNSFDEQN,ALSEAKDEGSEKLV,LNHDA,SQIVND,ASSARSSYEQY,0
LLWNGPMAV,DRGSQSIYSNGDAVTGDKLISGHDYFNNNVPALSDLGGSGNTGKLI,DRGSQS,IYSNGD,AVTGDKLI,SGHDY,FNNNVP,ALSDLGGSGNTGKLI,1
ELAGIGILTV,SVFSSVVTGGEVAGNSGNTGKLISQVTMANQGSEASACRDREPDTQY,SVFSS,VVTGGEV,AGNSGNTGKLI,SQVTM,ANQGSEA,SACRDREPDTQY,0
SPRWYFYYL,TTLSNLVKSGEVAGKNSNDYKLSMNHEYSMNVEVASSPIRQDMGGYT,TTLSN,LVKSGEV,AGKNSNDYKLS,MNHEY,SMNVEV,ASSPIRQDMGGYT,0
GLCTLVAML,DRGSQSIYSNGDAVNIDNMDSNYQLISGDLSYYNGEEASSVGGEAYEQY,DRGSQS,IYSNGD,AVNIDNMDSNYQLI,SGDLS,YYNGEE,ASSVGGEAYEQY,1
ELAGIGILTV,TSENNYYQEAYKQQNAFMINAGGTSYGKLTSGHATFQNNGVASSWGGGSHYGYT,TSENNYY,QEAYKQQN,AFMINAGGTSYGKLT,SGHAT,FQNNGV,ASSWGGGSHYGYT,0
RLRAEAQVK,DSASNYIRSNVGEAATDTGGTSYGKLTLGHDTYNNKELASSQAYPSGAQASTDTQY,DSASNY,IRSNVGE,AATDTGGTSYGKLT,LGHDT,YNNKEL,ASSQAYPSGAQASTDTQY,1
AVFDRKSDAK,SVFSSVVTGGEVAGGGSSNTGKLISGHDTYYEEEEASSLRDGSEAF,SVFSS,VVTGGEV,AGGGSSNTGKLI,SGHDT,YYEEEE,ASSLRDGSEAF,0
NLVPMVATV,TSGFYGNALDGLAVKAAGNKLTLGHDTYNNKELASSQDLQGVKNAEAF,TSGFYG,NALDGL,AVKAAGNKLT,LGHDT,YNNKEL,ASSQDLQGVKNAEAF,0
GLCTLVAML,TISGNEYGLKNNIVRVTMDSNYQLILGHDTYNNKELASSQDRGATDELF,TISGNEY,GLKNN,IVRVTMDSNYQLI,LGHDT,YNNKEL,ASSQDRGATDELF,0
NLVPMVATV,DSSSTYIFSNMDMAEMEGGSYIPTPRHDTFYEKMQASSLMRGGTYNSPLH,DSSSTY,IFSNMDM,AEMEGGSYIPT,PRHDT,FYEKMQ,ASSLMRGGTYNSPLH,0
KSKRTPMGF,YGATPYYFSGDTLVAVGFNNNDMRWNHNNSYGVQDASSESRLDGYT,YGATPY,YFSGDTLV,AVGFNNNDMR,WNHNN,SYGVQD,ASSESRLDGYT,0
GILGFVFTL,VSGNPYYITGDNLVAVSAASGGSYIPTSGHTAFQGNSAASSPRDRERGEQY,VSGNPY,YITGDNLV,AVSAASGGSYIPT,SGHTA,FQGNSA,ASSPRDRERGEQY,0
RAKFKQLL,TSGFNGNVLDGLAVRAGGGNKLTDFQATTSNEGSKASARDLGGPNTGELF,TSGFNG,NVLDGL,AVRAGGGNKLT,DFQATT,SNEGSKA,SARDLGGPNTGELF,0
IVTDFSVIK,YGGTVNYFSGDPLVAVICNDYKLSDFQATTSNEGSKASADGTHTPTDTQY,YGGTVN,YFSGDPLV,AVICNDYKLS,DFQATT,SNEGSKA,SADGTHTPTDTQY,0
KSKRTPMGF,SVFSSVVTGGEVAGVGVNTGKLIMNHNYSVGAGIASSPFFRNSASTDTQY,SVFSS,VVTGGEV,AGVGVNTGKLI,MNHNY,SVGAGI,ASSPFFRNSASTDTQY,0
RAKFKQLL,DSASNYIRSNVGEAASGPGDDKIIMNHEYSMNVEVASSPHFQVDTGELF,DSASNY,IRSNVGE,AASGPGDDKII,MNHEY,SMNVEV,ASSPHFQVDTGELF,1
ELAGIGILTV,NIATNDYGYKTKLVGEANGGSQGNLISGDLSYYNGEEAILGGGAVRDQPQH,NIATNDY,GYKTK,LVGEANGGSQGNLI,SGDLS,YYNGEE,AILGGGAVRDQPQH,0
GILGFVFTL,DRGSQSIYSNGDAVGANSGYSTLTSGHRSYFSETQASSLEGQGGSPLH,DRGSQS,IYSNGD,AVGANSGYSTLT,SGHRS,YFSETQ,ASSLEGQGGSPLH,0
ELAGIGILTV,TRDTTYYRNSFDEQNALSEANTGGFKTISQVTMANQGSEASVGTGDWGEQY,TRDTTYY,RNSFDEQN,ALSEANTGGFKTI,SQVTM,ANQGSEA,SVGTGDWGEQY,0
KLGGALQAK,DRGSQSIYSNGDAGGDDKIISGDLSYYNGEEASSPGLAYEQY,DRGSQS,IYSNGD,AGGDDKII,SGDLS,YYNGEE,ASSPGLAYEQY,0
DATYQRTRALVR,TRDTTYYRNSFDEQNALSSPSAAGNKLTMNHEYSVGAGIASKGLAGGGSYNEQF,TRDTTYY,RNSFDEQN,ALSSPSAAGNKLT,MNHEY,SVGAGI,ASKGLAGGGSYNEQF,0
RLRAEAQVK,DRGSQSIYSNGDAVNDYKLSLGHNAYSLEERASSPNSAGGTEAF,DRGSQS,IYSNGD,AVNDYKLS,LGHNA,YSLEER,ASSPNSAGGTEAF,0
GILGFVFTL,NSASDYIRSNMDKAENIGGFKTIMNHNSSASEGTASTLRDYEQY,NSASDY,IRSNMDK,AENIGGFKTI,MNHNS,SASEGT,ASTLRDYEQY,0
GILGFVFTL,TISGNEYGLKNNIVRVGTSGSARQLTLNHDASQIVNDASSISPSGFNGYT,TISGNEY,GLKNN,IVRVGTSGSARQLT,LNHDA,SQIVND,ASSISPSGFNGYT,0
KSKRTPMGF,TISGTDYGLTSNILGSNDYKLSSQVTMANQGSEASPGTDLYEQY,TISGTDY,GLTSN,ILGSNDYKLS,SQVTM,ANQGSEA,SPGTDLYEQY,0
AVFDRKSDAK,DSSSTYIFSNMDMAEEGNTGKLISGHTAFQGTGAASSTPLENEQF,DSSSTY,IFSNMDM,AEEGNTGKLI,SGHTA,FQGTGA,ASSTPLENEQF,0
KLGGALQAK,DSSSTYIFSNMDMAETQDSNYQLIMNHEYSMNVEVASGQGSQPQH,DSSSTY,IFSNMDM,AETQDSNYQLI,MNHEY,SMNVEV,ASGQGSQPQH,0
KLGGALQAK,DRGSQSIYSNGDAVNVGGSYIPTMNHEYSVGAGIASTQGLGAEQY,DRGSQS,IYSNGD,AVNVGGSYIPT,MNHEY,SVGAGI,ASTQGLGAEQY,0
GILGFVFTL,DRGSQSIYSNGDAVNDRGSEKLVLNHDASQIVNDASSARSSYEQY,DRGSQS,IYSNGD,AVNDRGSEKLV,LNHDA,SQIVND,ASSARSSYEQY,1
RAKFKQLL,SSVSVYYLSGSTLVAVSGYGGYNKLIMGHRAYSYEKLASSQEGPDRSGI,SSVSVY,YLSGSTLV,AVSGYGGYNKLI,MGHRA,YSYEKL,ASSQEGPDRSGI,0
YLQPRTFLL,DRGSQSIYSNGDAVNWEEQGGSYIPTKGHDRSFDVKDATSDRLAGGELF,DRGSQS,IYSNGD,AVNWEEQGGSYIPT,KGHDR,SFDVKD,ATSDRLAGGELF,0
GILGFVFTL,NSASQSVYSSGVVTGGLHARLMMNHEYSVGEGTASSYSTGHEQF,NSASQS,VYSSG,VVTGGLHARLM,MNHEY,SVGEGT,ASSYSTGHEQF,0
LLWNGPMAV,DRGSQSIYSNGDAVGMYSGGGADGLTMNHEYSVGEGTASSYGVGQPQH,DRGSQS,IYSNGD,AVGMYSGGGADGLT,MNHEY,SVGEGT,ASSYGVGQPQH,0
AVFDRKSDAK,DSAIYNIQSSQREAASSVRQAGTALILNHDASQIVNDASSIGRSEQF,DSAIYN,IQSSQRE,AASSVRQAGTALI,LNHDA,SQIVND,ASSIGRSEQF,0
GILGFVFTL,NSASQSVYSSGVVNGMDSSHKLISNHLYFYNNEIASSGVQLLPGELF,NSASQS,VYSSG,VVNGMDSSHKLI,SNHLY,FYNNEI,ASSGVQLLPGELF,0
KLGGALQAK,VSGLRGLYSAGEEAVQARNNAGNMLTLNHDASQIVNDASSIVKLAGGTYEQY,VSGLRG,LYSAGEE,AVQARNNAGNMLT,LNHDA,SQIVND,ASSIVKLAGGTYEQY,0
RAKFKQLL,DRGSQSIYSNGDAVTIGWGKLQSQVTMANQGSEASVYLNTEAF,DRGSQS,IYSNGD,AVTIGWGKLQ,SQVTM,ANQGSEA,SVYLNTEAF,0
RAKFKQLL,DRGSQSIYSNGDAVSGNEKLTSGDLSYYNGEEASSVYLSGNTIY,DRGSQS,IYSNGD,AVSGNEKLT,SGDLS,YYNGEE,ASSVYLSGNTIY,0
CINGVCWTV,TSGFNGNVLDGLAVRGSGGYNKLISNHLYFYNNEIASHATGAYGYT,TSGFNG,NVLDGL,AVRGSGGYNKLI,SNHLY,FYNNEI,ASHATGAYGYT,0
KLGGALQAK,SSVPPYYTSAATLVAAGNSGNTPLVLGHDTYNNKELASSQVGGAYNEQF,SSVPPY,YTSAATLV,AAGNSGNTPLV,LGHDT,YNNKEL,ASSQVGGAYNEQF,1
RAKFKQLL,TTLSNLVKSGEVAGYGSDGQKLLMNHEYSMNVEVASSFTLPGTGPYEQY,TTLSN,LVKSGEV,AGYGSDGQKLL,MNHEY,SMNVEV,ASSFTLPGTGPYEQY,0
AVFDRKSDAK,DRGSQSIYSNGDAVPSGNTPLVSGHDYFNNNVPASSLAAGGVDEQF,DRGSQS,IYSNGD,AVPSGNTPLV,SGHDY,FNNNVP,ASSLAAGGVDEQF,0
ELAGIGILTV,NSASQSVYSSGVVNKNNDMRSGHRSYFSETQASGEENTGELF,NSASQS,VYSSG,VVNKNNDMR,SGHRS,YFSETQ,ASGEENTGELF,0
LLWNGPMAV,TSINNIRSNEREATDARNNARLMSGHTAFQGTGAASSLGGAAYNEQF,TSINN,IRSNERE,ATDARNNARLM,SGHTA,FQGTGA,ASSLGGAAYNEQF,1
NLVPMVATV,TTSDRLLSNGAVAVDISNAGNMLTSQVTMANQGSEASVVDYGYT,TTSDR,LLSNGAV,AVDISNAGNMLT,SQVTM,ANQGSEA,SVVDYGYT,1
ELAGIGILTV,DRGSQSIYSNGDAVSGDKIIMNHEYSVGAGIASSSGSPGSYGYT,DRGSQS,IYSNGD,AVSGDKII,MNHEY,SVGAGI,ASSSGSPGSYGYT,0
KLGGALQAK,TRDTTYYRNSFDEQNALSEDSSASKIIMDHENSYDVKMASEPGQGPGGWSYEQY,TRDTTYY,RNSFDEQN,ALSEDSSASKII,MDHEN,SYDVKM,ASEPGQGPGGWSYEQY,0
RAKFKQLL,TTLSNLVKSGEVAGPFSGGYNKLIMNHEYSVGAGIASSPGGDTEAF,TTLSN,LVKSGEV,AGPFSGGYNKLI,MNHEY,SVGAGI,ASSPGGDTEAF,0
AVFDRKSDAK,DSSSTYIFSNMDMAHLGGSSNTGKLIMDHENSYDVKMAVNGGSNYGYT,DSSSTY,IFSNMDM,AHLGGSSNTGKLI,MDHEN,SYDVKM,AVNGGSNYGYT,0
GLCTLVAML,DSASNYIRSNVGEAASGPGDDKIIMNHEYSMNVEVASSPHFQVDTGELF,DSASNY,IRSNVGE,AASGPGDDKII,MNHEY,SMNVEV,ASSPHFQVDTGELF,0
IVTDFSVIK,SSYSPSYTSAATLVVVSERDSSYKLISGHDYFNNNVPASSRGLGETQY,SSYSPS,YTSAATLV,VVSERDSSYKLI,SGHDY,FNNNVP,ASSRGLGETQY,0
ELAGIGILTV,DSSSTYIFSNMDMAEDSGNLISGHATFQNNGVASSLNRGDPEAF,DSSSTY,IFSNMDM,AEDSGNLI,SGHAT,FQNNGV,ASSLNRGDPEAF,0
GPRLGVRAT,TSENNYYQEAYKQQNAFMLGAGGTSYGKLTSGHVSFNYEAQASSFLTGNTEAF,TSENNYY,QEAYKQQN,AFMLGAGGTSYGKLT,SGHVS,FNYEAQ,ASSFLTGNTEAF,0
RAKFKQLL,DRGSQSIYSNGDADESGGSQGNLILNHDASQIVNDASSIRSSYEQY,DRGSQS,IYSNGD,ADESGGSQGNLI,LNHDA,SQIVND,ASSIRSSYEQY,1
RAKFKQLL,VSGNPYYITGDNLVAVRDGGSQGNLILNHDASQIVNDASSPTGTSEQF,VSGNPY,YITGDNLV,AVRDGGSQGNLI,LNHDA,SQIVND,ASSPTGTSEQF,0
YLQPRTFLL,DSAIYNIQSSQREATYLCAAGDDKIISGHVSFQNEAQASSLQNTGELF,DSAIYN,IQSSQRE,ATYLCAAGDDKII,SGHVS,FQNEAQ,ASSLQNTGELF,1
RAKFKQLL,KTLYGLQKGGEEGADSKTGSYQLTMDHENSYDVKMASSFLPRAYNEQF,KTLYG,LQKGGEE,GADSKTGSYQLT,MDHEN,SYDVKM,ASSFLPRAYNEQF,0
AVFDRKSDAK,VSGNPYYITGDNLVAVRDDLWGGATNKLILNHDASQIVNDASSYGTGSADTQY,VSGNPY,YITGDNLV,AVRDDLWGGATNKLI,LNHDA,SQIVND,ASSYGTGSADTQY,0
LLWNGPMAV,DSSSTYIFSNMDMAESLWDDKIISGHDYFNNNVPASRPSGGAETQY,DSSSTY,IFSNMDM,AESLWDDKII,SGHDY,FNNNVP,ASRPSGGAETQY,0
LLWNGPMAV,DSAIYNIQSSQREAALDSGAGNMLTMNHEYSVGAGIASIAGLRAF,DSAIYN,IQSSQRE,AALDSGAGNMLT,MNHEY,SVGAGI,ASIAGLRAF,0
ELAGIGILTV,DRGSQSIYSNGDAVNAGNMLTLNHNVYYDKDFATSRGQGNEQY,DRGSQS,IYSNGD,AVNAGNMLT,LNHNV,YYDKDF,ATSRGQGNEQY,1
AVFDRKSDAK,VSGNPYYITGDNLVAGGNTGKLISGHATFQNNGVASSWGGGSHYGYT,VSGNPY,YITGDNLV,AGGNTGKLI,SGHAT,FQNNGV,ASSWGGGSHYGYT,0
KLGGALQAK,VGISALSSGKAVSASGTYKYISGHDTYYEEEEASSLRDGSEAF,VGISA,LSSGK,AVSASGTYKYI,SGHDT,YYEEEE,ASSLRDGSEAF,0
LLWNGPMAV,KTLYGLQKGGEEGAAHNYGQNFVLNHDASQIVNDASSTGLYGYT,KTLYG,LQKGGEE,GAAHNYGQNFV,LNHDA,SQIVND,ASSTGLYGYT,0
RAKFKQLL,DSSSTYIFSNMDMAESEGPTYTDKLIMGHRAYSYEKLASSLLWAEYNEQF,DSSSTY,IFSNMDM,AESEGPTYTDKLI,MGHRA,YSYEKL,ASSLLWAEYNEQF,1
GILGFVFTL,TSGFNGNVLDGLAVMDSNYQLIMRHNASNTAGTASSGTSGGNEQF,TSGFNG,NVLDGL,AVMDSNYQLI,MRHNA,SNTAGT,ASSGTSGGNEQF,0
CTELKLSDY,TRDTTYYRNSFDEQNALKGNTGTASKLTSGDLSYYNGEEASSVELSTDTQY,TRDTTYY,RNSFDEQN,ALKGNTGTASKLT,SGDLS,YYNGEE,ASSVELSTDTQY,0
KLGGALQAK,YSGSPEHISRALTGNYGQNFVLNHDASQIVNDASSIRSSYEQY,YSGSPE,HISR,ALTGNYGQNFV,LNHDA,SQIVND,ASSIRSSYEQY,0
AVFDRKSDAK,KTLYGLQKGGEEGADSRYSSASKIISGHVSFQNEAQASSLIEYPPPDTQY,KTLYG,LQKGGEE,GADSRYSSASKII,SGHVS,FQNEAQ,ASSLIEYPPPDTQY,0
AVFDRKSDAK,VSGLRGLYSAGEEAVTYNNNDMRSNHLYFYNNEIAAGTRTDTQY,VSGLRG,LYSAGEE,AVTYNNNDMR,SNHLY,FYNNEI,AAGTRTDTQY,0
RAKFKQLL,SIFNTLYKAGELAGHTGNQFYSGHVSFNYEAQASSRGPNYEQY,SIFNT,LYKAGEL,AGHTGNQFY,SGHVS,FNYEAQ,ASSRGPNYEQY,0
AVFDRKSDAK,NIATNDYGYKTKLVGEANGGSQGNLISGHVSFQNEAQASSLEEGYSYEQY,NIATNDY,GYKTK,LVGEANGGSQGNLI,SGHVS,FQNEAQ,ASSLEEGYSYEQY,0
ELAGIGILTV,DRGSQSIYSNGDAGQGGKLIDFQATTSNEGSKASAALGLGEKLF,DRGSQS,IYSNGD,AGQGGKLI,DFQATT,SNEGSKA,SAALGLGEKLF,1
GILGFVFTL,TSGFNGNVLDGLAVSDSNYQLILGHDTYNNKELASSQELEVYNEQF,TSGFNG,NVLDGL,AVSDSNYQLI,LGHDT,YNNKEL,ASSQELEVYNEQF,0
ELAGIGILTV,SIFNTLYKAGELAGHTGNQFYSGHNTYYREEEASSSTGGGEKDQPQH,SIFNT,LYKAGEL,AGHTGNQFY,SGHNT,YYREEE,ASSSTGGGEKDQPQH,0
KLGGALQAK,DSASNYIRSNVGEAASKGHLAYGNKLVDFQATTSNEGSKASASTGRNTEAF,DSASNY,IRSNVGE,AASKGHLAYGNKLV,DFQATT,SNEGSKA,SASTGRNTEAF,0
AVFDRKSDAK,DRGSQSIYSNGDAVISTDKLIMNHEYSMNVEVASSLSTPQNEQF,DRGSQS,IYSNGD,AVISTDKLI,MNHEY,SMNVEV,ASSLSTPQNEQF,0
GILGFVFTL,YGATPYYFSGDTLVAVGDNYGGSQGNLIMGHDKSYGVNSASRIGYTEAF,YGATPY,YFSGDTLV,AVGDNYGGSQGNLI,MGHDK,SYGVNS,ASRIGYTEAF,0
GILGFVFTL,DSASNYIRSNVGEAASSPSNTGKLIPRHDTFYEKMQASSSPGENTGELF,DSASNY,IRSNVGE,AASSPSNTGKLI,PRHDT,FYEKMQ,ASSSPGENTGELF,0
KLGGALQAK,SSVPPYYTSAATLVAVSEGSNFGNEKLTSNHLYFYNNEIASTRESTDTQY,SSVPPY,YTSAATLV,AVSEGSNFGNEKLT,SNHLY,FYNNEI,ASTRESTDTQY,0
IVTDFSVIK,SVFSSVVTGGEVAGGGFADYGGSQGNLILNHDASQIVNDASSLYSNQPQH,SVFSS,VVTGGEV,AGGGFADYGGSQGNLI,LNHDA,SQIVND,ASSLYSNQPQH,0
VLFGLGFAI,TTSDRLLSNGAVAVDFRDNYGQNFVSGDLSYYNGEEASSLSSGTYEQY,TTSDR,LLSNGAV,AVDFRDNYGQNFV,SGDLS,YYNGEE,ASSLSSGTYEQY,0
AVFDRKSDAK,TRDTTYYRNSFDEQNALSDYDYKLSMGHRAYSYEKLASSQAPGETQY,TRDTTYY,RNSFDEQN,ALSDYDYKLS,MGHRA,YSYEKL,ASSQAPGETQY,1
AVFDRKSDAK,DRGSQSIYSNGDAANGGNDMRENHRYSYGVKDAISESATVSYGYT,DRGSQS,IYSNGD,AANGGNDMR,ENHRY,SYGVKD,AISESATVSYGYT,0
ATDALMTGF,YGATPYYFSGDTLVAVGFNNNDMRWNHNNSYGVQDASSESRLDGYT,YGATPY,YFSGDTLV,AVGFNNNDMR,WNHNN,SYGVQD,ASSESRLDGYT,0
YLQPRTFLL,DRGSQSIYSNGDAVPGGGGSQGNLILNHDASQIVNDASSMRSTNEQF,DRGSQS,IYSNGD,AVPGGGGSQGNLI,LNHDA,SQIVND,ASSMRSTNEQF,0
CINGVCWTV,SSNFYAMTLNGDEAFEKLSMDHENSYDVKMASSFQGTSYEQY,SSNFYA,MTLNGDE,AFEKLS,MDHEN,SYDVKM,ASSFQGTSYEQY,0
RAKFKQLL,DSASNYIRSNVGEAASETSYDKVIMNHNSSASEGTASSEAEGAAPQY,DSASNY,IRSNVGE,AASETSYDKVI,MNHNS,SASEGT,ASSEAEGAAPQY,1
NLVPMVATV,DSASNYIRSNVGEAASGGGSQGNLIMGHRAYSYEKLASSQEAGALGETQY,DSASNY,IRSNVGE,AASGGGSQGNLI,MGHRA,YSYEKL,ASSQEAGALGETQY,0
LLWNGPMAV,YGGTVNYFSGDPLVAVNAYPHNYGQNFVMNHEYSMNVEVASSPHFQVDTGELF,YGGTVN,YFSGDPLV,AVNAYPHNYGQNFV,MNHEY,SMNVEV,ASSPHFQVDTGELF,0
RAKFKQLL,KALYSLLKGGEQGTENSGGSNYKLTSNHLYFYNNEIATETGSPL,KALYS,LLKGGEQ,GTENSGGSNYKLT,SNHLY,FYNNEI,ATETGSPL,0
GILGFVFTL,NSAFQYTYSSGNAMKSTNAGKSTDFQATTSNEGSKASARDRVGNTIY,NSAFQY,TYSSGN,AMKSTNAGKST,DFQATT,SNEGSKA,SARDRVGNTIY,0
GILGFVFTL,DSAIYNIQSSQREAAASSQGAQKLVSGHRSYFSETQASSWDQGYSSYNEQF,DSAIYN,IQSSQRE,AAASSQGAQKLV,SGHRS,YFSETQ,ASSWDQGYSSYNEQF,0
IVTDFSVIK,TTLSNLVKSGEVAGNYGGSQGNLISGHDTYYEEEEASSLRDGSEAF,TTLSN,LVKSGEV,AGNYGGSQGNLI,SGHDT,YYEEEE,ASSLRDGSEAF,0
KLGGALQAK,TSGFYGNALDGLAVRDRDNYGQNFVSGHKSYYEKEEASSLEVTGLNTEAF,TSGFYG,NALDGL,AVRDRDNYGQNFV,SGHKS,YYEKEE,ASSLEVTGLNTEAF,0
GILGFVFTL,SVFSSVVTGGEVAGGGSSNTGKLISGHDTYYEEEEASSLRDGSEAF,SVFSS,VVTGGEV,AGGGSSNTGKLI,SGHDT,YYEEEE,ASSLRDGSEAF,0
CINGVCWTV,DSSSTYIFSNMDMAESLWDDKIISGHDYFNNNVPASRPSGGAETQY,DSSSTY,IFSNMDM,AESLWDDKII,SGHDY,FNNNVP,ASRPSGGAETQY,0
CINGVCWTV,NSASQSVYSSGVVNRNNDMRSGHNSFNNNVPALGDLNTGELF,NSASQS,VYSSG,VVNRNNDMR,SGHNS,FNNNVP,ALGDLNTGELF,0
DATYQRTRALVR,DRGSQSIYSNGDAVNQGGKLISGHDYFNNNVPASTPSPSRPPL,DRGSQS,IYSNGD,AVNQGGKLI,SGHDY,FNNNVP,ASTPSPSRPPL,0
RAKFKQLL,SIFNTLYKAGELAGRELEAGGTSYGKLTSGHDTYYEEEEASSLRDGSEAF,SIFNT,LYKAGEL,AGRELEAGGTSYGKLT,SGHDT,YYEEEE,ASSLRDGSEAF,1
LLWNGPMAV,DSASNYIRSNVGEAAQPPTGNQFYSGHATFQNNGVASSFLTGQGETQY,DSASNY,IRSNVGE,AAQPPTGNQFY,SGHAT,FQNNGV,ASSFLTGQGETQY,0
KLGGALQAK,TRDTTYYRNSFDEQNALSRDVANSKLTSGHVSFQNEAQASSLGGGRPQH,TRDTTYY,RNSFDEQN,ALSRDVANSKLT,SGHVS,FQNEAQ,ASSLGGGRPQH,1
NLVPMVATV,NSASDYIRSNMDKADSGGGADGLTDFQATTSNEGSKASALWTDSYEQY,NSASDY,IRSNMDK,ADSGGGADGLT,DFQATT,SNEGSKA,SALWTDSYEQY,0
NLVPMVATV,NIATNDYGYKTKLVGEANGGSQGNLISGHVSFQNEAQASSLEEGYSYEQY,NIATNDY,GYKTK,LVGEANGGSQGNLI,SGHVS,FQNEAQ,ASSLEEGYSYEQY,0
IVTDFSVIK,YGGTVNYFSGDPLVAVNEDNFNKFYMGHRAYSYEKLASSLGGTNEQF,YGGTVN,YFSGDPLV,AVNEDNFNKFY,MGHRA,YSYEKL,ASSLGGTNEQF,0
CTELKLSDY,SVFSSVVTGGEVALEGGGADGLTFGMNHNSSASEGTASSEAELLSSYNEQFFG,SVFSS,VVTGGEV,ALEGGGADGLTFG,MNHNS,SASEGT,ASSEAELLSSYNEQFFG,0
AVFDRKSDAK,SSVSVYYLSGSTLVAVSDTSGGSYIPTLNHDASQIVNDASSMGQGTLRNQPQH,SSVSVY,YLSGSTLV,AVSDTSGGSYIPT,LNHDA,SQIVND,ASSMGQGTLRNQPQH,1
SPRWYFYYL,TISGTDYGLTSNILDNNNDMRSGHVSFNYEAQASSLAPGTTNEKLF,TISGTDY,GLTSN,ILDNNNDMR,SGHVS,FNYEAQ,ASSLAPGTTNEKLF,0
AVFDRKSDAK,TSGFYGNALDGLAVREVTGGFKTILNHDASQIVNDASSPGQLYEQY,TSGFYG,NALDGL,AVREVTGGFKTI,LNHDA,SQIVND,ASSPGQLYEQY,1
CTELKLSDY,DSVNNIPSGTAGSPSNTGKLILNHDASQIVNDASSIHSGNQPQH,DSVNN,IPSGT,AGSPSNTGKLI,LNHDA,SQIVND,ASSIHSGNQPQH,0
CINGVCWTV,NSASDYIRSNMDKADSGGGADGLTDFQATTSNEGSKASALWTDSYEQY,NSASDY,IRSNMDK,ADSGGGADGLT,DFQATT,SNEGSKA,SALWTDSYEQY,0
GILGFVFTL,NIATNDYGYKTKLVGAGNMLTMGHRAYSYEKLASSQGGQGAPYEQY,NIATNDY,GYKTK,LVGAGNMLT,MGHRA,YSYEKL,ASSQGGQGAPYEQY,0
KLGGALQAK,VSGNPYYITGDNLVAVRDGTGANNLFLNHDASQIVNDASTTVQGGYT,VSGNPY,YITGDNLV,AVRDGTGANNLF,LNHDA,SQIVND,ASTTVQGGYT,0
CINGVCWTV,TSGFYGNALDGLAVKASGGSYIPTLNHDASQIVNDASSVGLAGDNEQF,TSGFYG,NALDGL,AVKASGGSYIPT,LNHDA,SQIVND,ASSVGLAGDNEQF,0
CINGVCWTV,NIATNDYGYKTKLVGAGNMLTMGHRAYSYEKLASSQGGQGAPYEQY,NIATNDY,GYKTK,LVGAGNMLT,MGHRA,YSYEKL,ASSQGGQGAPYEQY,1
NLVPMVATV,TSINNIRSNEREATDAPSNYQLISNHLYFYNNEIASSSSGRDYEQY,TSINN,IRSNERE,ATDAPSNYQLI,SNHLY,FYNNEI,ASSSSGRDYEQY,1
GILGFVFTL,KTLYGLQKGGEEGAERYGGSQGNLIKGHDRSFDVKDATTGDGITGELF,KTLYG,LQKGGEE,GAERYGGSQGNLI,KGHDR,SFDVKD,ATTGDGITGELF,0
RAKFKQLL,TSENNYYQEAYKQQNAFLQGGSEKLVMDHENSYDVKMASSLFGLAGVEETQY,TSENNYY,QEAYKQQN,AFLQGGSEKLV,MDHEN,SYDVKM,ASSLFGLAGVEETQY,0
RLRAEAQVK,DSAIYNIQSSQREADSPDNYGQNFVMDHENSYDVKMASSFGTTSSGGELF,DSAIYN,IQSSQRE,ADSPDNYGQNFV,MDHEN,SYDVKM,ASSFGTTSSGGELF,1
ELAGIGILTV,SVFSSVVTGGEVAGCHGSGNTGKLILNHDASQIVNDASSSRSAYEQY,SVFSS,VVTGGEV,AGCHGSGNTGKLI,LNHDA,SQIVND,ASSSRSAYEQY,0
RAKFKQLL,TRDTTYYRNSFDEQNALNQAGTALISGDLSYYNGEEASSATGEWQPQH,TRDTTYY,RNSFDEQN,ALNQAGTALI,SGDLS,YYNGEE,ASSATGEWQPQH,1
GILGFVFTL,DRGSQSIYSNGDAVPLGGGSQGNLILNHDASQIVNDASSIRAATEAF,DRGSQS,IYSNGD,AVPLGGGSQGNLI,LNHDA,SQIVND,ASSIRAATEAF,1
CTELKLSDY,SIFNTLYKAGELAGHTGNQFYSGHATFQNNGVASSLGVAGTNTGELF,SIFNT,LYKAGEL,AGHTGNQFY,SGHAT,FQNNGV,ASSLGVAGTNTGELF,0
SPRWYFYYL,TTLSNLVKSGEVAGNYGGSQGNLISGHDTYYEEEEASSLRDGSEAF,TTLSN,LVKSGEV,AGNYGGSQGNLI,SGHDT,YYEEEE,ASSLRDGSEAF,0
ATDALMTGF,TRDTTYYRNSFDEQNALKLGNAGNMLTSGDLSYYNGEEASSVNPNPIRDRDNEKLF,TRDTTYY,RNSFDEQN,ALKLGNAGNMLT,SGDLS,YYNGEE,ASSVNPNPIRDRDNEKLF,0
CINGVCWTV,DSSSTYIFSNMDMAEMEGGSYIPTLNHDASQIVNDASSIRSSYEQY,DSSSTY,IFSNMDM,AEMEGGSYIPT,LNHDA,SQIVND,ASSIRSSYEQY,0
SPRWYFYYL,TRDTTYYRNSFDEQNALKLGNAGNMLTSGDLSYYNGEEASSVNPNPIRDRDNEKLF,TRDTTYY,RNSFDEQN,ALKLGNAGNMLT,SGDLS,YYNGEE,ASSVNPNPIRDRDNEKLF,0
AVFDRKSDAK,DSASNYIRSNVGEAATPYGNNDMRWSHSYSAAADIASRGALVGDTQY,DSASNY,IRSNVGE,AATPYGNNDMR,WSHSY,SAAADI,ASRGALVGDTQY,0
RAKFKQLL,YGATPYYFSGDTLVAVSETSYDKVIKGHSHLQKENIASSPRDRGGSNEKLF,YGATPY,YFSGDTLV,AVSETSYDKVI,KGHSH,LQKENI,ASSPRDRGGSNEKLF,1
CINGVCWTV,DSSSTYIFSNMDMAEWDAGKSTSGHVSFQNEAQASSLEAGNTEAF,DSSSTY,IFSNMDM,AEWDAGKST,SGHVS,FQNEAQ,ASSLEAGNTEAF,0
RAKFKQLL,NIATNDYGYKTKLVVGRYAGNMLTSNHLYFYNNEIASSLNRELF,NIATNDY,GYKTK,LVVGRYAGNMLT,SNHLY,FYNNEI,ASSLNRELF,0
FEDLRVLSF,TISGNEYGLKNNIVRVGTSGSARQLTLNHDASQIVNDASSISPSGFNGYT,TISGNEY,GLKNN,IVRVGTSGSARQLT,LNHDA,SQIVND,ASSISPSGFNGYT,1
AVFDRKSDAK,TRDTTYYRNSFDEQNALKLGNAGNMLTSGDLSYYNGEEASSVNPNPIRDRDNEKLF,TRDTTYY,RNSFDEQN,ALKLGNAGNMLT,SGDLS,YYNGEE,ASSVNPNPIRDRDNEKLF,0
AVFDRKSDAK,NSASDYIRSNMDKADSGGGADGLTMNHEYSMNVEVASSPHFQVDTGELF,NSASDY,IRSNMDK,ADSGGGADGLT,MNHEY,SMNVEV,ASSPHFQVDTGELF,0
NLVPMVATV,DRGSQSIYSNGDAVGIGFGNVLHMNHEYSMNVEVASSFGQGLSEQF,DRGSQS,IYSNGD,AVGIGFGNVLH,MNHEY,SMNVEV,ASSFGQGLSEQF,0
KLGGALQAK,TSGFNGNVLDGLAVNRDNARLMMGHRAYSYEKLASSAGVDNNEQF,TSGFNG,NVLDGL,AVNRDNARLM,MGHRA,YSYEKL,ASSAGVDNNEQF,0
RAKFKQLL,SSVSVYYLSGSTLVAVSGVGFKIISGHDNFVKESKASSYLAGGYNEQF,SSVSVY,YLSGSTLV,AVSGVGFKII,SGHDN,FVKESK,ASSYLAGGYNEQF,0
AVFDRKSDAK,KTLYGLQKGGEEGAERYGGSQGNLIKGHDRSFDVKDATTGDGITGELF,KTLYG,LQKGGEE,GAERYGGSQGNLI,KGHDR,SFDVKD,ATTGDGITGELF,1
AVFDRKSDAK,TTLSNLVKSGEVAGRRGAGKSTSGHDTYYEEEEASSAYAGLAGVRETQY,TTLSN,LVKSGEV,AGRRGAGKST,SGHDT,YYEEEE,ASSAYAGLAGVRETQY,0
KLGGALQAK,DSASNYIRSNVGEAASSPSNTGKLIPRHDTFYEKMQASSSPGENTGELF,DSASNY,IRSNVGE,AASSPSNTGKLI,PRHDT,FYEKMQ,ASSSPGENTGELF,1
GILGFVFTL,DSASNYIRSNVGEAAENNNDMRSGHVSFNYEAQASSLGTSYEQY,DSASNY,IRSNVGE,AAENNNDMR,SGHVS,FNYEAQ,ASSLGTSYEQY,1
KLGGALQAK,SVFSSVVTGGEVAGGGSQGNLISEHNRFQNEAQASSLLSGTSHEQY,SVFSS,VVTGGEV,AGGGSQGNLI,SEHNR,FQNEAQ,ASSLLSGTSHEQY,0
ELAGIGILTV,DSSSTYIFSNMDMAPGGYNKLIMDHENSYDVKMASSSGAGELF,DSSSTY,IFSNMDM,APGGYNKLI,MDHEN,SYDVKM,ASSSGAGELF,0
IVTDFSVIK,YGATPYYFSGDTLVAVGATDSWGKLQMDHENSYDVKMGARPPGVSNEQF,YGATPY,YFSGDTLV,AVGATDSWGKLQ,MDHEN,SYDVKM,GARPPGVSNEQF,0
ELAGIGILTV,DRGSQSIYSNGDAVSGGNQFYSGHNTYYREEEASSLTGETEKLF,DRGSQS,IYSNGD,AVSGGNQFY,SGHNT,YYREEE,ASSLTGETEKLF,0
AVFDRKSDAK,VSGNPYYITGDNLVAVRLHNYGQNFVMNHEYSMNVEVASSSTGEQY,VSGNPY,YITGDNLV,AVRLHNYGQNFV,MNHEY,SMNVEV,ASSSTGEQY,0
GLCTLVAML,DSSSTYIFSNMDMAEDSGNLISGHATFQNNGVASSLNRGDPEAF,DSSSTY,IFSNMDM,AEDSGNLI,SGHAT,FQNNGV,ASSLNRGDPEAF,1
IVTDFSVIK,VSGLRGLYSAGEEAVKPNYGGSQGNLIMNHNSSASEGTASSAGDGYTHTVFGNIQY,VSGLRG,LYSAGEE,AVKPNYGGSQGNLI,MNHNS,SASEGT,ASSAGDGYTHTVFGNIQY,1
RAKFKQLL,TSESDYYQEAYKQQNAHPNSNSGYALNSEHNRFQNEAQASSLAVIDRYNEQF,TSESDYY,QEAYKQQN,AHPNSNSGYALN,SEHNR,FQNEAQ,ASSLAVIDRYNEQF,0
AVFDRKSDAK,TSGFNGNVLDGLAAMDSNYQLIMDHENSYDVKMASSLYSATGELF,TSGFNG,NVLDGL,AAMDSNYQLI,MDHEN,SYDVKM,ASSLYSATGELF,1
AVFDRKSDAK,YGATPYYFSGDTLVAVVGRTGRRALTLNHDASQIVNDASSIRSSYEQY,YGATPY,YFSGDTLV,AVVGRTGRRALT,LNHDA,SQIVND,ASSIRSSYEQY,0
CTELKLSDY,NSAFQYTYSSGNAMEGGANNLFLNHDASQIVNDASTSVMTDSIYGYT,NSAFQY,TYSSGN,AMEGGANNLF,LNHDA,SQIVND,ASTSVMTDSIYGYT,1
NLVPMVATV,DSASNYIRSNVGEAARETSYDKVISEHNRFQNEAQASSLVGTKRETQY,DSASNY,IRSNVGE,AARETSYDKVI,SEHNR,FQNEAQ,ASSLVGTKRETQY,0
AVFDRKSDAK,DSSSTYIFSNMDMAESIRNNDMRDFQATTSNEGSKASARAYSSYEQY,DSSSTY,IFSNMDM,AESIRNNDMR,DFQATT,SNEGSKA,SARAYSSYEQY,0
AVFDRKSDAK,TSENNYYQEAYKQQNAFMPPYNTDKLISGHNSFNNNVPASSFSGNTGELF,TSENNYY,QEAYKQQN,AFMPPYNTDKLI,SGHNS,FNNNVP,ASSFSGNTGELF,0
ELAGIGILTV,DRGSQSIYSNGDAVSASKIISGHATFQNNGVASNTGTDSYEQY,DRGSQS,IYSNGD,AVSASKII,SGHAT,FQNNGV,ASNTGTDSYEQY,0
AVFDRKSDAK,TISGTDYGLTSNILRIGYDYKLSSGHVSFNYEAQASSFFVGRKNTGELF,TISGTDY,GLTSN,ILRIGYDYKLS,SGHVS,FNYEAQ,ASSFFVGRKNTGELF,1
GILGFVFTL,DSSSTYIFSNMDMAEDSGNLISGHATFQNNGVASSLNRGDPEAF,DSSSTY,IFSNMDM,AEDSGNLI,SGHAT,FQNNGV,ASSLNRGDPEAF,0
GILGFVFTL,NSASQSVYSSGVVNTGFQKLVSGHRSYFSETQASSLDGGDSYEQY,NSASQS,VYSSG,VVNTGFQKLV,SGHRS,YFSETQ,ASSLDGGDSYEQY,0
GILGFVFTL,SSVPPYYTSAATLVAVSADSGGSNYKLTKGHDRSFDVKDATSDLPYIGTRLNEQF,SSVPPY,YTSAATLV,AVSADSGGSNYKLT,KGHDR,SFDVKD,ATSDLPYIGTRLNEQF,0
SPRWYFYYL,TSGFNGNVLDGLALDNYGQNFVSGHATFQNNGVASSLDPGRGQETQY,TSGFNG,NVLDGL,ALDNYGQNFV,SGHAT,FQNNGV,ASSLDPGRGQETQY,0
RAKFKQLL,NSASQSVYSSGVVNSPNDYKLSMNHEYSVGEGTASSYPEVAPSEQF,NSASQS,VYSSG,VVNSPNDYKLS,MNHEY,SVGEGT,ASSYPEVAPSEQF,0
RAKFKQLL,NTAFDYIRPDVSEAASITPGTYKYIDFQATTSNEGSKASATDRANVNQPQH,NTAFDY,IRPDVSE,AASITPGTYKYI,DFQATT,SNEGSKA,SATDRANVNQPQH,0
KLGGALQAK,VGISALSSGKAVTAYNTDKLISGHNSFNNNVPASSFSGNTGELF,VGISA,LSSGK,AVTAYNTDKLI,SGHNS,FNNNVP,ASSFSGNTGELF,0
AVFDRKSDAK,KTLYGLQKGGEEGADSKTGSYQLTMDHENSYDVKMASSFLPRAYNEQF,KTLYG,LQKGGEE,GADSKTGSYQLT,MDHEN,SYDVKM,ASSFLPRAYNEQF,1
KLGGALQAK,YGGTVNYFSGDPLVAVNRNAGNMLTLNHDASQIVNDASSIRSSYEQY,YGGTVN,YFSGDPLV,AVNRNAGNMLT,LNHDA,SQIVND,ASSIRSSYEQY,0
AVFDRKSDAK,TRDTTYYRNSFDEQNALSNAKTSYDKVIDFQATTSNEGSKASARPGQFYSNQPQH,TRDTTYY,RNSFDEQN,ALSNAKTSYDKVI,DFQATT,SNEGSKA,SARPGQFYSNQPQH,0
CINGVCWTV,DRGSQSIYSNGDAVPYSGGGADGLTKGHDRSFDVKDATSDFPPGVRGAPQETQY,DRGSQS,IYSNGD,AVPYSGGGADGLT,KGHDR,SFDVKD,ATSDFPPGVRGAPQETQY,0
GILGFVFTL,VSGNPYYITGDNLVAVRLHNYGQNFVDFQATTSNEGSKASAPARSEPYEQY,VSGNPY,YITGDNLV,AVRLHNYGQNFV,DFQATT,SNEGSKA,SAPARSEPYEQY,0
NLVPMVATV,SSVPPYYTSAATLVAVSERLWDDKIILGHNTFRNRAPASGLDSSSGNTIY,SSVPPY,YTSAATLV,AVSERLWDDKII,LGHNT,FRNRAP,ASGLDSSSGNTIY,0
CTELKLSDY,TSGFNGNVLDGLAVNEGDYKLSDFQATTSNEGSKASARHLSGIEQF,TSGFNG,NVLDGL,AVNEGDYKLS,DFQATT,SNEGSKA,SARHLSGIEQF,0
GILGFVFTL,TISGTDYGLTSNILRDVRGQNFVDFQATTSNEGSKASAFTGEGNTIY,TISGTDY,GLTSN,ILRDVRGQNFV,DFQATT,SNEGSKA,SAFTGEGNTIY,0
KLGGALQAK,DRGSQSIYSNGDAVRVGTTDSLLALNHDASQIVNDASSPLSTDTQY,DRGSQS,IYSNGD,AVRVGTTDSLLA,LNHDA,SQIVND,ASSPLSTDTQY,0
RAKFKQLL,DSSSTYIFSNMDMAENRCSTLTSGDLSYYNGEEASSVAGGDEQF,DSSSTY,IFSNMDM,AENRCSTLT,SGDLS,YYNGEE,ASSVAGGDEQF,0
AVFDRKSDAK,DSVNNIPSGTAALMDSSYKLIMGHDKSYGVNSASRQGSSYEQY,DSVNN,IPSGT,AALMDSSYKLI,MGHDK,SYGVNS,ASRQGSSYEQY,0
AVFDRKSDAK,NSASDYIRSNMDKATDSWGKLQSEHNRFQNEAQASSSKETGAWGDTQY,NSASDY,IRSNMDK,ATDSWGKLQ,SEHNR,FQNEAQ,ASSSKETGAWGDTQY,0
CINGVCWTV,KTLYGLQKGGEEGADSRYSSASKIISGHVSFQNEAQASSLIEYPPPDTQY,KTLYG,LQKGGEE,GADSRYSSASKII,SGHVS,FQNEAQ,ASSLIEYPPPDTQY,0
AVFDRKSDAK,SSVPPYYTSAATLVAVSADSGGSNYKLTKGHDRSFDVKDATSDLPYIGTRLNEQF,SSVPPY,YTSAATLV,AVSADSGGSNYKLT,KGHDR,SFDVKD,ATSDLPYIGTRLNEQF,0
AVFDRKSDAK,NSMFDYISSIKDKAASDQTGANNLFMNHEYSVGAGIASSLQGASGYT,NSMFDY,ISSIKDK,AASDQTGANNLF,MNHEY,SVGAGI,ASSLQGASGYT,0
KLGGALQAK,YGGTVNYFSGDPLVAVNAYPHNYGQNFVMNHEYSMNVEVASSPHFQVDTGELF,YGGTVN,YFSGDPLV,AVNAYPHNYGQNFV,MNHEY,SMNVEV,ASSPHFQVDTGELF,0
LLWNGPMAV,DRGSQSIYSNGDAVSPDKLIMNHEYSMNVEVASSPSAGPGYGYT,DRGSQS,IYSNGD,AVSPDKLI,MNHEY,SMNVEV,ASSPSAGPGYGYT,1
KLGGALQAK,NSASDYIRSNMDKAEIDSWGKLQSGHVSFNYEAQASSPRAGKETQY,NSASDY,IRSNMDK,AEIDSWGKLQ,SGHVS,FNYEAQ,ASSPRAGKETQY,0
GILGFVFTL,VSPFSNMTFSENTVASYGGSQGNLILNHDASHIVNDASSTRSTSPGH,VSPFSN,MTFSENT,VASYGGSQGNLI,LNHDA,SHIVND,ASSTRSTSPGH,1
GILGFVFTL,DSSSTYIFSNMDMAEMEGGSYIPTMGHRAYSYEKLASSRDRDYGYT,DSSSTY,IFSNMDM,AEMEGGSYIPT,MGHRA,YSYEKL,ASSRDRDYGYT,0
RAKFKQLL,DSASNYIRSNVGEAAMETSYDKVISGHNSFNNNVPASSYTGGLRYGYT,DSASNY,IRSNVGE,AAMETSYDKVI,SGHNS,FNNNVP,ASSYTGGLRYGYT,1
RAKFKQLL,KALYSLLKGGEQGTVKGFGNVLHDFQATTSNEGSKASAPARSEPYEQY,KALYS,LLKGGEQ,GTVKGFGNVLH,DFQATT,SNEGSKA,SAPARSEPYEQY,0
ELAGIGILTV,DSSSTYIFSNMDMAEGGNTGKLISGHDTYYEEEEASSWNRDRYNTEAF,DSSSTY,IFSNMDM,AEGGNTGKLI,SGHDT,YYEEEE,ASSWNRDRYNTEAF,0
GILGFVFTL,TRDTTYYRNSFDEQNALSEGVGKLILNHDASQIVNDASSIRSSYEQY,TRDTTYY,RNSFDEQN,ALSEGVGKLI,LNHDA,SQIVND,ASSIRSSYEQY,1
KLGGALQAK,NSASQSVYSSGVGGLNTPLVMNHNSSASEGTASSDSGQIYEQY,NSASQS,VYSSG,VGGLNTPLV,MNHNS,SASEGT,ASSDSGQIYEQY,0
CINGVCWTV,DSASNYIRSNVGEAASINRMDNDMRDFQATTSNEGSKASAFDREGVDGYT,DSASNY,IRSNVGE,AASINRMDNDMR,DFQATT,SNEGSKA,SAFDREGVDGYT,0
IVTDFSVIK,DSAIYNIQSSQREAVGANFGNEKLTLNHDASQIVNDASSWAGPHTEAF,DSAIYN,IQSSQRE,AVGANFGNEKLT,LNHDA,SQIVND,ASSWAGPHTEAF,1
DATYQRTRALVR,DRGSQSIYSNGDAVNKVTSGGSNYKLTSGHNSFNNNVPASSFLDRGPNTEAF,DRGSQS,IYSNGD,AVNKVTSGGSNYKLT,SGHNS,FNNNVP,ASSFLDRGPNTEAF,0
GILGFVFTL,DSAIYNIQSSQREAPKTGANNLFSGHKSYYEKEEASSGPGGVDEQY,DSAIYN,IQSSQRE,APKTGANNLF,SGHKS,YYEKEE,ASSGPGGVDEQY,0
KLGGALQAK,YGATPYYFSGDTLVAVGDNFNKFYMDHENSYDVKMASSLRSAAGWPF,YGATPY,YFSGDTLV,AVGDNFNKFY,MDHEN,SYDVKM,ASSLRSAAGWPF,0
LLWNGPMAV,NSASDYIRSNMDKAENSSLAGKSTMGHRAYSYEKLASSQDRGGPGELF,NSASDY,IRSNMDK,AENSSLAGKST,MGHRA,YSYEKL,ASSQDRGGPGELF,0
IVTDFSVIK,YGATPYYFSGDTLVAVTRDDKIISGHNSFNNNVPASSGGVSGGAGETQY,YGATPY,YFSGDTLV,AVTRDDKII,SGHNS,FNNNVP,ASSGGVSGGAGETQY,0
HPVTKYIM,DSVNNIPSGTAGSPSNTGKLILNHDASQIVNDASSIHSGNQPQH,DSVNN,IPSGT,AGSPSNTGKLI,LNHDA,SQIVND,ASSIHSGNQPQH,0
AVFDRKSDAK,DSASNYIRSNVGEAAGETSYDKVISEHNRFQNEAQASSLLGGGPNSPLH,DSASNY,IRSNVGE,AAGETSYDKVI,SEHNR,FQNEAQ,ASSLLGGGPNSPLH,0
SPRWYFYYL,DRGSQSIYSNGDASVGMDSSYKLISGHNSFNNNVPASSFSGNTGELF,DRGSQS,IYSNGD,ASVGMDSSYKLI,SGHNS,FNNNVP,ASSFSGNTGELF,0
AVFDRKSDAK,DSASNYIRSNVGEAASKGHLAYGNKLVDFQATTSNEGSKASASTGRNTEAF,DSASNY,IRSNVGE,AASKGHLAYGNKLV,DFQATT,SNEGSKA,SASTGRNTEAF,0
KLGGALQAK,DSSSTYIFSNMDMAERETSYDKVISEHNRFQNEAQASSLGQGKEATNEKLF,DSSSTY,IFSNMDM,AERETSYDKVI,SEHNR,FQNEAQ,ASSLGQGKEATNEKLF,0
GILGFVFTL,DSAIYNIQSSQREAVSGDYKLSSGDLSYYNGEEASSSRWGYEQY,DSAIYN,IQSSQRE,AVSGDYKLS,SGDLS,YYNGEE,ASSSRWGYEQY,1
IVTDFSVIK,DRGSQSIYSNGDAGLEYGNKLVSGDLSYYNGEEASSVGVLAGNEQF,DRGSQS,IYSNGD,AGLEYGNKLV,SGDLS,YYNGEE,ASSVGVLAGNEQF,1
GILGFVFTL,DRGSQSIYSNGDAVGGGADGLTFGMNHEYSVGAGIASSYSATGGEQYFG,DRGSQS,IYSNGD,AVGGGADGLTFG,MNHEY,SVGAGI,ASSYSATGGEQYFG,0
YLQPRTFLL,TSESDYYQEAYKQQNALMSARLMSGHNSFNNNVPASSFARAQADTQY,TSESDYY,QEAYKQQN,ALMSARLM,SGHNS,FNNNVP,ASSFARAQADTQY,1
GLCTLVAML,DSSSTYIFSNMDMAEDSASKIIDFQATTSNEGSKASARDETGNGYT,DSSSTY,IFSNMDM,AEDSASKII,DFQATT,SNEGSKA,SARDETGNGYT,1
GILGFVFTL,NSAFQYTYSSGNAMPGGATNKLISGHNSFNNNVPASSFLDRGPNTEAF,NSAFQY,TYSSGN,AMPGGATNKLI,SGHNS,FNNNVP,ASSFLDRGPNTEAF,0
AVFDRKSDAK,TSGFNGNVLDGLAVRDSDYKLSSEHNRFQNEAQASNLLANTGELF,TSGFNG,NVLDGL,AVRDSDYKLS,SEHNR,FQNEAQ,ASNLLANTGELF,1
GLCTLVAML,TTLSNLVKSGEVAGNYGGSQGNLISGHDTYYEEEEASSLRDGSEAF,TTLSN,LVKSGEV,AGNYGGSQGNLI,SGHDT,YYEEEE,ASSLRDGSEAF,0
GPRLGVRAT,DRGSQSIYSNGDAVPSGGYNKLILGHNTFRNRAPASGLDSSSGNTIY,DRGSQS,IYSNGD,AVPSGGYNKLI,LGHNT,FRNRAP,ASGLDSSSGNTIY,0
ELAGIGILTV,DRGSQSIYSNGDAVPFGNYGQNFVMDHENSYDVKMASSPTGVGQPQH,DRGSQS,IYSNGD,AVPFGNYGQNFV,MDHEN,SYDVKM,ASSPTGVGQPQH,1
KLGGALQAK,DSSSTYIFSNMDMAEWGNTGRRALTSEHNRFQNEAQASSFIDNEQF,DSSSTY,IFSNMDM,AEWGNTGRRALT,SEHNR,FQNEAQ,ASSFIDNEQF,0
KLGGALQAK,DRGSQSIYSNGDAVGANSGYSTLTSGHRSYFSETQASSLEGQGGSPLH,DRGSQS,IYSNGD,AVGANSGYSTLT,SGHRS,YFSETQ,ASSLEGQGGSPLH,0
KLGGALQAK,DSSSTYIFSNMDMAESEGPTYTDKLILGHNAYNFKEQASSQRPSEVGELF,DSSSTY,IFSNMDM,AESEGPTYTDKLI,LGHNA,YNFKEQ,ASSQRPSEVGELF,0
AVFDRKSDAK,NSMFDYISSIKDKAASADPKAGNTPLVMNHEYSMNVEVASGPLRGGNQPQH,NSMFDY,ISSIKDK,AASADPKAGNTPLV,MNHEY,SMNVEV,ASGPLRGGNQPQH,0
AVFDRKSDAK,NSASQSVYSSGVVGDNNDMRSQVTMANQGSEASVEGVGTSIGEQF,NSASQS,VYSSG,VVGDNNDMR,SQVTM,ANQGSEA,SVEGVGTSIGEQF,1
AVFDRKSDAK,DRGSQSIYSNGDAVGMYSGGGADGLTMNHEYSVGEGTASSYGVGQPQH,DRGSQS,IYSNGD,AVGMYSGGGADGLT,MNHEY,SVGEGT,ASSYGVGQPQH,0
RAKFKQLL,NSASQSVYSSGVVNHFRDDKIILGHNAYSLEERASSQTGFPTTNEKLF,NSASQS,VYSSG,VVNHFRDDKII,LGHNA,YSLEER,ASSQTGFPTTNEKLF,0
CINGVCWTV,DRGSQSIYSNGDAVNPLRDSNYQLIMGHRAYSYEKLASSQTRGAGNTIY,DRGSQS,IYSNGD,AVNPLRDSNYQLI,MGHRA,YSYEKL,ASSQTRGAGNTIY,0
YLQPRTFLL,TRDTTYYRNSFDEQNALSEASLVDSNYQLILNHDASQIVNDASSPTSGGYNEQF,TRDTTYY,RNSFDEQN,ALSEASLVDSNYQLI,LNHDA,SQIVND,ASSPTSGGYNEQF,0
NLVPMVATV,SIFNTLYKAGELAGHTGNQFYENHRYSYGVKDAISDPGLAGGGGEQF,SIFNT,LYKAGEL,AGHTGNQFY,ENHRY,SYGVKD,AISDPGLAGGGGEQF,0
RAKFKQLL,VSGLRGLYSAGEEAVKPNYGGSQGNLIMNHNSSASEGTASSAGDGYTHTVFGNIQY,VSGLRG,LYSAGEE,AVKPNYGGSQGNLI,MNHNS,SASEGT,ASSAGDGYTHTVFGNIQY,0
RAKFKQLL,SVFSSVVTGGEVAGGEAGNMLTMDHENSYDVKMASLGIPYEQY,SVFSS,VVTGGEV,AGGEAGNMLT,MDHEN,SYDVKM,ASLGIPYEQY,0
ELAGIGILTV,ATGYPSATKADDKALSDRENYGGSQGNLISGDLSYYNGEEASSVGWGGTYEQY,ATGYPS,ATKADDK,ALSDRENYGGSQGNLI,SGDLS,YYNGEE,ASSVGWGGTYEQY,0
RAKFKQLL,VTNFRSLTSSGIEAVEDYGQNFVDFQATTSNEGSKASARDRNTQGPETQY,VTNFRS,LTSSGIE,AVEDYGQNFV,DFQATT,SNEGSKA,SARDRNTQGPETQY,0
RAKFKQLL,TSDQSYGQGSYDEQNAMRELTSGTYKYILGHDTYNNKELASSQPLGLAEKETQY,TSDQSYG,QGSYDEQN,AMRELTSGTYKYI,LGHDT,YNNKEL,ASSQPLGLAEKETQY,0
CTELKLSDY,NSASQSVYSSGVGFSNTGNQFYSGDLSYYNGEEASSVTSSEGTIY,NSASQS,VYSSG,VGFSNTGNQFY,SGDLS,YYNGEE,ASSVTSSEGTIY,0
RAKFKQLL,SVFSSVVTGGEVAGGGSQGNLIMNHEYSVGEGTASRASMSSYNEQF,SVFSS,VVTGGEV,AGGGSQGNLI,MNHEY,SVGEGT,ASRASMSSYNEQF,0
NLVPMVATV,TSENNYYQEAYKQQNAFMKGAGGTSYGKLTLGHNAYSLEERASSQEIGFSPLH,TSENNYY,QEAYKQQN,AFMKGAGGTSYGKLT,LGHNA,YSLEER,ASSQEIGFSPLH,0
KLGGALQAK,SVFSSVVTGGEVAGGGSSNTGKLISGHDTYYEEEEASSLRDGSEAF,SVFSS,VVTGGEV,AGGGSSNTGKLI,SGHDT,YYEEEE,ASSLRDGSEAF,0
GILGFVFTL,TSINNIRSNEREATDRDDKIILNHDASQIVNDASSIDGNVAPLH,TSINN,IRSNERE,ATDRDDKII,LNHDA,SQIVND,ASSIDGNVAPLH,1
RAKFKQLL,TSGFNGNVLDGLAVLDSNYQLISGDLSYYNGEEASSSGRLTNTEAF,TSGFNG,NVLDGL,AVLDSNYQLI,SGDLS,YYNGEE,ASSSGRLTNTEAF,0
IVTDFSVIK,DRGSQSIYSNGDAAVASKIILGHDTYNNKELASSIKPDGYEQY,DRGSQS,IYSNGD,AAVASKII,LGHDT,YNNKEL,ASSIKPDGYEQY,0
AVFDRKSDAK,NSASQSVYSSGVVGDDKIISGDLSYYNGEEASSGGTADTQY,NSASQS,VYSSG,VVGDDKII,SGDLS,YYNGEE,ASSGGTADTQY,0
RAKFKQLL,DRGSQSIYSNGDAVNNARLMWSHSYSAAADIASSEGFLVADTQY,DRGSQS,IYSNGD,AVNNARLM,WSHSY,SAAADI,ASSEGFLVADTQY,0
KSKRTPMGF,YGATPYYFSGDTLVAVDDTNAGKSTLNHDASHIVNDASSLRSTDTQY,YGATPY,YFSGDTLV,AVDDTNAGKST,LNHDA,SHIVND,ASSLRSTDTQY,0
HPVTKYIM,TSENNYYQEAYKQQNAFMLGAGGTSYGKLTSGHVSFNYEAQASSFLTGNTEAF,TSENNYY,QEAYKQQN,AFMLGAGGTSYGKLT,SGHVS,FNYEAQ,ASSFLTGNTEAF,0
AVFDRKSDAK,VSNAYNGSKPAVPFSGGYNKLIMNHEYSVGEGTASSKTGTSSYNEQF,VSNAYN,GSKP,AVPFSGGYNKLI,MNHEY,SVGEGT,ASSKTGTSSYNEQF,1
KLGGALQAK,VSGLRGLYSAGEEAVVDQAGTALIMGHRAYSYEKLASSAGGGSYNEQF,VSGLRG,LYSAGEE,AVVDQAGTALI,MGHRA,YSYEKL,ASSAGGGSYNEQF,0
ELAGIGILTV,TRDTTYYRNSFDEQNALSEAKDEGSEKLVLNHDASQIVNDASSARSSYEQY,TRDTTYY,RNSFDEQN,ALSEAKDEGSEKLV,LNHDA,SQIVND,ASSARSSYEQY,0
IVTDFSVIK,TSENNYYQEAYKQQNAFMKLAGANSKLTLGHDTYNNKELASKSEKGAGGSPLH,TSENNYY,QEAYKQQN,AFMKLAGANSKLT,LGHDT,YNNKEL,ASKSEKGAGGSPLH,0
KLGGALQAK,TTLSNLVKSGEVAVTYGGSQGNLILNHDASQIVNDASSIRSTGEL,TTLSN,LVKSGEV,AVTYGGSQGNLI,LNHDA,SQIVND,ASSIRSTGEL,0
IVTDFSVIK,YGATPYYFSGDTLVAVGAPSTSGTYKYIMGHRAYSYEKLASSPTEGGSSTYEQY,YGATPY,YFSGDTLV,AVGAPSTSGTYKYI,MGHRA,YSYEKL,ASSPTEGGSSTYEQY,0
ATDALMTGF,TSGFNGNVLDGLAVENQGGKLIKGHTFFQNEQVASSQSPGAGGTEAF,TSGFNG,NVLDGL,AVENQGGKLI,KGHTF,FQNEQV,ASSQSPGAGGTEAF,0
FEDLRVLSF,TSGFNGNVLDGLAGMDSNYQLIMNHNSSASEGTASGGSTGTNEKLF,TSGFNG,NVLDGL,AGMDSNYQLI,MNHNS,SASEGT,ASGGSTGTNEKLF,0
GILGFVFTL,DSASNYIRSNVGEAALETSYDKVIMRHNASNTAGTASLWEAPRKETQY,DSASNY,IRSNVGE,AALETSYDKVI,MRHNA,SNTAGT,ASLWEAPRKETQY,0
ELAGIGILTV,DRGSQSIYSNGDAVSVGAGNMLTSSHATFNYEAQASSLTESYEQY,DRGSQS,IYSNGD,AVSVGAGNMLT,SSHAT,FNYEAQ,ASSLTESYEQY,1
SPRWYFYYL,SSNFYAMTLNGDEAFEKLSMDHENSYDVKMASSFQGTSYEQY,SSNFYA,MTLNGDE,AFEKLS,MDHEN,SYDVKM,ASSFQGTSYEQY,0
RAKFKQLL,SVFSSVVTGGEVAGGGSQGNLIMNHEYSVGAGIASSYGTGSSEQY,SVFSS,VVTGGEV,AGGGSQGNLI,MNHEY,SVGAGI,ASSYGTGSSEQY,0
RAKFKQLL,DSASNYIRSNVGEAASETSYDKVISEHNRFQNEAQASSPRTGNTGELF,DSASNY,IRSNVGE,AASETSYDKVI,SEHNR,FQNEAQ,ASSPRTGNTGELF,1
RAKFKQLL,TRDTTYYRNSFDEQNALSDLNQAGTALISGHVSFQNEAQASSYGIAGKETQY,TRDTTYY,RNSFDEQN,ALSDLNQAGTALI,SGHVS,FQNEAQ,ASSYGIAGKETQY,0
NLVPMVATV,TRDTTYYRNSFDEQNALSGGDSNYQLIKGHSHLQKENIASSPMGSNEQY,TRDTTYY,RNSFDEQN,ALSGGDSNYQLI,KGHSH,LQKENI,ASSPMGSNEQY,0
GILGFVFTL,NSASDYIRSNMDKADSGGGADGLTSGHDTYYEEEEASSLTEGGRNQPQH,NSASDY,IRSNMDK,ADSGGGADGLT,SGHDT,YYEEEE,ASSLTEGGRNQPQH,0
KLGGALQAK,TTLSNLVKSGEVAGKNSNDYKLSMNHEYSMNVEVASSPIRQDMGGYT,TTLSN,LVKSGEV,AGKNSNDYKLS,MNHEY,SMNVEV,ASSPIRQDMGGYT,1
GILGFVFTL,TISGTDYGLTSNILRSYNRDDKIISGHNSFNNNVPASSFSGNTGELF,TISGTDY,GLTSN,ILRSYNRDDKII,SGHNS,FNNNVP,ASSFSGNTGELF,0
RAKFKQLL,DRGSQSIYSNGDAVNEGLGSARQLTKGHDRSFDVKDATSDSSGGSGYT,DRGSQS,IYSNGD,AVNEGLGSARQLT,KGHDR,SFDVKD,ATSDSSGGSGYT,0
ELAGIGILTV,TISGNEYGLKNNIVMDDFQKLVSGHNSFNNNVPASSFSGNTGELF,TISGNEY,GLKNN,IVMDDFQKLV,SGHNS,FNNNVP,ASSFSGNTGELF,0
KLGGALQAK,DRGSQSIYSNGDAVKGGGADGLTLGHNAYSLEERASSQVEGLETQY,DRGSQS,IYSNGD,AVKGGGADGLT,LGHNA,YSLEER,ASSQVEGLETQY,0
AVFDRKSDAK,NSASQSVYSSGVVNDPYTGGFKTISNHLYFYNNEIASSELGQLNEQF,NSASQS,VYSSG,VVNDPYTGGFKTI,SNHLY,FYNNEI,ASSELGQLNEQF,0
CINGVCWTV,DRGSQSIYSNGDALTPRDDMRSGHATFQNNGVASSLGVAGTNTGELF,DRGSQS,IYSNGD,ALTPRDDMR,SGHAT,FQNNGV,ASSLGVAGTNTGELF,0
HPVTKYIM,DRGSQSIYSNGDAGLEYGNKLVSGDLSYYNGEEASSVGVLAGNEQF,DRGSQS,IYSNGD,AGLEYGNKLV,SGDLS,YYNGEE,ASSVGVLAGNEQF,0
GILGFVFTL,TSINNIRSNEREATDDLGLTTDSWGKFQLNHDASQIVNDASSIFGSSNQPQH,TSINN,IRSNERE,ATDDLGLTTDSWGKFQ,LNHDA,SQIVND,ASSIFGSSNQPQH,1
KLGGALQAK,SVFSSVVTGGEVAGQYGNKLVSQVTMANQGSEASAGTSGSNEQF,SVFSS,VVTGGEV,AGQYGNKLV,SQVTM,ANQGSEA,SAGTSGSNEQF,1
GILGFVFTL,TRDTTYYRNSFDEQNALGDGGAQKLVSNHLYFYNNEIASSEVIGQGTFNGYT,TRDTTYY,RNSFDEQN,ALGDGGAQKLV,SNHLY,FYNNEI,ASSEVIGQGTFNGYT,0
LLWNGPMAV,DSSSTYIFSNMDMAEGGNTGKLISGHDTYYEEEEASSWNRDRYNTEAF,DSSSTY,IFSNMDM,AEGGNTGKLI,SGHDT,YYEEEE,ASSWNRDRYNTEAF,0
GILGFVFTL,DSSSTYIFSNMDMAEKDTGGFKTISEHNRFQNEAQASTGGDRTYYEQY,DSSSTY,IFSNMDM,AEKDTGGFKTI,SEHNR,FQNEAQ,ASTGGDRTYYEQY,0
VLFGLGFAI,NSMFDYISSIKDKAASDGAGNMLTMDHENSYDVKMASRGLIIQRSSYEQY,NSMFDY,ISSIKDK,AASDGAGNMLT,MDHEN,SYDVKM,ASRGLIIQRSSYEQY,1
IVTDFSVIK,YGATPYYFSGDTLVAVGLNHMRPRHDTFYEKMQASSLQLASNTGELF,YGATPY,YFSGDTLV,AVGLNHMR,PRHDT,FYEKMQ,ASSLQLASNTGELF,0
AVFDRKSDAK,TSGFYGNALDGLAVRDGDRDDKIIMNHEYSVGEGTASSYLGQGDAYGYT,TSGFYG,NALDGL,AVRDGDRDDKII,MNHEY,SVGEGT,ASSYLGQGDAYGYT,0
YLQPRTFLL,DSSSTYIFSNMDMAEEGNTGKLISGHTAFQGTGAASSTPLENEQF,DSSSTY,IFSNMDM,AEEGNTGKLI,SGHTA,FQGTGA,ASSTPLENEQF,1
ATDALMTGF,TRDTTYYRNSFDEQNALSGPGTSFLGSARQLTSGHDTYYEEEEASSLRDGSEAF,TRDTTYY,RNSFDEQN,ALSGPGTSFLGSARQLT,SGHDT,YYEEEE,ASSLRDGSEAF,0
GILGFVFTL,DRGSQSIYSNGDAVNGSWGKLQMGHRAYSYEKLASSQGDSGDNTGELF,DRGSQS,IYSNGD,AVNGSWGKLQ,MGHRA,YSYEKL,ASSQGDSGDNTGELF,0
GILGFVFTL,KALYSLLKGGEQGTPISGGYNKLISGHDYFNNNVPASSFSERAF,KALYS,LLKGGEQ,GTPISGGYNKLI,SGHDY,FNNNVP,ASSFSERAF,0
AVFDRKSDAK,TRDTTYYRNSFDEQNALIANRDDKIISGHNSFNNNVPASSFLDRGPNTEAF,TRDTTYY,RNSFDEQN,ALIANRDDKII,SGHNS,FNNNVP,ASSFLDRGPNTEAF,0
GLCTLVAML,VTNFRSLTSSGIEAVEDYGQNFVDFQATTSNEGSKASARDRNTQGPETQY,VTNFRS,LTSSGIE,AVEDYGQNFV,DFQATT,SNEGSKA,SARDRNTQGPETQY,0
KLGGALQAK,DRGSQSIYSNGDAVGTAWRSGGGADGLTFGLNHDASQIVNDASSRRSSGELFFG,DRGSQS,IYSNGD,AVGTAWRSGGGADGLTFG,LNHDA,SQIVND,ASSRRSSGELFFG,0
KSKRTPMGF,TTLSNLVKSGEVAGKNSNDYKLSMNHEYSMNVEVASSPIRQDMGGYT,TTLSN,LVKSGEV,AGKNSNDYKLS,MNHEY,SMNVEV,ASSPIRQDMGGYT,0
RAKFKQLL,DSASNYIRSNVGEAPWDFNKFYSGHTAFQGTGAASSLQGGTGELF,DSASNY,IRSNVGE,APWDFNKFY,SGHTA,FQGTGA,ASSLQGGTGELF,1
AVFDRKSDAK,DSASNYIRSNVGEAASSPSNTGKLIPRHDTFYEKMQASSSPGENTGELF,DSASNY,IRSNVGE,AASSPSNTGKLI,PRHDT,FYEKMQ,ASSSPGENTGELF,0
ELAGIGILTV,YSGSPEHISRALVTFTGGGNKLTSGHNTYYREEEASSSTGGGEKDQPQH,YSGSPE,HISR,ALVTFTGGGNKLT,SGHNT,YYREEE,ASSSTGGGEKDQPQH,0
LLWNGPMAV,DSAIYNIQSSQREADSPDNYGQNFVMDHENSYDVKMASSFGTTSSGGELF,DSAIYN,IQSSQRE,ADSPDNYGQNFV,MDHEN,SYDVKM,ASSFGTTSSGGELF,0
GLCTLVAML,DRGSQSIYSNGDAAQGGKLIMNHEYSMNVEVASSSGTGVFLAEAF,DRGSQS,IYSNGD,AAQGGKLI,MNHEY,SMNVEV,ASSSGTGVFLAEAF,0
KLGGALQAK,DSASNYIRSNVGEAAGETSYDKVISEHNRFQNEAQASSLLGGGPNSPLH,DSASNY,IRSNVGE,AAGETSYDKVI,SEHNR,FQNEAQ,ASSLLGGGPNSPLH,0
CINGVCWTV,DSSSTYIFSNMDMAINQGGGATNKLIWNHNNSYGVQDASSPGRTGELF,DSSSTY,IFSNMDM,AINQGGGATNKLI,WNHNN,SYGVQD,ASSPGRTGELF,0
IVTDFSVIK,TSGFYGNALDGLAVKAAGNKLTLGHDTYNNKELASSQDLQGVKNAEAF,TSGFYG,NALDGL,AVKAAGNKLT,LGHDT,YNNKEL,ASSQDLQGVKNAEAF,0
GILGFVFTL,TSENNYYQEAYKQQNAFLQGGSEKLVMDHENSYDVKMASSLFGLAGVEETQY,TSENNYY,QEAYKQQN,AFLQGGSEKLV,MDHEN,SYDVKM,ASSLFGLAGVEETQY,0
GILGFVFTL,YSGSPEHISRALTGNYGQNFVLNHDASQIVNDASSIRSSYEQY,YSGSPE,HISR,ALTGNYGQNFV,LNHDA,SQIVND,ASSIRSSYEQY,1
CINGVCWTV,DSVNNIPSGTAVEDPVTGGGNKLTMNHEYSVGEGTASSNHLAGHTYEQY,DSVNN,IPSGT,AVEDPVTGGGNKLT,MNHEY,SVGEGT,ASSNHLAGHTYEQY,1
NLVPMVATV,SIFNTLYKAGELAGQLWTGTASKLTSGHNTYYREEEASSLGRGIYEQY,SIFNT,LYKAGEL,AGQLWTGTASKLT,SGHNT,YYREEE,ASSLGRGIYEQY,1
NLVPMVATV,TRDTTYYRNSFDEQNALTPNTNAGKSTENHRYSYGVKDAISGMVVRGGDSYNEQF,TRDTTYY,RNSFDEQN,ALTPNTNAGKST,ENHRY,SYGVKD,AISGMVVRGGDSYNEQF,0
RLRAEAQVK,TSGFNGNVLDGLAVNEGDYKLSDFQATTSNEGSKASARHLSGIEQF,TSGFNG,NVLDGL,AVNEGDYKLS,DFQATT,SNEGSKA,SARHLSGIEQF,0
GPRLGVRAT,DSASNYIRSNVGEAAMETSYDKVIKGHSHLQKENIASSPRKDSTGELF,DSASNY,IRSNVGE,AAMETSYDKVI,KGHSH,LQKENI,ASSPRKDSTGELF,0
AVFDRKSDAK,SIFNTLYKAGELAGPVNNLFLNHNVYYDKDFATSRDLGVGAGIRTDTQY,SIFNT,LYKAGEL,AGPVNNLF,LNHNV,YYDKDF,ATSRDLGVGAGIRTDTQY,1
GILGFVFTL,DRGSQSIYSNGDAAVASKIILGHDTYNNKELASSIKPDGYEQY,DRGSQS,IYSNGD,AAVASKII,LGHDT,YNNKEL,ASSIKPDGYEQY,0
AVFDRKSDAK,DRGSQSIYSNGDAVSGGKLISGHDYFNNNVPASSPQGFSYEQY,DRGSQS,IYSNGD,AVSGGKLI,SGHDY,FNNNVP,ASSPQGFSYEQY,0
NLVPMVATV,TRDTTYYRNSFDEQNALSEASLVDSNYQLILNHDASQIVNDASSPTSGGYNEQF,TRDTTYY,RNSFDEQN,ALSEASLVDSNYQLI,LNHDA,SQIVND,ASSPTSGGYNEQF,0
GILGFVFTL,DSASNYIRSNVGEAAGETSYDKVISEHNRFQNEAQASSLLGGGPNSPLH,DSASNY,IRSNVGE,AAGETSYDKVI,SEHNR,FQNEAQ,ASSLLGGGPNSPLH,0
GILGFVFTL,SSVPPYYTSAATLVAVTPGGEKLIMGHRAYSYEKLASSPGGAETQY,SSVPPY,YTSAATLV,AVTPGGEKLI,MGHRA,YSYEKL,ASSPGGAETQY,0
GILGFVFTL,NIATNDYGYKTKLVGDQILTGGGNKLTSGHTAFQGNSAASSLATGSGNQPQH,NIATNDY,GYKTK,LVGDQILTGGGNKLT,SGHTA,FQGNSA,ASSLATGSGNQPQH,0
CINGVCWTV,SSVSVYYLSGSTLVAVSDRRSASKIIMNHEYSVGAGIASSYEDKYQPQH,SSVSVY,YLSGSTLV,AVSDRRSASKII,MNHEY,SVGAGI,ASSYEDKYQPQH,0
LLWNGPMAV,SSYSPSYTSAATLVVVSAPGQAGTALISEHNRFQNEAQASSLDQGMTEAF,SSYSPS,YTSAATLV,VVSAPGQAGTALI,SEHNR,FQNEAQ,ASSLDQGMTEAF,0
ELAGIGILTV,TSGFNGNVLDGLAVRGLGGKLISEHNRFQNEAQASSLAVAGTVLEQY,TSGFNG,NVLDGL,AVRGLGGKLI,SEHNR,FQNEAQ,ASSLAVAGTVLEQY,0
HPVTKYIM,VSGLRGLYSAGEEAVKPNYGGSQGNLIMNHNSSASEGTASSAGDGYTHTVFGNIQY,VSGLRG,LYSAGEE,AVKPNYGGSQGNLI,MNHNS,SASEGT,ASSAGDGYTHTVFGNIQY,0
NLVPMVATV,DSASNYIRSNVGEAPWDFNKFYSGHTAFQGTGAASSLQGGTGELF,DSASNY,IRSNVGE,APWDFNKFY,SGHTA,FQGTGA,ASSLQGGTGELF,0
ATDALMTGF,TSINNIRSNEREARSRNKQGGIFFMNHEYSMNVEVASSLMGQGINQPQH,TSINN,IRSNERE,ARSRNKQGGIFF,MNHEY,SMNVEV,ASSLMGQGINQPQH,0
NLVPMVATV,TSGFNGNVLDGLAVRAGGGNKLTDFQATTSNEGSKASARDLGGPNTGELF,TSGFNG,NVLDGL,AVRAGGGNKLT,DFQATT,SNEGSKA,SARDLGGPNTGELF,0
IVTDFSVIK,NSASQSVYSSGVVKAYGQNFVLNHDASQIVNDASSSRASYEQY,NSASQS,VYSSG,VVKAYGQNFV,LNHDA,SQIVND,ASSSRASYEQY,0
RLRAEAQVK,DRGSQSIYSNGDAVPGGGGSQGNLILNHDASQIVNDASSMRSTNEQF,DRGSQS,IYSNGD,AVPGGGGSQGNLI,LNHDA,SQIVND,ASSMRSTNEQF,0
GLCTLVAML,YGGTVNYFSGDPLVAVNEDNFNKFYMGHRAYSYEKLASSLGGTNEQF,YGGTVN,YFSGDPLV,AVNEDNFNKFY,MGHRA,YSYEKL,ASSLGGTNEQF,0
GPRLGVRAT,DSVNNIPSGTAGSPSNTGKLILNHDASQIVNDASSIHSGNQPQH,DSVNN,IPSGT,AGSPSNTGKLI,LNHDA,SQIVND,ASSIHSGNQPQH,0
LLWNGPMAV,DSASNYIRSNVGEAPWDFNKFYSGHTAFQGTGAASSLQGGTGELF,DSASNY,IRSNVGE,APWDFNKFY,SGHTA,FQGTGA,ASSLQGGTGELF,0
KLGGALQAK,DSASNYIRSNVGEAASKASGGSYIPTSQVTMANQGSEASVEALGFQGRQQY,DSASNY,IRSNVGE,AASKASGGSYIPT,SQVTM,ANQGSEA,SVEALGFQGRQQY,1
RAKFKQLL,DSSSTYIFSNMDMAEKGGTALIDFQATTSNEGSKASARGQGDEQY,DSSSTY,IFSNMDM,AEKGGTALI,DFQATT,SNEGSKA,SARGQGDEQY,0
KLGGALQAK,SSVPPYYTSAATLVAVIGGYQKVTDFQATTSNEGSKASAGQGSNEKLF,SSVPPY,YTSAATLV,AVIGGYQKVT,DFQATT,SNEGSKA,SAGQGSNEKLF,1
KLGGALQAK,DRGSQSIYSNGDAVPLTGGGNKLTSGHATFQNNGVASSLGVAGTNTGELF,DRGSQS,IYSNGD,AVPLTGGGNKLT,SGHAT,FQNNGV,ASSLGVAGTNTGELF,0
GILGFVFTL,DSASNYIRSNVGEAASGGGSQGNLISGHNSFNNNVPASSFSGNTGELF,DSASNY,IRSNVGE,AASGGGSQGNLI,SGHNS,FNNNVP,ASSFSGNTGELF,0
GLCTLVAML,DSASNYIRSNVGEAASRKPDKIISGHATFQNNGVASSVISLGYGYT,DSASNY,IRSNVGE,AASRKPDKII,SGHAT,FQNNGV,ASSVISLGYGYT,1
IVTDFSVIK,DRGSQSIYSNGDAVNAGNMLTLNHNVYYDKDFATSRGQGNEQY,DRGSQS,IYSNGD,AVNAGNMLT,LNHNV,YYDKDF,ATSRGQGNEQY,0
GILGFVFTL,TRDTTYYRNSFDEQNALSNAKTSYDKVIDFQATTSNEGSKASARPGQFYSNQPQH,TRDTTYY,RNSFDEQN,ALSNAKTSYDKVI,DFQATT,SNEGSKA,SARPGQFYSNQPQH,0
AVFDRKSDAK,DSSSTYIFSNMDMAEDSASKIIDFQATTSNEGSKASARDETGNGYT,DSSSTY,IFSNMDM,AEDSASKII,DFQATT,SNEGSKA,SARDETGNGYT,0
AVFDRKSDAK,YSGSPEHISRALPNAGGTSYGKLTDFQATTSNEGSKASAYKLAGIGADTQY,YSGSPE,HISR,ALPNAGGTSYGKLT,DFQATT,SNEGSKA,SAYKLAGIGADTQY,0
GILGFVFTL,VSGNPYYITGDNLVAVRGTNARLMSGHNSFNNNVPASSVVTEAF,VSGNPY,YITGDNLV,AVRGTNARLM,SGHNS,FNNNVP,ASSVVTEAF,0
NLVPMVATV,NIATNDYGYKTKLVGDQILTGGGNKLTSGHTAFQGNSAASSLATGSGNQPQH,NIATNDY,GYKTK,LVGDQILTGGGNKLT,SGHTA,FQGNSA,ASSLATGSGNQPQH,0
GILGFVFTL,SSYSPSYTSAATLVVVSDLGYKLSLNHDASQIVNDASSIRSSYEQY,SSYSPS,YTSAATLV,VVSDLGYKLS,LNHDA,SQIVND,ASSIRSSYEQY,1
KLGGALQAK,YGATPYYFSGDTLVAVGLNNARLMSGHDTYYEEEEASSARSLWDQPQH,YGATPY,YFSGDTLV,AVGLNNARLM,SGHDT,YYEEEE,ASSARSLWDQPQH,1
VLFGLGFAI,TSINNIRSNEREATDARNTDKLIMGHRAYSYEKLASSPRRVGLAGVNGTDTQY,TSINN,IRSNERE,ATDARNTDKLI,MGHRA,YSYEKL,ASSPRRVGLAGVNGTDTQY,0
IVTDFSVIK,YGGTVNYFSGDPLVAVTGGFKTISGHATFQNNGVASSLYNEQF,YGGTVN,YFSGDPLV,AVTGGFKTI,SGHAT,FQNNGV,ASSLYNEQF,0
GLCTLVAML,SSYSPSYTSAATLVVLTGANNLFSGHTAFQGTGAASSLGTAAYNEQF,SSYSPS,YTSAATLV,VLTGANNLF,SGHTA,FQGTGA,ASSLGTAAYNEQF,0
IVTDFSVIK,SIFNTLYKAGELAGQLPPWETSGSRLTLNHDASQIVNDASSRLQGANSPLH,SIFNT,LYKAGEL,AGQLPPWETSGSRLT,LNHDA,SQIVND,ASSRLQGANSPLH,0
AVFDRKSDAK,NSMFDYISSIKDKAASGGSYIPTMNHEYSVGAGIASSSGPAYEQY,NSMFDY,ISSIKDK,AASGGSYIPT,MNHEY,SVGAGI,ASSSGPAYEQY,0
KLGGALQAK,SSVPPYYTSAATLVAVTAAGNKLTGTSNPNSVGIGAWSPRVAGGRVWETQY,SSVPPY,YTSAATLV,AVTAAGNKLT,GTSNPN,SVGIG,AWSPRVAGGRVWETQY,1
GILGFVFTL,SVFSSVVTGGEVAGARSGSQGNLILNHDASQIVNDASSVRSSYEQY,SVFSS,VVTGGEV,AGARSGSQGNLI,LNHDA,SQIVND,ASSVRSSYEQY,1
KLGGALQAK,NSAFQYTYSSGNAVTSNSNSGYALNMDHENSYDVKMASSPQGVGQPQH,NSAFQY,TYSSGN,AVTSNSNSGYALN,MDHEN,SYDVKM,ASSPQGVGQPQH,0
RAKFKQLL,TTSDRLLSNGAVAVDMEYGNKLVLGHNAYSLEERASSQGGYGYT,TTSDR,LLSNGAV,AVDMEYGNKLV,LGHNA,YSLEER,ASSQGGYGYT,0
AVFDRKSDAK,DRGSQSIYSNGDAVGGNNRLASNHLYFYNNEIASSEDFSGNTIY,DRGSQS,IYSNGD,AVGGNNRLA,SNHLY,FYNNEI,ASSEDFSGNTIY,0
RAKFKQLL,TSGFNGNVLDGLAVSLDGQKLLMNHEYSMNVEVASSPGTPTDTQY,TSGFNG,NVLDGL,AVSLDGQKLL,MNHEY,SMNVEV,ASSPGTPTDTQY,0
GILGFVFTL,TSGFNGNVLDGLAVRGPEGGGNKLTSGDLSYYNGEEASSAGTSGQETQY,TSGFNG,NVLDGL,AVRGPEGGGNKLT,SGDLS,YYNGEE,ASSAGTSGQETQY,0
KLGGALQAK,TTLSNLVKSGEVAGPFSGGYNKLIMNHEYSVGAGIASSPGGDTEAF,TTLSN,LVKSGEV,AGPFSGGYNKLI,MNHEY,SVGAGI,ASSPGGDTEAF,1
GLCTLVAML,VSGNPYYITGDNLVAVNADSWGKLQSGHATFQDESVVTGQGDINEQF,VSGNPY,YITGDNLV,AVNADSWGKLQ,SGHAT,FQDESV,VTGQGDINEQF,0
ELAGIGILTV,YGATPYYFSGDTLVAVGLNNNAGNMLTLGHNAYSLEERASSQAYDARYEQF,YGATPY,YFSGDTLV,AVGLNNNAGNMLT,LGHNA,YSLEER,ASSQAYDARYEQF,0
KSKRTPMGF,SVFSSVVTGGEVAGESNNNDMPLGHNAYSLEERASSQEHLGLVGEQF,SVFSS,VVTGGEV,AGESNNNDMP,LGHNA,YSLEER,ASSQEHLGLVGEQF,0
GLCTLVAML,DSSSTYIFSNMDMAESGGSQGNLIMGHRAYSYEKLASSQAENTEAF,DSSSTY,IFSNMDM,AESGGSQGNLI,MGHRA,YSYEKL,ASSQAENTEAF,0
RAKFKQLL,VGISALSSGKAAETTSGTYKYISGHDNFVKESKASSPIAGSSYEQY,VGISA,LSSGK,AAETTSGTYKYI,SGHDN,FVKESK,ASSPIAGSSYEQY,0
NLVPMVATV,TRDTTYYRNSFDEQNALSNAKTSYDKVIDFQATTSNEGSKASARPGQFYSNQPQH,TRDTTYY,RNSFDEQN,ALSNAKTSYDKVI,DFQATT,SNEGSKA,SARPGQFYSNQPQH,0
KLGGALQAK,TSENNYYQEAYKQQNAFMNTGTASKLTMDHENSYDVKMASSTGQGPDTQY,TSENNYY,QEAYKQQN,AFMNTGTASKLT,MDHEN,SYDVKM,ASSTGQGPDTQY,1
AVFDRKSDAK,TTLSNLVKSGEVAVWGSQGNLILNHDASQIVNDASSSRSGNEQF,TTLSN,LVKSGEV,AVWGSQGNLI,LNHDA,SQIVND,ASSSRSGNEQF,0
AVFDRKSDAK,DSASNYIRSNVGEAAKEGYSTLTSGDLSYYNGEEASSEGDRVTEAF,DSASNY,IRSNVGE,AAKEGYSTLT,SGDLS,YYNGEE,ASSEGDRVTEAF,0
RPPIFIRRL,SSVSVYYLSGSTLVAVSDPDTDKLIMNHNSSASEGTASSDWTNTGELF,SSVSVY,YLSGSTLV,AVSDPDTDKLI,MNHNS,SASEGT,ASSDWTNTGELF,0
KLGGALQAK,SSVPPYYTSAATLVAVTDNNNNDMRMNHNSSASEGTASSDRLENNEKLF,SSVPPY,YTSAATLV,AVTDNNNNDMR,MNHNS,SASEGT,ASSDRLENNEKLF,0
GILGFVFTL,NSAFQYTYSSGNAVTSNSNSGYALNMDHENSYDVKMASSPQGVGQPQH,NSAFQY,TYSSGN,AVTSNSNSGYALN,MDHEN,SYDVKM,ASSPQGVGQPQH,0
GLCTLVAML,VGISALSSGKAVRKFGNEKLTLNHDASHIVNDASSIGLYGYT,VGISA,LSSGK,AVRKFGNEKLT,LNHDA,SHIVND,ASSIGLYGYT,0
SPRWYFYYL,DSSSTYIFSNMDMAEKLAGTALISGHRSYFSETQASSHTSGNGDTQY,DSSSTY,IFSNMDM,AEKLAGTALI,SGHRS,YFSETQ,ASSHTSGNGDTQY,0
AVFDRKSDAK,DSSSTYIFSNMDMAEKDTGGFKTISEHNRFQNEAQASTGGDRTYYEQY,DSSSTY,IFSNMDM,AEKDTGGFKTI,SEHNR,FQNEAQ,ASTGGDRTYYEQY,0
NLVPMVATV,DSASNYIRSNVGEAATDTGGTSYGKLTLGHDTYNNKELASSQAYPSGAQASTDTQY,DSASNY,IRSNVGE,AATDTGGTSYGKLT,LGHDT,YNNKEL,ASSQAYPSGAQASTDTQY,0
GILGFVFTL,YGATPYYFSGDTLVAVVDNYGQNFVSGHRSYFSETQASSLDGNNEQF,YGATPY,YFSGDTLV,AVVDNYGQNFV,SGHRS,YFSETQ,ASSLDGNNEQF,0
ELAGIGILTV,DSSSTYIFSNMDMAESIGKLISQVTMANQGSEASVGAGGTNEKLF,DSSSTY,IFSNMDM,AESIGKLI,SQVTM,ANQGSEA,SVGAGGTNEKLF,0
KLGGALQAK,DRGSQSIYSNGDAVNWEEQGGSYIPTDFQATTSNEGSKASAPPLAGGVDTQY,DRGSQS,IYSNGD,AVNWEEQGGSYIPT,DFQATT,SNEGSKA,SAPPLAGGVDTQY,1
KLGGALQAK,TSINNIRSNEREALRRGYGNNRLAMDHENSYDVKMASSSWDIQTNTGELF,TSINN,IRSNERE,ALRRGYGNNRLA,MDHEN,SYDVKM,ASSSWDIQTNTGELF,0
GILGFVFTL,DRGSQSIYSNGDAVTTDKLISGDLSYYNGEEASSVAGGAYEQY,DRGSQS,IYSNGD,AVTTDKLI,SGDLS,YYNGEE,ASSVAGGAYEQY,0
RAKFKQLL,NIATNDYGYKTKLVGAGNMLTMGHRAYSYEKLASSQGGQGAPYEQY,NIATNDY,GYKTK,LVGAGNMLT,MGHRA,YSYEKL,ASSQGGQGAPYEQY,0
IVTDFSVIK,TISGTDYGLTSNILDNNNDMRSGHVSFNYEAQASSLAPGTTNEKLF,TISGTDY,GLTSN,ILDNNNDMR,SGHVS,FNYEAQ,ASSLAPGTTNEKLF,0
NLVPMVATV,DRGSQSIYSNGDAVNDYKLSLGHNAYSLEERASSPNSAGGTEAF,DRGSQS,IYSNGD,AVNDYKLS,LGHNA,YSLEER,ASSPNSAGGTEAF,0
KLGGALQAK,TISGNEYGLKNNIVRVNAGNMLTGTSNPNSVGIGAWSGRAGVSNEQF,TISGNEY,GLKNN,IVRVNAGNMLT,GTSNPN,SVGIG,AWSGRAGVSNEQF,0
AVFDRKSDAK,VGISALSSGKAAPANTGNQFYSGHNSFNNNVPASSLLWRNNEQF,VGISA,LSSGK,AAPANTGNQFY,SGHNS,FNNNVP,ASSLLWRNNEQF,0
CTELKLSDY,TSINNIRSNEREARSRNKQGGIFFMNHEYSMNVEVASSLMGQGINQPQH,TSINN,IRSNERE,ARSRNKQGGIFF,MNHEY,SMNVEV,ASSLMGQGINQPQH,0
IVTDFSVIK,TRDTTYYRNSFDEQNALSEGVGKLILNHDASQIVNDASSIRSSYEQY,TRDTTYY,RNSFDEQN,ALSEGVGKLI,LNHDA,SQIVND,ASSIRSSYEQY,0
ELAGIGILTV,SIFNTLYKAGELAGHTGNQFYENHRYSYGVKDAISDPGLAGGGGEQF,SIFNT,LYKAGEL,AGHTGNQFY,ENHRY,SYGVKD,AISDPGLAGGGGEQF,0
GILGFVFTL,NIATNDYGYKTKLVGDMAGGFKTISGHNTYYREEEASSWTQGDEQY,NIATNDY,GYKTK,LVGDMAGGFKTI,SGHNT,YYREEE,ASSWTQGDEQY,0
CTELKLSDY,SSVPPYYTSAATLVAVSDFKAAGNKLTSGHNSFNNNVPASSLTGLAGGRGQETQY,SSVPPY,YTSAATLV,AVSDFKAAGNKLT,SGHNS,FNNNVP,ASSLTGLAGGRGQETQY,0
GLCTLVAML,SIFNTLYKAGELAGQLPPWETSGSRLTLNHDASQIVNDASSRLQGANSPLH,SIFNT,LYKAGEL,AGQLPPWETSGSRLT,LNHDA,SQIVND,ASSRLQGANSPLH,0
CINGVCWTV,SSVPPYYTSAATLVAVSEGSNFGNEKLTSNHLYFYNNEIASTRESTDTQY,SSVPPY,YTSAATLV,AVSEGSNFGNEKLT,SNHLY,FYNNEI,ASTRESTDTQY,0
CINGVCWTV,DSASNYIRSNVGEAVNNAGGTSYGKLTLGHNAYSLEERASSLDAFSGNTIY,DSASNY,IRSNVGE,AVNNAGGTSYGKLT,LGHNA,YSLEER,ASSLDAFSGNTIY,0
RAKFKQLL,DRGSQSIYSNGDAVLGFGNVLHSGHNSFNNNVPASSPTGF,DRGSQS,IYSNGD,AVLGFGNVLH,SGHNS,FNNNVP,ASSPTGF,0
ELAGIGILTV,NIATNDYGYKTKLVGDQILTGGGNKLTSGHTAFQGNSAASSLATGSGNQPQH,NIATNDY,GYKTK,LVGDQILTGGGNKLT,SGHTA,FQGNSA,ASSLATGSGNQPQH,0
GLCTLVAML,TRDTTYYRNSFDEQNALSSPSAAGNKLTMNHEYSVGAGIASKGLAGGGSYNEQF,TRDTTYY,RNSFDEQN,ALSSPSAAGNKLT,MNHEY,SVGAGI,ASKGLAGGGSYNEQF,0
KLGGALQAK,YGATPYYFSGDTLVAVGAPERTSGTYKYIPRHDTFYEKMQASSPGTAAGLTYEQY,YGATPY,YFSGDTLV,AVGAPERTSGTYKYI,PRHDT,FYEKMQ,ASSPGTAAGLTYEQY,0
KLGGALQAK,TSGFNGNVLDGLAVENQGGKLIKGHTFFQNEQVASSQSPGAGGTEAF,TSGFNG,NVLDGL,AVENQGGKLI,KGHTF,FQNEQV,ASSQSPGAGGTEAF,0
RLPGVLPRA,TISGTDYGLTSNILRPREDRGSTLGRLYSQVTMANQGSEASVRQGARDNEQF,TISGTDY,GLTSN,ILRPREDRGSTLGRLY,SQVTM,ANQGSEA,SVRQGARDNEQF,0
GILGFVFTL,DSAIYNIQSSQREAVPEMRRDDKIIMNHEYSMNVEVASSSLTSGGARYTQY,DSAIYN,IQSSQRE,AVPEMRRDDKII,MNHEY,SMNVEV,ASSSLTSGGARYTQY,0
RAKFKQLL,VGISALSSGKAASLWNTDKLIMNHEYSMNVEVASSLISTSVYNEQF,VGISA,LSSGK,AASLWNTDKLI,MNHEY,SMNVEV,ASSLISTSVYNEQF,0
RAKFKQLL,TTLSNLVKSGEVAGKNSNDYKLSMNHEYSMNVEVASSPIRQDMGGYT,TTLSN,LVKSGEV,AGKNSNDYKLS,MNHEY,SMNVEV,ASSPIRQDMGGYT,0
KLGGALQAK,SSVSVYYLSGSTLVKAPLVMNHEYSMNVEVASREGSYPKNIQY,SSVSVY,YLSGSTLV,KAPLV,MNHEY,SMNVEV,ASREGSYPKNIQY,0
GILGFVFTL,SVFSSVVTGGEVAGGYQKVTMNHEYSVGEGTASAALAAYNEQF,SVFSS,VVTGGEV,AGGYQKVT,MNHEY,SVGEGT,ASAALAAYNEQF,0
GLCTLVAML,DSSSTYIFSNMDMAEIHARLMDFQATTSNEGSKASARDGNREWLH,DSSSTY,IFSNMDM,AEIHARLM,DFQATT,SNEGSKA,SARDGNREWLH,1
KLGGALQAK,SSNFYAMTLNGDEAFRYWSWGKLQKGHDRSFDVKDATMNGLSSYNEQF,SSNFYA,MTLNGDE,AFRYWSWGKLQ,KGHDR,SFDVKD,ATMNGLSSYNEQF,0
KLGGALQAK,NSASDYIRSNMDKAERETSYDKVISEHNRFQNEAQASSHSEGAENIQY,NSASDY,IRSNMDK,AERETSYDKVI,SEHNR,FQNEAQ,ASSHSEGAENIQY,0
KLGGALQAK,TSGFYGNALDGLAVNNYGQNFVSGHNSFNNNVPASSTTSGGVETQY,TSGFYG,NALDGL,AVNNYGQNFV,SGHNS,FNNNVP,ASSTTSGGVETQY,0
GILGFVFTL,SIFNTLYKAGELAGQLSGGYQKVTDFQATTSNEGSKASARDQLREDNYGYT,SIFNT,LYKAGEL,AGQLSGGYQKVT,DFQATT,SNEGSKA,SARDQLREDNYGYT,0
GILGFVFTL,TRDTTYYRNSFDEQNALRRGAGNMLTMNHEYSMNVEVATQSGGGNSPLH,TRDTTYY,RNSFDEQN,ALRRGAGNMLT,MNHEY,SMNVEV,ATQSGGGNSPLH,0
KLGGALQAK,DSASNYIRSNVGEAASRGVGGYNKLIMNHEYSMNVEVASSSLTSGAYNEQF,DSASNY,IRSNVGE,AASRGVGGYNKLI,MNHEY,SMNVEV,ASSSLTSGAYNEQF,0
FEDLRLLSF,VSGNPYYITGDNLVAVRDMLGFNKFYMRHNASNTAGTASSPTGSDTGELF,VSGNPY,YITGDNLV,AVRDMLGFNKFY,MRHNA,SNTAGT,ASSPTGSDTGELF,0
RAKFKQLL,DRGSQSIYSNGDAVMDGQKLLLGHNAYSLEERASSRQGVGQPQH,DRGSQS,IYSNGD,AVMDGQKLL,LGHNA,YSLEER,ASSRQGVGQPQH,0
AVFDRKSDAK,SSVPPYYTSAATLVAVSDHSGGSNYKLTLGHNAYSLEERASSLTGAGYEQY,SSVPPY,YTSAATLV,AVSDHSGGSNYKLT,LGHNA,YSLEER,ASSLTGAGYEQY,0
RAKFKQLL,TTLSNLVKSGEVAGHQGGKLISGHNSFNNNVPASSFSGNTGELF,TTLSN,LVKSGEV,AGHQGGKLI,SGHNS,FNNNVP,ASSFSGNTGELF,1
GILGFVFTL,NSASDYIRSNMDKAEKGGDDKIIENHRYSYGVKDAISESSSGNNEQF,NSASDY,IRSNMDK,AEKGGDDKII,ENHRY,SYGVKD,AISESSSGNNEQF,0
IVTDFSVIK,SSVSVYYLSGSTLVAVSDRRSASKIIMNHEYSVGAGIASSYEDKYQPQH,SSVSVY,YLSGSTLV,AVSDRRSASKII,MNHEY,SVGAGI,ASSYEDKYQPQH,1
RFPLTFGWCF,TSGFNGNVLDGLAVENQGGKLIKGHTFFQNEQVASSQSPGAGGTEAF,TSGFNG,NVLDGL,AVENQGGKLI,KGHTF,FQNEQV,ASSQSPGAGGTEAF,1
GILGFVFTL,TTLSNLVKSGEVAVTGGFKTILGHDTYNNKELASSQGGSSSEKLF,TTLSN,LVKSGEV,AVTGGFKTI,LGHDT,YNNKEL,ASSQGGSSSEKLF,0
RLPGVLPRA,DRGSQSIYSNGDAVSGGNQFYSGHNTYYREEEASSLTGETEKLF,DRGSQS,IYSNGD,AVSGGNQFY,SGHNT,YYREEE,ASSLTGETEKLF,1
RAKFKQLL,DRGSQSIYSNGDAVGGNNRLASNHLYFYNNEIASSEDFSGNTIY,DRGSQS,IYSNGD,AVGGNNRLA,SNHLY,FYNNEI,ASSEDFSGNTIY,0
GILGFVFTL,SSNFYAMTLNGDEAFSYNNNDMRMGHRAYSYEKLASSQDRFTDPYGYT,SSNFYA,MTLNGDE,AFSYNNNDMR,MGHRA,YSYEKL,ASSQDRFTDPYGYT,0
GILGFVFTL,DRGSQSIYSNGDALIDPGSGGGADGLTFGMNHNSSASEGTASSETQMNTEAFFG,DRGSQS,IYSNGD,ALIDPGSGGGADGLTFG,MNHNS,SASEGT,ASSETQMNTEAFFG,0
NLVPMVATV,SVFSSVVTGGEVAGQYGNKLVSQVTMANQGSEASAGTSGSNEQF,SVFSS,VVTGGEV,AGQYGNKLV,SQVTM,ANQGSEA,SAGTSGSNEQF,0
KLGGALQAK,DSSSTYIFSNMDMAESKNNNARLMMNHNSSASEGTASSEAGLGGELF,DSSSTY,IFSNMDM,AESKNNNARLM,MNHNS,SASEGT,ASSEAGLGGELF,0
SPRWYFYYL,NSAFQYTYSSGNATLLYNTDKLISGDLSYYNGEEASSPTPTGSSTDTQY,NSAFQY,TYSSGN,ATLLYNTDKLI,SGDLS,YYNGEE,ASSPTPTGSSTDTQY,0
GILGFVFTL,TTSDRLLSNGAVAVDRLDTDKLIMGHRAYSYEKLASSQQETYEQY,TTSDR,LLSNGAV,AVDRLDTDKLI,MGHRA,YSYEKL,ASSQQETYEQY,0
KLGGALQAK,TRDTTYYRNSFDEQNALGSVDTGRRALTLNHNVYYDKDFATSKAAGANPTYEQY,TRDTTYY,RNSFDEQN,ALGSVDTGRRALT,LNHNV,YYDKDF,ATSKAAGANPTYEQY,1
AVFDRKSDAK,DRGSQSIYSNGDAVKLNRDDKIIMNHEYSMNVEVASSSPMQRGLYEQY,DRGSQS,IYSNGD,AVKLNRDDKII,MNHEY,SMNVEV,ASSSPMQRGLYEQY,0
SPRWYFYYL,DSAIYNIQSSQREAVSGFGNVLHDFQATTSNEGSKASARSRVYQETQY,DSAIYN,IQSSQRE,AVSGFGNVLH,DFQATT,SNEGSKA,SARSRVYQETQY,0
GILGFVFTL,TTSDRLLSNGAVAVDISNAGNMLTSQVTMANQGSEASVVDYGYT,TTSDR,LLSNGAV,AVDISNAGNMLT,SQVTM,ANQGSEA,SVVDYGYT,0
GILGFVFTL,VSGNPYYITGDNLVAVRDGGSQGNLILNHDASQIVNDASSPTGTSEQF,VSGNPY,YITGDNLV,AVRDGGSQGNLI,LNHDA,SQIVND,ASSPTGTSEQF,0
FEDLRLLSF,DSVNNIPSGTAVDHLMNYGGSQGNLILNHDASQIVNDASSTYSQDTQY,DSVNN,IPSGT,AVDHLMNYGGSQGNLI,LNHDA,SQIVND,ASSTYSQDTQY,0
GILGFVFTL,TSDPSYGQGSYDQQNAMREGQTNFGNEKLTMDHENSYDVKMASSLGAGFLQETQY,TSDPSYG,QGSYDQQN,AMREGQTNFGNEKLT,MDHEN,SYDVKM,ASSLGAGFLQETQY,1
NLVPMVATV,YGATPYYFSGDTLVAVGAGTNAGKSTMGHRAYSYEKLASSQESGTEAF,YGATPY,YFSGDTLV,AVGAGTNAGKST,MGHRA,YSYEKL,ASSQESGTEAF,0
RLRAEAQVK,TRDTTYYRNSFDEQNALSLKYNFNKFYSGHNSFNNNVPASSLARTEDNYEQY,TRDTTYY,RNSFDEQN,ALSLKYNFNKFY,SGHNS,FNNNVP,ASSLARTEDNYEQY,0
AVFDRKSDAK,TSINNIRSNEREATDYYGNNRLAMNHEYSVGAGIASREGQFQETQY,TSINN,IRSNERE,ATDYYGNNRLA,MNHEY,SVGAGI,ASREGQFQETQY,0
RLRAEAQVK,DRGSQSIYSNGDAVPSGGYNKLILGHNTFRNRAPASGLDSSSGNTIY,DRGSQS,IYSNGD,AVPSGGYNKLI,LGHNT,FRNRAP,ASGLDSSSGNTIY,0
KLGGALQAK,DSVNNIPSGTAVATDSWGKLQSGHDYFNNNVPASSPSSSYEQY,DSVNN,IPSGT,AVATDSWGKLQ,SGHDY,FNNNVP,ASSPSSSYEQY,0
RAKFKQLL,DSASNYIRSNVGEAAAETSYDKVISGHNSFNNNVPASSNSGANVLT,DSASNY,IRSNVGE,AAAETSYDKVI,SGHNS,FNNNVP,ASSNSGANVLT,1
ELAGIGILTV,VSPFSNMTFSENTVGRDTGRRALTMDHENSYDVKMASSSLTGQSQETQY,VSPFSN,MTFSENT,VGRDTGRRALT,MDHEN,SYDVKM,ASSSLTGQSQETQY,0
KLGGALQAK,KTLYGLQKGGEEGAPTSSNTGKLIMNHEYSMNVEVASSPSGVWRDETQY,KTLYG,LQKGGEE,GAPTSSNTGKLI,MNHEY,SMNVEV,ASSPSGVWRDETQY,1
RAKFKQLL,ATGYPSATKADDKAQKGGGSNYKLTKGHSHLQKENIASSPQGYEQY,ATGYPS,ATKADDK,AQKGGGSNYKLT,KGHSH,LQKENI,ASSPQGYEQY,0
GILGFVFTL,DSAIYNIQSSQREAVMEYGNKLVMNHEYSMNVEVASTSPKTGVYNEQF,DSAIYN,IQSSQRE,AVMEYGNKLV,MNHEY,SMNVEV,ASTSPKTGVYNEQF,0
KLGGALQAK,SVFSSVVTGGEVAGGGFADYGGSQGNLILNHDASQIVNDASSLYSNQPQH,SVFSS,VVTGGEV,AGGGFADYGGSQGNLI,LNHDA,SQIVND,ASSLYSNQPQH,0
KLGGALQAK,TSENNYYQEAYKQQNAFMKLAGANSKLTLGHDTYNNKELASKSEKGAGGSPLH,TSENNYY,QEAYKQQN,AFMKLAGANSKLT,LGHDT,YNNKEL,ASKSEKGAGGSPLH,0
AVFDRKSDAK,DRGSQSIYSNGDAVDDKIISGHRSYFSETQASSPDRGLAGELF,DRGSQS,IYSNGD,AVDDKII,SGHRS,YFSETQ,ASSPDRGLAGELF,0
AVFDRKSDAK,DSSSTYIFSNMDMAERASNNDMRSGHTAFQGNSAASSPPGLVGGELF,DSSSTY,IFSNMDM,AERASNNDMR,SGHTA,FQGNSA,ASSPPGLVGGELF,0
NLVPMVATV,TSINNIRSNEREATDYYGNNRLAMNHEYSVGAGIASREGQFQETQY,TSINN,IRSNERE,ATDYYGNNRLA,MNHEY,SVGAGI,ASREGQFQETQY,0
KLGGALQAK,DSSSTYIFSNMDMAESINQGGKLIDFQATTSNEGSKASARLPRDYSNQPQH,DSSSTY,IFSNMDM,AESINQGGKLI,DFQATT,SNEGSKA,SARLPRDYSNQPQH,0
SLFNTVATLY,YGGTVNYFSGDPLVAVNAAGNDYKLSSEHNRFQNEAQASSTRTGQETQY,YGGTVN,YFSGDPLV,AVNAAGNDYKLS,SEHNR,FQNEAQ,ASSTRTGQETQY,0
GILGFVFTL,YGGTVNYFSGDPLVALNTGGFKTIMNHEYSMNVEVASSLFPDNYGYT,YGGTVN,YFSGDPLV,ALNTGGFKTI,MNHEY,SMNVEV,ASSLFPDNYGYT,0
KLGGALQAK,SSYSPSYTSAATLVVVSERDSSYKLISGHDYFNNNVPASSRGLGETQY,SSYSPS,YTSAATLV,VVSERDSSYKLI,SGHDY,FNNNVP,ASSRGLGETQY,0
CINGVCWTV,DSSSTYIFSNMDMAESGGSQGNLIMGHRAYSYEKLASSQAENTEAF,DSSSTY,IFSNMDM,AESGGSQGNLI,MGHRA,YSYEKL,ASSQAENTEAF,1
GILGFVFTL,TSINNIRSNEREATASSTDSWGKLQSGHRSYFSETQASNLRTGGTDTQY,TSINN,IRSNERE,ATASSTDSWGKLQ,SGHRS,YFSETQ,ASNLRTGGTDTQY,0
GILGFVFTL,DRGSQSIYSNGDAMNPAWGGATNKLISGHATFQNNGVASSLNRGDPEAF,DRGSQS,IYSNGD,AMNPAWGGATNKLI,SGHAT,FQNNGV,ASSLNRGDPEAF,0
ATDALMTGF,NYSPAYIRENEKEAPHPSGYSTLTMDHENSYDVKMASSLIQGSYEQY,NYSPAY,IRENEKE,APHPSGYSTLT,MDHEN,SYDVKM,ASSLIQGSYEQY,1
RAKFKQLL,SSVPPYYTSAATLVAVSRDMNYGGSQGNLILGHDTYNNKELASSQDLRGADTQY,SSVPPY,YTSAATLV,AVSRDMNYGGSQGNLI,LGHDT,YNNKEL,ASSQDLRGADTQY,0
DATYQRTRALVR,VSGNPYYITGDNLVAVAKDLQNSGGGADGLTLNHNVYYDKDFATSYEDNSGANVLT,VSGNPY,YITGDNLV,AVAKDLQNSGGGADGLT,LNHNV,YYDKDF,ATSYEDNSGANVLT,0
GILGFVFTL,SSYSPSYTSAATLVVVSDHYSNSGYALNSEHNRFQNEAQASSPPVISNNEQY,SSYSPS,YTSAATLV,VVSDHYSNSGYALN,SEHNR,FQNEAQ,ASSPPVISNNEQY,0
GILGFVFTL,TRDTTYYRNSFDEQNAGDSGGYQKVTMNHEYSMNVEVASSLKTHYSNQPQH,TRDTTYY,RNSFDEQN,AGDSGGYQKVT,MNHEY,SMNVEV,ASSLKTHYSNQPQH,1
ELAGIGILTV,NSASQSVYSSGVVGNYGQNFVLGHNAYSLEERASSQVLSGELF,NSASQS,VYSSG,VVGNYGQNFV,LGHNA,YSLEER,ASSQVLSGELF,1
GILGFVFTL,DSSSTYIFSNMDMAERSASNTGKLILGHNAYSLEERASSHTSADEQF,DSSSTY,IFSNMDM,AERSASNTGKLI,LGHNA,YSLEER,ASSHTSADEQF,0
KLGGALQAK,TRDTTYYRNSFDEQNALSESGGNYQLILNHDASQIVNDASMSSGANVLT,TRDTTYY,RNSFDEQN,ALSESGGNYQLI,LNHDA,SQIVND,ASMSSGANVLT,0
KLGGALQAK,DSAIYNIQSSQREAVGGRTSYDKVIMNHEYSMNVEVASSFSQATEAF,DSAIYN,IQSSQRE,AVGGRTSYDKVI,MNHEY,SMNVEV,ASSFSQATEAF,1
RAKFKQLL,NSASQSVYSSGVVWGGSYIPTMDHENSYDVKMASSFPPDLNTGELF,NSASQS,VYSSG,VVWGGSYIPT,MDHEN,SYDVKM,ASSFPPDLNTGELF,0
NLVPMVATV,VSGLRGLYSAGEEAVQRSDGQKLLMGHRAYSYEKLASSQEAQGETQY,VSGLRG,LYSAGEE,AVQRSDGQKLL,MGHRA,YSYEKL,ASSQEAQGETQY,0
RAKFKQLL,TRDTTYYRNSFDEQNALSRDVANSKLTSGHVSFQNEAQASSLGGGRPQH,TRDTTYY,RNSFDEQN,ALSRDVANSKLT,SGHVS,FQNEAQ,ASSLGGGRPQH,0
GILGFVFTL,SIFNTLYKAGELAGGGYGGSQGNLILNHDASQIVNDASSIRSDTEAF,SIFNT,LYKAGEL,AGGGYGGSQGNLI,LNHDA,SQIVND,ASSIRSDTEAF,1
SPRWYFYYL,NSASDYIRSNMDKAENILSSSNTGKLISGDLSYYNGEEASQSAEASTDTQY,NSASDY,IRSNMDK,AENILSSSNTGKLI,SGDLS,YYNGEE,ASQSAEASTDTQY,0
NLVPMVATV,DRGSQSIYSNGDAVSVGAGNMLTSSHATFNYEAQASSLTESYEQY,DRGSQS,IYSNGD,AVSVGAGNMLT,SSHAT,FNYEAQ,ASSLTESYEQY,0
GILGFVFTL,VSGNPYYITGDNLVAVRDREKAAGNKLTMNHNSSASEGTASSEFGNEQF,VSGNPY,YITGDNLV,AVRDREKAAGNKLT,MNHNS,SASEGT,ASSEFGNEQF,0
GILGFVFTL,TSINNIRSNEREATELYGANSKLTSGHNSFNNNVPASSFSGNTGELF,TSINN,IRSNERE,ATELYGANSKLT,SGHNS,FNNNVP,ASSFSGNTGELF,0
RAKFKQLL,TISGNEYGLKNNITGGGADGLTLNHNVYYDKDFATSRDRLGRGKGTEAF,TISGNEY,GLKNN,ITGGGADGLT,LNHNV,YYDKDF,ATSRDRLGRGKGTEAF,0
GILGFVFTL,TRDTTYYRNSFDEQNALSGGDSNYQLIKGHSHLQKENIASSPMGSNEQY,TRDTTYY,RNSFDEQN,ALSGGDSNYQLI,KGHSH,LQKENI,ASSPMGSNEQY,0
KLGGALQAK,DSAIYNIQSSQREAPKTGANNLFSGHKSYYEKEEASSGPGGVDEQY,DSAIYN,IQSSQRE,APKTGANNLF,SGHKS,YYEKEE,ASSGPGGVDEQY,0
YLQPRTFLL,SSVPPYYTSAATLVAVSDFKAAGNKLTSGHNSFNNNVPASSLTGLAGGRGQETQY,SSVPPY,YTSAATLV,AVSDFKAAGNKLT,SGHNS,FNNNVP,ASSLTGLAGGRGQETQY,0
NLVPMVATV,SIFNTLYKAGELAGHTGNQFYSGHNTYYREEEASSSTGGGEKDQPQH,SIFNT,LYKAGEL,AGHTGNQFY,SGHNT,YYREEE,ASSSTGGGEKDQPQH,0
KLGGALQAK,DRGSQSIYSNGDAVGNYQLISGDLSYYNGEEASSDLAGGTDTQY,DRGSQS,IYSNGD,AVGNYQLI,SGDLS,YYNGEE,ASSDLAGGTDTQY,0
ELAGIGILTV,TRDTTYYRNSFDEQNALSGDTGNQFYKGHSHLQKENIASSPSQGGNTDTQY,TRDTTYY,RNSFDEQN,ALSGDTGNQFY,KGHSH,LQKENI,ASSPSQGGNTDTQY,0
KLGGALQAK,DRGSQSIYSNGDAVKKGQNFVDFQATTSNEGSKASAESGNTEAF,DRGSQS,IYSNGD,AVKKGQNFV,DFQATT,SNEGSKA,SAESGNTEAF,0
KSKRTPMGF,KTLYGLQKGGEEGADGGDSSYKLISEHNRFQNEAQASSLAGDEQF,KTLYG,LQKGGEE,GADGGDSSYKLI,SEHNR,FQNEAQ,ASSLAGDEQF,1
AVFDRKSDAK,VSPFSNMTFSENTVVSSYSSASKIIKGHDRSFDVKDATSDLPGKAGYT,VSPFSN,MTFSENT,VVSSYSSASKII,KGHDR,SFDVKD,ATSDLPGKAGYT,0
KLGGALQAK,TRDTTYYRNSFDEQNALSEAGSGYSTLTLGHNAYNFKEQASSQTYPGAYNEQF,TRDTTYY,RNSFDEQN,ALSEAGSGYSTLT,LGHNA,YNFKEQ,ASSQTYPGAYNEQF,0
RLRAEAQVK,TISGNEYGLKNNIGAGNMLTKGHDRSFDVKDATSDRDRPNYGYT,TISGNEY,GLKNN,IGAGNMLT,KGHDR,SFDVKD,ATSDRDRPNYGYT,1
NLVPMVATV,TTLSNLVKSGEVAGRRGAGKSTSGHDTYYEEEEASSAYAGLAGVRETQY,TTLSN,LVKSGEV,AGRRGAGKST,SGHDT,YYEEEE,ASSAYAGLAGVRETQY,0
IVTDFSVIK,DSAIYNIQSSQREAVLNNAGNMLTLGHNAYSLEERASSQDFLSNQPQH,DSAIYN,IQSSQRE,AVLNNAGNMLT,LGHNA,YSLEER,ASSQDFLSNQPQH,0
SPRWYFYYL,YGGTVNYFSGDPLVAVNAYPHNYGQNFVMNHEYSMNVEVASSPHFQVDTGELF,YGGTVN,YFSGDPLV,AVNAYPHNYGQNFV,MNHEY,SMNVEV,ASSPHFQVDTGELF,0
CINGVCWTV,NIATNDYGYKTKLVERNNDMRMNHNSSASEGTASSELWGSEPSPLH,NIATNDY,GYKTK,LVERNNDMR,MNHNS,SASEGT,ASSELWGSEPSPLH,1
GILGFVFTL,DSAIYNIQSSQREAVHTQGGSEKLVSEHNRFQNEAQASTPYRRGPHLYGYT,DSAIYN,IQSSQRE,AVHTQGGSEKLV,SEHNR,FQNEAQ,ASTPYRRGPHLYGYT,0
GILGFVFTL,TSENNYYQEAYKQQNAFMKGAGGTSYGKLTSEHNRFQNEAQASSSLGGHGEAF,TSENNYY,QEAYKQQN,AFMKGAGGTSYGKLT,SEHNR,FQNEAQ,ASSSLGGHGEAF,1
RAKFKQLL,DSASNYIRSNVGEAATYSGAGSYQLTMNHEYSMNVEVASSNQETQY,DSASNY,IRSNVGE,AATYSGAGSYQLT,MNHEY,SMNVEV,ASSNQETQY,0
GILGFVFTL,DSSSTYIFSNMDMAEEGNTGKLISGHTAFQGTGAASSTPLENEQF,DSSSTY,IFSNMDM,AEEGNTGKLI,SGHTA,FQGTGA,ASSTPLENEQF,0
RAKFKQLL,DSVNNIPSGTAVEAAAGNKLTMDHENSYDVKMASSSGQGNIQY,DSVNN,IPSGT,AVEAAAGNKLT,MDHEN,SYDVKM,ASSSGQGNIQY,0
AVFDRKSDAK,DRGSQSIYSNGDAVGIGFGNVLHMNHEYSMNVEVASSFGQGLSEQF,DRGSQS,IYSNGD,AVGIGFGNVLH,MNHEY,SMNVEV,ASSFGQGLSEQF,0
NLVPMVATV,TISGTDYGLTSNILNRDDKIIDFQATTSNEGSKASALYPLAGPGNEQF,TISGTDY,GLTSN,ILNRDDKII,DFQATT,SNEGSKA,SALYPLAGPGNEQF,0
RAKFKQLL,TRDTTYYRNSFDEQNALSEARDQFYMNHNSSASEGTASSVSAGTDTQY,TRDTTYY,RNSFDEQN,ALSEARDQFY,MNHNS,SASEGT,ASSVSAGTDTQY,1
RAKFKQLL,VGISALSSGKAVRKFGNEKLTLNHDASHIVNDASSIGLYGYT,VGISA,LSSGK,AVRKFGNEKLT,LNHDA,SHIVND,ASSIGLYGYT,0
LLWNGPMAV,DRGSQSIYSNGDAVTNYGGSQGNLIKGHDRSFDVKDATRRPGQQETQY,DRGSQS,IYSNGD,AVTNYGGSQGNLI,KGHDR,SFDVKD,ATRRPGQQETQY,0
GILGFVFTL,DSASNYIRSNVGEAASRDQKVTSGHNSFNNNVPASRGIGGASEAF,DSASNY,IRSNVGE,AASRDQKVT,SGHNS,FNNNVP,ASRGIGGASEAF,0
NLVPMVATV,DSSSTYIFSNMDMAESLWDDKIISGHDYFNNNVPASRPSGGAETQY,DSSSTY,IFSNMDM,AESLWDDKII,SGHDY,FNNNVP,ASRPSGGAETQY,0
RAKFKQLL,DRGSQSIYSNGDAVNTPPFYLNHDASQIVNDASSIRSSYEQY,DRGSQS,IYSNGD,AVNTPPFY,LNHDA,SQIVND,ASSIRSSYEQY,0
RAKFKQLL,SVFSSVVTGGEVAHDADSGGGADGLTLGHNAYSLEERASSQGPGGLSIQY,SVFSS,VVTGGEV,AHDADSGGGADGLT,LGHNA,YSLEER,ASSQGPGGLSIQY,0
GILGFVFTL,DSASNYIRSNVGEAPPSMNHEYSVGEGTASSWGQGSPLH,DSASNY,IRSNVGE,APPS,MNHEY,SVGEGT,ASSWGQGSPLH,0
GLCTLVAML,VSGNPYYITGDNLVAVRDREKAAGNKLTMNHNSSASEGTASSEFGNEQF,VSGNPY,YITGDNLV,AVRDREKAAGNKLT,MNHNS,SASEGT,ASSEFGNEQF,0
RAKFKQLL,DSSSTYIFSNMDMAERGTGGFKTILGHDTYNNKELASSQVFWTESNTDTQY,DSSSTY,IFSNMDM,AERGTGGFKTI,LGHDT,YNNKEL,ASSQVFWTESNTDTQY,0
RAKFKQLL,DSASNYIRSNVGEAAMETSYDKVIKGHSHLQKENIASSPRKDSTGELF,DSASNY,IRSNVGE,AAMETSYDKVI,KGHSH,LQKENI,ASSPRKDSTGELF,1
RAKFKQLL,DSSSTYIFSNMDMAINQGGGATNKLIWNHNNSYGVQDASSPGRTGELF,DSSSTY,IFSNMDM,AINQGGGATNKLI,WNHNN,SYGVQD,ASSPGRTGELF,0
RAKFKQLL,DSAIYNIQSSQREAALDSGAGNMLTMNHEYSVGAGIASIAGLRAF,DSAIYN,IQSSQRE,AALDSGAGNMLT,MNHEY,SVGAGI,ASIAGLRAF,0
GILGFVFTL,TSINNIRSNEREATDAPSNYQLISNHLYFYNNEIASSSSGRDYEQY,TSINN,IRSNERE,ATDAPSNYQLI,SNHLY,FYNNEI,ASSSSGRDYEQY,0
KLGGALQAK,DSAIYNIQSSQREAVDLMKTSYDKVILNHDASQIVNDASSITWTGNMNTEAF,DSAIYN,IQSSQRE,AVDLMKTSYDKVI,LNHDA,SQIVND,ASSITWTGNMNTEAF,1
RAKFKQLL,NIATNDYGYKTKLVGEAGGFKTISGHTAFQGTGAASSLTVSLSPDLNEQF,NIATNDY,GYKTK,LVGEAGGFKTI,SGHTA,FQGTGA,ASSLTVSLSPDLNEQF,0
GILGFVFTL,DSASNYIRSNVGEAASETSYDKVISEHNRFQNEAQASSPRTGNTGELF,DSASNY,IRSNVGE,AASETSYDKVI,SEHNR,FQNEAQ,ASSPRTGNTGELF,0
RAKFKQLL,TRDTTYYRNSFDEQNALSEPNSGGGADGLTSGHTAFQGNSAASSSGVGNEQF,TRDTTYY,RNSFDEQN,ALSEPNSGGGADGLT,SGHTA,FQGNSA,ASSSGVGNEQF,0
GILGFVFTL,DRGSQSIYSNGDAVNIRGPFMEYGNKLVLNHDASQIVNDASSMLVANYGYT,DRGSQS,IYSNGD,AVNIRGPFMEYGNKLV,LNHDA,SQIVND,ASSMLVANYGYT,0
IVTDFSVIK,DRGSQSIYSNGDALNTGGFKTILGHNAYNFKEQASSQETSGGASQF,DRGSQS,IYSNGD,ALNTGGFKTI,LGHNA,YNFKEQ,ASSQETSGGASQF,0
GILGFVFTL,TRDTTYYRNSFDEQNALWGAGSYQLTDFQATTSNEGSKASASPPTGEYEQY,TRDTTYY,RNSFDEQN,ALWGAGSYQLT,DFQATT,SNEGSKA,SASPPTGEYEQY,0
HPVTKYIM,TISGTDYGLTSNILNRDDKIIDFQATTSNEGSKASALYPLAGPGNEQF,TISGTDY,GLTSN,ILNRDDKII,DFQATT,SNEGSKA,SALYPLAGPGNEQF,0
RAKFKQLL,DRGSQSIYSNGDAVNGNARLMDFQATTSNEGSKASLIQGLGTEAF,DRGSQS,IYSNGD,AVNGNARLM,DFQATT,SNEGSKA,SLIQGLGTEAF,0
ELAGIGILTV,DSSSTYIFSNMDMAEMEGGSYIPTLNHDASQIVNDASSIRSSYEQY,DSSSTY,IFSNMDM,AEMEGGSYIPT,LNHDA,SQIVND,ASSIRSSYEQY,0
ELAGIGILTV,TRDTTYYRNSFDEQNALSLKYNFNKFYSGHNSFNNNVPASSLARTEDNYEQY,TRDTTYY,RNSFDEQN,ALSLKYNFNKFY,SGHNS,FNNNVP,ASSLARTEDNYEQY,0
GILGFVFTL,TRDTTYYRNSFDEQNALSDPYSGAGSYQLTSGHVSFQNEAQASSLAVLGETQY,TRDTTYY,RNSFDEQN,ALSDPYSGAGSYQLT,SGHVS,FQNEAQ,ASSLAVLGETQY,0
DATYQRTRALVR,TSINNIRSNEREARSRNKQGGIFFMNHEYSMNVEVASSLMGQGINQPQH,TSINN,IRSNERE,ARSRNKQGGIFF,MNHEY,SMNVEV,ASSLMGQGINQPQH,0
LLWNGPMAV,NTAFDYIRPDVSEAAHSGNTPLVMNHEYSMNVEVASSQTETSYEQY,NTAFDY,IRPDVSE,AAHSGNTPLV,MNHEY,SMNVEV,ASSQTETSYEQY,0
AVFDRKSDAK,DSVNNIPSGTAVDHLMNYGGSQGNLILNHDASQIVNDASSTYSQDTQY,DSVNN,IPSGT,AVDHLMNYGGSQGNLI,LNHDA,SQIVND,ASSTYSQDTQY,0
GILGFVFTL,DSVNNIPSGTAVATDSWGKLQSGHDYFNNNVPASSPSSSYEQY,DSVNN,IPSGT,AVATDSWGKLQ,SGHDY,FNNNVP,ASSPSSSYEQY,0
NLVPMVATV,TRDTTYYRNSFDEQNALRPDSNYQLILGHNAYSLEERASSPGEGLKTEAF,TRDTTYY,RNSFDEQN,ALRPDSNYQLI,LGHNA,YSLEER,ASSPGEGLKTEAF,0
RAKFKQLL,DRGSQSIYSNGDAVTSVGNKLTMNHEYSMNVEVASSLSGTNGYT,DRGSQS,IYSNGD,AVTSVGNKLT,MNHEY,SMNVEV,ASSLSGTNGYT,0
KLGGALQAK,NIATNDYGYKTKLVGDGSGYSTLTLNHDASQIVNDASSPALGDQETQY,NIATNDY,GYKTK,LVGDGSGYSTLT,LNHDA,SQIVND,ASSPALGDQETQY,0
LLWNGPMAV,DRGSQSIYSNGDAVGISGGYQKVTMNHEYSVGAGIASSSGTGSPLH,DRGSQS,IYSNGD,AVGISGGYQKVT,MNHEY,SVGAGI,ASSSGTGSPLH,0
RAKFKQLL,DRGSQSIYSNGDAANDYKLSDFQATTSNEGSKASATGNRGADTQY,DRGSQS,IYSNGD,AANDYKLS,DFQATT,SNEGSKA,SATGNRGADTQY,0
GILGFVFTL,DRGSQSIYSNGDAAPYSGGGADGLTKGHDRSFDVKDATSDYVSGTLQETQY,DRGSQS,IYSNGD,AAPYSGGGADGLT,KGHDR,SFDVKD,ATSDYVSGTLQETQY,1
IVTDFSVIK,YGATPYYFSGDTLVAVGNLDGGSQGNLISGHKSYYEKEEASVGSYNEQF,YGATPY,YFSGDTLV,AVGNLDGGSQGNLI,SGHKS,YYEKEE,ASVGSYNEQF,0
KSKRTPMGF,YGATPYYFSGDTLVAVGEDSQLTLGHNAYSLEERASSQDSTSGYSREQF,YGATPY,YFSGDTLV,AVGEDSQLT,LGHNA,YSLEER,ASSQDSTSGYSREQF,1
RAKFKQLL,DSASNYIRSNVGEAALETSYDKVIMRHNASNTAGTASLWEAPRKETQY,DSASNY,IRSNVGE,AALETSYDKVI,MRHNA,SNTAGT,ASLWEAPRKETQY,1
ELAGIGILTV,NSASQSVYSSGVVNEKEGNMLTSQVTMANQGSEASVGEGLAYEQY,NSASQS,VYSSG,VVNEKEGNMLT,SQVTM,ANQGSEA,SVGEGLAYEQY,0
RAKFKQLL,SVFSSVVTGGEVAGESNNNDMPLGHNAYSLEERASSQEHLGLVGEQF,SVFSS,VVTGGEV,AGESNNNDMP,LGHNA,YSLEER,ASSQEHLGLVGEQF,0
RAKFKQLL,DRGSQSIYSNGDAVNWEEQGGSYIPTPRHDTFYEKMQASSFPGSTGELF,DRGSQS,IYSNGD,AVNWEEQGGSYIPT,PRHDT,FYEKMQ,ASSFPGSTGELF,0
IVTDFSVIK,DSASNYIRSNVGEAAKEGYSTLTSGDLSYYNGEEASSEGDRVTEAF,DSASNY,IRSNVGE,AAKEGYSTLT,SGDLS,YYNGEE,ASSEGDRVTEAF,1
GILGFVFTL,DSASNYIRSNVGEAASETSYDKVISEHNRFQNEAQASSSLGGGNTEAF,DSASNY,IRSNVGE,AASETSYDKVI,SEHNR,FQNEAQ,ASSSLGGGNTEAF,0
ELAGIGILTV,YGATPYYFSGDTLVAVGFNNNDMRWNHNNSYGVQDASSESRLDGYT,YGATPY,YFSGDTLV,AVGFNNNDMR,WNHNN,SYGVQD,ASSESRLDGYT,0
ELAGIGILTV,TTSDRLLSNGAVAVDISNAGNMLTSQVTMANQGSEASVVDYGYT,TTSDR,LLSNGAV,AVDISNAGNMLT,SQVTM,ANQGSEA,SVVDYGYT,0
ELAGIGILTV,SSVSVYYLSGSTLVAVSDKLVGAAGNKLTMGHRAYSYEKLASSQHGGDYEQY,SSVSVY,YLSGSTLV,AVSDKLVGAAGNKLT,MGHRA,YSYEKL,ASSQHGGDYEQY,0
NLVPMVATV,TSENNYYQEAYKQQNAFMEYGNKLVPRHDTFYEKMQASSFLGVTYGYT,TSENNYY,QEAYKQQN,AFMEYGNKLV,PRHDT,FYEKMQ,ASSFLGVTYGYT,0
KSKRTPMGF,DRGSQSIYSNGDAVRDNQGGKLISGHDTYYEEEEASSTRDRQGLPYEQY,DRGSQS,IYSNGD,AVRDNQGGKLI,SGHDT,YYEEEE,ASSTRDRQGLPYEQY,0
CINGVCWTV,DRGSQSIYSNGDAVNAGNMLTLNHNVYYDKDFATSRGQGNEQY,DRGSQS,IYSNGD,AVNAGNMLT,LNHNV,YYDKDF,ATSRGQGNEQY,0
AVFDRKSDAK,DSASNYIRSNVGEAASNILTGGGNKLTLGHNAYSLEERASSQVVGQRNTEAF,DSASNY,IRSNVGE,AASNILTGGGNKLT,LGHNA,YSLEER,ASSQVVGQRNTEAF,0
RAKFKQLL,TISGNEYGLKNNIVRVGTSGSARQLTLNHDASQIVNDASSISPSGFNGYT,TISGNEY,GLKNN,IVRVGTSGSARQLT,LNHDA,SQIVND,ASSISPSGFNGYT,0
NLVPMVATV,SSVPPYYTSAATLVAVTAAGNKLTGTSNPNSVGIGAWSPRVAGGRVWETQY,SSVPPY,YTSAATLV,AVTAAGNKLT,GTSNPN,SVGIG,AWSPRVAGGRVWETQY,0
GILGFVFTL,DRGSQSIYSNGDAVNTNAGKSTLNHDASQIVNDASSIVIVAGANVLT,DRGSQS,IYSNGD,AVNTNAGKST,LNHDA,SQIVND,ASSIVIVAGANVLT,1
KLGGALQAK,DRGSQSIYSNGDAVSASKIISGHATFQNNGVASNTGTDSYEQY,DRGSQS,IYSNGD,AVSASKII,SGHAT,FQNNGV,ASNTGTDSYEQY,0
RFPLTFGWCF,YGATPYYFSGDTLVAVGPFSGGYNKLIMNHEYSVGEGTASLPVAGGYNEQF,YGATPY,YFSGDTLV,AVGPFSGGYNKLI,MNHEY,SVGEGT,ASLPVAGGYNEQF,0
GILGFVFTL,NSASDYIRSNMDKAENGGGGADGLTSQVTMANQGSEASVGSGDYEQY,NSASDY,IRSNMDK,AENGGGGADGLT,SQVTM,ANQGSEA,SVGSGDYEQY,0
NLVPMVATV,TSGFYGNALDGLAVRDQEGNTPLVSGHNSFNNNVPASSSVNEQY,TSGFYG,NALDGL,AVRDQEGNTPLV,SGHNS,FNNNVP,ASSSVNEQY,1
RAKFKQLL,DSASNYIRSNVGEAASINRMDNDMRDFQATTSNEGSKASAFDREGVDGYT,DSASNY,IRSNVGE,AASINRMDNDMR,DFQATT,SNEGSKA,SAFDREGVDGYT,0
KLGGALQAK,YGGTVNYFSGDPLVAVIPGSNYQLILNHDASQIVNDASSDRSNTEAF,YGGTVN,YFSGDPLV,AVIPGSNYQLI,LNHDA,SQIVND,ASSDRSNTEAF,0
FEDLRVLSF,YGGTVNYFSGDPLVAVKGVNFGNEKLTSGHTAFQGNSAASNWGGRGNTGELF,YGGTVN,YFSGDPLV,AVKGVNFGNEKLT,SGHTA,FQGNSA,ASNWGGRGNTGELF,1
AVFDRKSDAK,TRDTTYYRNSFDEQNALSEAVGADGLTSGHNTYYREEEASSLRSRDSPLH,TRDTTYY,RNSFDEQN,ALSEAVGADGLT,SGHNT,YYREEE,ASSLRSRDSPLH,0
RLRAEAQVK,DSAIYNIQSSQREAVDLMKTSYDKVIKGHDRSFDVKDATSATDNTGELF,DSAIYN,IQSSQRE,AVDLMKTSYDKVI,KGHDR,SFDVKD,ATSATDNTGELF,1
GILGFVFTL,DRGSQSIYSNGDAVGGTGKLILNHDASQIVNDASGLSGDEQY,DRGSQS,IYSNGD,AVGGTGKLI,LNHDA,SQIVND,ASGLSGDEQY,0
GILGFVFTL,DRGSQSIYSNGDAVGSNDYKLSSGHDTYYEEEEASSFGGRSYEQY,DRGSQS,IYSNGD,AVGSNDYKLS,SGHDT,YYEEEE,ASSFGGRSYEQY,0
GLCTLVAML,DRGSQSIYSNGDAVNGGNQFYLGHNAYNFKEQASSLEMGAGTEAF,DRGSQS,IYSNGD,AVNGGNQFY,LGHNA,YNFKEQ,ASSLEMGAGTEAF,0
RAKFKQLL,SVFSSVVTGGEVAGPFGRLMMNHEYSMNVEVASSLFPGFGEQY,SVFSS,VVTGGEV,AGPFGRLM,MNHEY,SMNVEV,ASSLFPGFGEQY,0
SPRWYFYYL,SVFSSVVTGGEVAGCHGSGNTGKLILNHDASQIVNDASSSRSAYEQY,SVFSS,VVTGGEV,AGCHGSGNTGKLI,LNHDA,SQIVND,ASSSRSAYEQY,0
RAKFKQLL,DRGSQSIYSNGDAGSASKIISGHDYFNNNVPASSYSGGGNQPQH,DRGSQS,IYSNGD,AGSASKII,SGHDY,FNNNVP,ASSYSGGGNQPQH,0
RFPLTFGWCF,TRDTTYYRNSFDEQNALKHNNARLMSGHVSFNYEAQASSPLAGVSDTQY,TRDTTYY,RNSFDEQN,ALKHNNARLM,SGHVS,FNYEAQ,ASSPLAGVSDTQY,0
NLVPMVATV,DSVNNIPSGTAVEPLYGNKLVKGHDRSFDVKDATSDRLAGGELF,DSVNN,IPSGT,AVEPLYGNKLV,KGHDR,SFDVKD,ATSDRLAGGELF,0
SPRWYFYYL,NIATNDYGYKTKLVGDQILTGGGNKLTSGHTAFQGNSAASSLATGSGNQPQH,NIATNDY,GYKTK,LVGDQILTGGGNKLT,SGHTA,FQGNSA,ASSLATGSGNQPQH,1
RAKFKQLL,NSMFDYISSIKDKAASGGSNYKLTLGHDTYNNKELASSQEVMTALQPDYGYT,NSMFDY,ISSIKDK,AASGGSNYKLT,LGHDT,YNNKEL,ASSQEVMTALQPDYGYT,0
RAKFKQLL,DRGSQSIYSNGDAVTGDKLISGHDYFNNNVPALSDLGGSGNTGKLI,DRGSQS,IYSNGD,AVTGDKLI,SGHDY,FNNNVP,ALSDLGGSGNTGKLI,0
GILGFVFTL,TSGFNGNVLDGLAAMDSNYQLIMDHENSYDVKMASSLYSATGELF,TSGFNG,NVLDGL,AAMDSNYQLI,MDHEN,SYDVKM,ASSLYSATGELF,0
AVFDRKSDAK,DSAIYNIQSSQREAVTTQGGSEKLVMNHEYSMNVEVASSLSTGVLFEQY,DSAIYN,IQSSQRE,AVTTQGGSEKLV,MNHEY,SMNVEV,ASSLSTGVLFEQY,0
NLVPMVATV,VSGLRGLYSAGEEAGGGSQGNLIMNHEYSMNVEVASSGSPYNEQF,VSGLRG,LYSAGEE,AGGGSQGNLI,MNHEY,SMNVEV,ASSGSPYNEQF,0
NLVPMVATV,DRGSQSIYSNGDAVGGNNRLASNHLYFYNNEIASSEDFSGNTIY,DRGSQS,IYSNGD,AVGGNNRLA,SNHLY,FYNNEI,ASSEDFSGNTIY,0
FEDLRVLSF,TSGFYGNALDGLAVIEDTGKLISEHNRFQNEAQASSLVLGRETEAF,TSGFYG,NALDGL,AVIEDTGKLI,SEHNR,FQNEAQ,ASSLVLGRETEAF,0
RPPIFIRRL,TSINNIRSNEREATPLDSWGKLQLGHDTYNNKELASSHRTTYNEQF,TSINN,IRSNERE,ATPLDSWGKLQ,LGHDT,YNNKEL,ASSHRTTYNEQF,0
KLGGALQAK,VSGNPYYITGDNLVAVRDNQAGTALISGDLSYYNGEEASSAGSGSGYNEQF,VSGNPY,YITGDNLV,AVRDNQAGTALI,SGDLS,YYNGEE,ASSAGSGSGYNEQF,0
AVFDRKSDAK,TRDTTYYRNSFDEQNALSEDAGNMLTSGHATFQNNGVASSWGGGSHYGYT,TRDTTYY,RNSFDEQN,ALSEDAGNMLT,SGHAT,FQNNGV,ASSWGGGSHYGYT,0
RAKFKQLL,TSENNYYQEAYKQQNAFAYNNNDMRMNHGYSAAAGDRGPSNQPQH,TSENNYY,QEAYKQQN,AFAYNNNDMR,MNHGY,SAAAG,DRGPSNQPQH,0
AVFDRKSDAK,SIFNTLYKAGELAGLETSGTYKYISGHNTYYREEEASSYKPGQRDYT,SIFNT,LYKAGEL,AGLETSGTYKYI,SGHNT,YYREEE,ASSYKPGQRDYT,0
KLGGALQAK,TISGTDYGLTSNIRGGNTPLVPRHDTFYEKMQASSPGLAGTGYEQY,TISGTDY,GLTSN,IRGGNTPLV,PRHDT,FYEKMQ,ASSPGLAGTGYEQY,0
RAKFKQLL,DRGSQSIYSNGDAAGFMNYGGSQGNLILNHDASQIVNDASSLTSVYNEQF,DRGSQS,IYSNGD,AAGFMNYGGSQGNLI,LNHDA,SQIVND,ASSLTSVYNEQF,0
AVFDRKSDAK,NSASDYIRSNMDKADSGGGADGLTSGHDTYYEEEEASSLTEGGRNQPQH,NSASDY,IRSNMDK,ADSGGGADGLT,SGHDT,YYEEEE,ASSLTEGGRNQPQH,0
ATDALMTGF,DSASNYIRSNVGEAASETSYDKVISGHNSFNNNVPASTQQGSYGYT,DSASNY,IRSNVGE,AASETSYDKVI,SGHNS,FNNNVP,ASTQQGSYGYT,0
GILGFVFTL,DSASNYIRSNVGEAASIAGGYQKVTSEHNRFQNEAQASSLGQGVFYEQF,DSASNY,IRSNVGE,AASIAGGYQKVT,SEHNR,FQNEAQ,ASSLGQGVFYEQF,0
NLVPMVATV,TSINNIRSNEREAPEIQGAQKLVMNHNYSVGAGIASENRNTGELF,TSINN,IRSNERE,APEIQGAQKLV,MNHNY,SVGAGI,ASENRNTGELF,0
HPVTKYIM,TRDTTYYRNSFDEQNALSGPGTSFLGSARQLTSGHDTYYEEEEASSLRDGSEAF,TRDTTYY,RNSFDEQN,ALSGPGTSFLGSARQLT,SGHDT,YYEEEE,ASSLRDGSEAF,0
KLGGALQAK,NSASQSVYSSGVVNNGDKLISGHVSFNYEAQASSPGTTLAKNIQY,NSASQS,VYSSG,VVNNGDKLI,SGHVS,FNYEAQ,ASSPGTTLAKNIQY,0
LLWNGPMAV,DRGSQSIYSNGDALTPRDDMRSGHATFQNNGVASSLGVAGTNTGELF,DRGSQS,IYSNGD,ALTPRDDMR,SGHAT,FQNNGV,ASSLGVAGTNTGELF,0
HPVTKYIM,DSAIYNIQSSQREAVDSNAGNMLTMNHEYSMNVEVASSPPGGAYEQY,DSAIYN,IQSSQRE,AVDSNAGNMLT,MNHEY,SMNVEV,ASSPPGGAYEQY,0
GILGFVFTL,NSASQSVYSSGVVNKNNDMRSGHRSYFSETQASGEENTGELF,NSASQS,VYSSG,VVNKNNDMR,SGHRS,YFSETQ,ASGEENTGELF,0
GILGFVFTL,VGISALSSGKAVSAWYRGSNYQLISGHDNFVKESKASRRGVDGYT,VGISA,LSSGK,AVSAWYRGSNYQLI,SGHDN,FVKESK,ASRRGVDGYT,0
GILGFVFTL,NSASDYIRSNMDKAETHTGTASKLTSGHVSFNYEAQASSLVGQGGHTDTQY,NSASDY,IRSNMDK,AETHTGTASKLT,SGHVS,FNYEAQ,ASSLVGQGGHTDTQY,0
NLVPMVATV,NSASQSVYSSGVVKAYGQNFVLNHDASQIVNDASSSRASYEQY,NSASQS,VYSSG,VVKAYGQNFV,LNHDA,SQIVND,ASSSRASYEQY,0
GPRLGVRAT,DRGSQSIYSNGDAVNADYGGATNKLIMNHEYSMNVEVASSPPQFTEAF,DRGSQS,IYSNGD,AVNADYGGATNKLI,MNHEY,SMNVEV,ASSPPQFTEAF,1
GILGFVFTL,TSENNYYQEAYKQQNAFMTNAGGTSYGKLTDFQATTSNEGSKASAIRSGGPYEQY,TSENNYY,QEAYKQQN,AFMTNAGGTSYGKLT,DFQATT,SNEGSKA,SAIRSGGPYEQY,1
SPRWYFYYL,TSGFNGNVLDGLAAMDSNYQLIDFQATTSNEGSKASARGLAGYNEQF,TSGFNG,NVLDGL,AAMDSNYQLI,DFQATT,SNEGSKA,SARGLAGYNEQF,0
GLCTLVAML,DRGSQSIYSNGDAVKDDKIIMGHDKSYGVNSASTGTGGFSYNEQF,DRGSQS,IYSNGD,AVKDDKII,MGHDK,SYGVNS,ASTGTGGFSYNEQF,0
RLRAEAQVK,TISGTDYGLTSNILRDVSGGGFKTIDFQATTSNEGSKASARDEGTGIGREKLF,TISGTDY,GLTSN,ILRDVSGGGFKTI,DFQATT,SNEGSKA,SARDEGTGIGREKLF,1
RAKFKQLL,DRGSQSIYSNGDAVNVGGSYIPTMNHEYSVGAGIASTQGLGAEQY,DRGSQS,IYSNGD,AVNVGGSYIPT,MNHEY,SVGAGI,ASTQGLGAEQY,0
RAKFKQLL,YGGTVNYFSGDPLVAVIPGSNYQLILNHDASQIVNDASSDRSNTEAF,YGGTVN,YFSGDPLV,AVIPGSNYQLI,LNHDA,SQIVND,ASSDRSNTEAF,0
GILGFVFTL,DSSSTYIFSNMDMAEYSSAFKIISGHDNFVKESKASSQSPGGTQY,DSSSTY,IFSNMDM,AEYSSAFKII,SGHDN,FVKESK,ASSQSPGGTQY,0
GILGFVFTL,SSVPPYYTSAATLVAAGNSGNTPLVLGHDTYNNKELASSQVGGAYNEQF,SSVPPY,YTSAATLV,AAGNSGNTPLV,LGHDT,YNNKEL,ASSQVGGAYNEQF,0
GILGFVFTL,NSASDYIRSNMDKAENSGGGADGLTMDHENSYDVKMASRPGQSFYEQY,NSASDY,IRSNMDK,AENSGGGADGLT,MDHEN,SYDVKM,ASRPGQSFYEQY,0
RAKFKQLL,SSVSVYYLSGSTLVAVSDKLVGAAGNKLTMGHRAYSYEKLASSQHGGDYEQY,SSVSVY,YLSGSTLV,AVSDKLVGAAGNKLT,MGHRA,YSYEKL,ASSQHGGDYEQY,0
GILGFVFTL,ATGYPSATKADDKALSGSKAGTALISGHRSYFSETQASVRTTDSYNEQF,ATGYPS,ATKADDK,ALSGSKAGTALI,SGHRS,YFSETQ,ASVRTTDSYNEQF,0
GILGFVFTL,DRGSQSIYSNGDAVGRDTGGFKTILNHDASQIVNDASSIFGAGELF,DRGSQS,IYSNGD,AVGRDTGGFKTI,LNHDA,SQIVND,ASSIFGAGELF,1
KLGGALQAK,TRDTTYYRNSFDEQNALSGGDSNYQLIKGHSHLQKENIASSPMGSNEQY,TRDTTYY,RNSFDEQN,ALSGGDSNYQLI,KGHSH,LQKENI,ASSPMGSNEQY,0
KLGGALQAK,NSASQSVYSSGVVNKGNDMRSNHLYFYNNEIASQDTNTGELF,NSASQS,VYSSG,VVNKGNDMR,SNHLY,FYNNEI,ASQDTNTGELF,0
AVFDRKSDAK,DRGSQSIYSNGDAASNSGYALNMNHEYSMNVEVASSSPSGSGTGELF,DRGSQS,IYSNGD,AASNSGYALN,MNHEY,SMNVEV,ASSSPSGSGTGELF,0
ELAGIGILTV,KTLYGLQKGGEEGAAHNYGQNFVLNHDASQIVNDASSTGLYGYT,KTLYG,LQKGGEE,GAAHNYGQNFV,LNHDA,SQIVND,ASSTGLYGYT,0
GILGFVFTL,DSASNYIRSNVGEAASETSYDKVIMNHNSSASEGTASSEAEGAAPQY,DSASNY,IRSNVGE,AASETSYDKVI,MNHNS,SASEGT,ASSEAEGAAPQY,0
RLRAEAQVK,SSVPPYYTSAATLVAVSDFKAAGNKLTSGHNSFNNNVPASSLTGLAGGRGQETQY,SSVPPY,YTSAATLV,AVSDFKAAGNKLT,SGHNS,FNNNVP,ASSLTGLAGGRGQETQY,0
KLGGALQAK,TSGFNGNVLDGLAVFRGRDDKIIMNHEYSMNVEVASSARQGIYYEQY,TSGFNG,NVLDGL,AVFRGRDDKII,MNHEY,SMNVEV,ASSARQGIYYEQY,1
AVFDRKSDAK,DRGSQSIYSNGDAVSDYKLSSQVTMANQGSEASVGGGGAGVETQY,DRGSQS,IYSNGD,AVSDYKLS,SQVTM,ANQGSEA,SVGGGGAGVETQY,0
RAKFKQLL,SSNFYAMTLNGDEALSTTDSWGKLQDFQATTSNEGSKASAPRAPSGEENYEQY,SSNFYA,MTLNGDE,ALSTTDSWGKLQ,DFQATT,SNEGSKA,SAPRAPSGEENYEQY,0
NLVPMVATV,NSASQSVYSSGVVNKNNDMRSGHRSYFSETQASGEENTGELF,NSASQS,VYSSG,VVNKNNDMR,SGHRS,YFSETQ,ASGEENTGELF,0
GLCTLVAML,TSINNIRSNEREATDADYGGSQGNLISEHNRFQNEAQASSGSSRTPNTEAF,TSINN,IRSNERE,ATDADYGGSQGNLI,SEHNR,FQNEAQ,ASSGSSRTPNTEAF,1
IVTDFSVIK,VSGNPYYITGDNLVAPPRGSSNTGKLISGHDTYYEEEEASSLGRAVIWGYT,VSGNPY,YITGDNLV,APPRGSSNTGKLI,SGHDT,YYEEEE,ASSLGRAVIWGYT,0
AVFDRKSDAK,DRGSQSIYSNGDAVNKDAGNKLTMNHEYSVGAGIASSYLTGTSGEQF,DRGSQS,IYSNGD,AVNKDAGNKLT,MNHEY,SVGAGI,ASSYLTGTSGEQF,1
ELAGIGILTV,NSASQSVYSSGVVGDNNDMRSQVTMANQGSEASVEGVGTSIGEQF,NSASQS,VYSSG,VVGDNNDMR,SQVTM,ANQGSEA,SVEGVGTSIGEQF,0
DATYQRTRALVR,TRDTTYYRNSFDEQNALSEAKDEGSEKLVLNHDASQIVNDASSARSSYEQY,TRDTTYY,RNSFDEQN,ALSEAKDEGSEKLV,LNHDA,SQIVND,ASSARSSYEQY,0
AVFDRKSDAK,TSENNYYQEAYKQQNAFMKRNAGNMLTSGHDTYYEEEEASSLRDGSEAF,TSENNYY,QEAYKQQN,AFMKRNAGNMLT,SGHDT,YYEEEE,ASSLRDGSEAF,0
HPVTKYIM,DRGSQSIYSNGDAVPSGGYNKLILGHNTFRNRAPASGLDSSSGNTIY,DRGSQS,IYSNGD,AVPSGGYNKLI,LGHNT,FRNRAP,ASGLDSSSGNTIY,0
SPRWYFYYL,DRGSQSIYSNGDAVKKSNFGNEKLTDFQATTSNEGSKASAGLQVNTEAF,DRGSQS,IYSNGD,AVKKSNFGNEKLT,DFQATT,SNEGSKA,SAGLQVNTEAF,0
RAKFKQLL,TSGFNGNVLDGLADANNDMRDFQATTSNEGSKASARDRTDSYNSPLH,TSGFNG,NVLDGL,ADANNDMR,DFQATT,SNEGSKA,SARDRTDSYNSPLH,0
ELAGIGILTV,YGGTVNYFSGDPLVAVSARLNTDKLISGHNSFNNNVPASSFSGNTGELF,YGGTVN,YFSGDPLV,AVSARLNTDKLI,SGHNS,FNNNVP,ASSFSGNTGELF,0
KLGGALQAK,SIFNTLYKAGELAGRHGGTSYGKLTSGHDYFNNNVPASSLAYILGLGDEQF,SIFNT,LYKAGEL,AGRHGGTSYGKLT,SGHDY,FNNNVP,ASSLAYILGLGDEQF,0
AVFDRKSDAK,SVFSSVVTGGEVAGQAPSGSARQLTKGHDRSFDVKDATSDRLAGGELF,SVFSS,VVTGGEV,AGQAPSGSARQLT,KGHDR,SFDVKD,ATSDRLAGGELF,0
KLGGALQAK,DSSSTYIFSNMDMAEWDAGKSTSGHVSFQNEAQASSLEAGNTEAF,DSSSTY,IFSNMDM,AEWDAGKST,SGHVS,FQNEAQ,ASSLEAGNTEAF,0
LLWNGPMAV,DSASNYIRSNVGEAAMETSYDKVIKGHSHLQKENIASSPRKDSTGELF,DSASNY,IRSNVGE,AAMETSYDKVI,KGHSH,LQKENI,ASSPRKDSTGELF,0
RAKFKQLL,DRGSQSIYSNGDAVPLTGGGNKLTSGHATFQNNGVASSLGVAGTNTGELF,DRGSQS,IYSNGD,AVPLTGGGNKLT,SGHAT,FQNNGV,ASSLGVAGTNTGELF,0
RAKFKQLL,TRDTTYYRNSFDEQNARDNAGNMLTMNHNYSVGAGIASSYSAWNEQF,TRDTTYY,RNSFDEQN,ARDNAGNMLT,MNHNY,SVGAGI,ASSYSAWNEQF,0
RAKFKQLL,TSINNIRSNEREATELYGANSKLTSGHNSFNNNVPASSFSGNTGELF,TSINN,IRSNERE,ATELYGANSKLT,SGHNS,FNNNVP,ASSFSGNTGELF,1
NLVPMVATV,DSSSTYIFSNMDMAESINQGGKLIDFQATTSNEGSKASARLPRDYSNQPQH,DSSSTY,IFSNMDM,AESINQGGKLI,DFQATT,SNEGSKA,SARLPRDYSNQPQH,1
AVFDRKSDAK,SSVSVYYLSGSTLVAVIVNQAGTALIDFQATTSNEGSKASALLLGSNEQF,SSVSVY,YLSGSTLV,AVIVNQAGTALI,DFQATT,SNEGSKA,SALLLGSNEQF,1
KLGGALQAK,TSENNYYQEAYKQQNAFMINAGGTSYGKLTENHRYSYGVKDAISGAARDTQY,TSENNYY,QEAYKQQN,AFMINAGGTSYGKLT,ENHRY,SYGVKD,AISGAARDTQY,0
KLGGALQAK,VGISALSSGKAVLKTSYDKVILNHDASQIVNDASSFFLAAGYP,VGISA,LSSGK,AVLKTSYDKVI,LNHDA,SQIVND,ASSFFLAAGYP,0
CINGVCWTV,SSVPPYYTSAATLVAVTAAGNKLTGTSNPNSVGIGAWSPRVAGGRVWETQY,SSVPPY,YTSAATLV,AVTAAGNKLT,GTSNPN,SVGIG,AWSPRVAGGRVWETQY,0
LLWNGPMAV,SVFSSVVTGGEVAGAKGAQKLVSQVTMANQGSEASVGSGDYEQY,SVFSS,VVTGGEV,AGAKGAQKLV,SQVTM,ANQGSEA,SVGSGDYEQY,0
AVFDRKSDAK,DRGSQSIYSNGDAVMDGQKLLLGHNAYSLEERASSRQGVGQPQH,DRGSQS,IYSNGD,AVMDGQKLL,LGHNA,YSLEER,ASSRQGVGQPQH,0
KLGGALQAK,TRDTTYYRNSFDEQNALSDAYNFNKFYPRHDTFYEKMQASSDDRVRYGYT,TRDTTYY,RNSFDEQN,ALSDAYNFNKFY,PRHDT,FYEKMQ,ASSDDRVRYGYT,0
DATYQRTRALVR,NSASQSVYSSGVVNVGYGGSQGNLIMNHNSSASEGTASSGNGQDLQPQH,NSASQS,VYSSG,VVNVGYGGSQGNLI,MNHNS,SASEGT,ASSGNGQDLQPQH,1
LLWNGPMAV,NSASQSVYSSGVVKAYGQNFVLNHDASQIVNDASSSRASYEQY,NSASQS,VYSSG,VVKAYGQNFV,LNHDA,SQIVND,ASSSRASYEQY,0
RAKFKQLL,YGATPYYFSGDTLVVLEGDSNYQLILGHDTYNNKELASSQDRLVPRF,YGATPY,YFSGDTLV,VLEGDSNYQLI,LGHDT,YNNKEL,ASSQDRLVPRF,0
NLVPMVATV,NSASQSVYSSGVVNRNNDMRSGHNSFNNNVPALGDLNTGELF,NSASQS,VYSSG,VVNRNNDMR,SGHNS,FNNNVP,ALGDLNTGELF,0
LLWNGPMAV,SIFNTLYKAGELAGHTGNQFYENHRYSYGVKDAISDPGLAGGGGEQF,SIFNT,LYKAGEL,AGHTGNQFY,ENHRY,SYGVKD,AISDPGLAGGGGEQF,0
IVTDFSVIK,DRGSQSIYSNGDAVNDDKIILNHNVYYDKDFATGRDRAYEQY,DRGSQS,IYSNGD,AVNDDKII,LNHNV,YYDKDF,ATGRDRAYEQY,0
GILGFVFTL,DRGSQSIYSNGDAVTIGWGKLQSQVTMANQGSEASVYLNTEAF,DRGSQS,IYSNGD,AVTIGWGKLQ,SQVTM,ANQGSEA,SVYLNTEAF,0
KLGGALQAK,VSGLRGLYSAGEEAALLDFGNEKLTMGHRAYSYEKLASSLLWAEYNEQF,VSGLRG,LYSAGEE,AALLDFGNEKLT,MGHRA,YSYEKL,ASSLLWAEYNEQF,0
AVFDRKSDAK,TRDTTYYRNSFDEQNALRRGAGNMLTMNHEYSMNVEVATQSGGGNSPLH,TRDTTYY,RNSFDEQN,ALRRGAGNMLT,MNHEY,SMNVEV,ATQSGGGNSPLH,0
GILGFVFTL,KALYSLLKGGEQGTERRPSNTGKLILNHDASQIVNDASSIPDGTQY,KALYS,LLKGGEQ,GTERRPSNTGKLI,LNHDA,SQIVND,ASSIPDGTQY,0
RFPLTFGWCF,VSGNPYYITGDNLVAVRDMLGFNKFYMRHNASNTAGTASSPTGSDTGELF,VSGNPY,YITGDNLV,AVRDMLGFNKFY,MRHNA,SNTAGT,ASSPTGSDTGELF,0
AVFDRKSDAK,VSPFSNMTFSENTVVSGNNNARLMLGHNAYNFKEQASSQETGYNEQF,VSPFSN,MTFSENT,VVSGNNNARLM,LGHNA,YNFKEQ,ASSQETGYNEQF,0
CINGVCWTV,DRGSQSIYSNGDAVNGNQFYMGHRAYSYEKLASSQEEESLGYEQY,DRGSQS,IYSNGD,AVNGNQFY,MGHRA,YSYEKL,ASSQEEESLGYEQY,0
SPRWYFYYL,ATGYPSATKADDKALYNTDKLILGHDTYNNKELASSPTSGSVYEQY,ATGYPS,ATKADDK,ALYNTDKLI,LGHDT,YNNKEL,ASSPTSGSVYEQY,0
AVFDRKSDAK,DRGSQSIYSNGDAVNRGYGGSQGNLILNHDASQIVNDASSMRASVEQY,DRGSQS,IYSNGD,AVNRGYGGSQGNLI,LNHDA,SQIVND,ASSMRASVEQY,0
KLGGALQAK,TSENNYYQEAYKQQNAFMKGAGGTSYGKLTMDHENSYDVKMASSNGDRETQPQH,TSENNYY,QEAYKQQN,AFMKGAGGTSYGKLT,MDHEN,SYDVKM,ASSNGDRETQPQH,0
GILGFVFTL,TSGFNGNVLDGLAVSLDGQKLLMNHEYSMNVEVASSPGTPTDTQY,TSGFNG,NVLDGL,AVSLDGQKLL,MNHEY,SMNVEV,ASSPGTPTDTQY,0
GILGFVFTL,DSAIYNIQSSQREAVFSLNNNDMRLNHDASQIVNDASSIGEFGNTEAF,DSAIYN,IQSSQRE,AVFSLNNNDMR,LNHDA,SQIVND,ASSIGEFGNTEAF,0
KLGGALQAK,DSAIYNIQSSQREAVPNTNAGKSTLNHDASHIVNDASSSRSGNEKLF,DSAIYN,IQSSQRE,AVPNTNAGKST,LNHDA,SHIVND,ASSSRSGNEKLF,0
GLCTLVAML,DSSSTYIFSNMDMAEMEGGSYIPTPRHDTFYEKMQASSLMRGGTYNSPLH,DSSSTY,IFSNMDM,AEMEGGSYIPT,PRHDT,FYEKMQ,ASSLMRGGTYNSPLH,0
KLGGALQAK,VSGLRGLYSAGEEAGGGSQGNLIMNHEYSMNVEVASSGSPYNEQF,VSGLRG,LYSAGEE,AGGGSQGNLI,MNHEY,SMNVEV,ASSGSPYNEQF,1
LLWNGPMAV,SVFSSVVTGGEVAGESNNNDMPLGHNAYSLEERASSQEHLGLVGEQF,SVFSS,VVTGGEV,AGESNNNDMP,LGHNA,YSLEER,ASSQEHLGLVGEQF,0
GILGFVFTL,SSVPPYYTSAATLVAVSDHSGGSNYKLTLGHNAYSLEERASSLTGAGYEQY,SSVPPY,YTSAATLV,AVSDHSGGSNYKLT,LGHNA,YSLEER,ASSLTGAGYEQY,1
AVFDRKSDAK,TISGTDYGLTSNILRETSYDKVILNHDASQIVNDASSYHSNQPQH,TISGTDY,GLTSN,ILRETSYDKVI,LNHDA,SQIVND,ASSYHSNQPQH,0
AVFDRKSDAK,NSASDYIRSNMDKADSGGGADGLTMNHEYSVGAGIASSYSVLRTSGPRGGQY,NSASDY,IRSNMDK,ADSGGGADGLT,MNHEY,SVGAGI,ASSYSVLRTSGPRGGQY,0
LLWNGPMAV,YGATPYYFSGDTLVAVTRDDKIILNHDASQIVNDASSIYSNQPQH,YGATPY,YFSGDTLV,AVTRDDKII,LNHDA,SQIVND,ASSIYSNQPQH,0
LLWNGPMAV,DRGSQSIYSNGDAVSDYKLSSQVTMANQGSEASVGGGGAGVETQY,DRGSQS,IYSNGD,AVSDYKLS,SQVTM,ANQGSEA,SVGGGGAGVETQY,1
GILGFVFTL,DRGSQSIYSNGDAVNNNAGNMLTFGSEHNRFQNEAQASSLAQGWGAFFG,DRGSQS,IYSNGD,AVNNNAGNMLTFG,SEHNR,FQNEAQ,ASSLAQGWGAFFG,0
GILGFVFTL,TSENNYYQEAYKQQNAFMKLAGANSKLTLGHDTYNNKELASKSEKGAGGSPLH,TSENNYY,QEAYKQQN,AFMKLAGANSKLT,LGHDT,YNNKEL,ASKSEKGAGGSPLH,0
ELAGIGILTV,TRDTTYYRNSFDEQNALSENDYKLSSEHNRFQNEAQASTEEARRPYGYT,TRDTTYY,RNSFDEQN,ALSENDYKLS,SEHNR,FQNEAQ,ASTEEARRPYGYT,0
RAKFKQLL,DSAIYNIQSSQREAVRRSASKIISGHDTYYEEEEASSSAGTDHEQY,DSAIYN,IQSSQRE,AVRRSASKII,SGHDT,YYEEEE,ASSSAGTDHEQY,0
ELAGIGILTV,TRDTTYYRNSFDEQNALSVNYGQNFVSNHLYFYNNEIARRQGNEKLF,TRDTTYY,RNSFDEQN,ALSVNYGQNFV,SNHLY,FYNNEI,ARRQGNEKLF,0
KLGGALQAK,NSASDYIRSNMDKAENSGGGADGLTMDHENSYDVKMASRPGQSFYEQY,NSASDY,IRSNMDK,AENSGGGADGLT,MDHEN,SYDVKM,ASRPGQSFYEQY,1
RFPLTFGWCF,TSINNIRSNEREARSRNKQGGIFFMNHEYSMNVEVASSLMGQGINQPQH,TSINN,IRSNERE,ARSRNKQGGIFF,MNHEY,SMNVEV,ASSLMGQGINQPQH,0
AVFDRKSDAK,TSGFNGNVLDGLAVSDSNYQLILGHDTYNNKELASSQELEVYNEQF,TSGFNG,NVLDGL,AVSDSNYQLI,LGHDT,YNNKEL,ASSQELEVYNEQF,0
CINGVCWTV,TRDTTYYRNSFDEQNALSEIGNAGGTSYGKLTSGDLSYYNGEEASSVGQVFYSGT,TRDTTYY,RNSFDEQN,ALSEIGNAGGTSYGKLT,SGDLS,YYNGEE,ASSVGQVFYSGT,0
KLGGALQAK,SVFSSVVTGGEVAGAGSQGNLISGHRSYFSETQASSPGGLAGADTQY,SVFSS,VVTGGEV,AGAGSQGNLI,SGHRS,YFSETQ,ASSPGGLAGADTQY,0
AVFDRKSDAK,VSGNPYYITGDNLVAVSAASGGSYIPTSGHTAFQGNSAASSPRDRERGEQY,VSGNPY,YITGDNLV,AVSAASGGSYIPT,SGHTA,FQGNSA,ASSPRDRERGEQY,1
AVFDRKSDAK,TISGNEYGLKNNITGGGADGLTLNHNVYYDKDFATSRDRLGRGKGTEAF,TISGNEY,GLKNN,ITGGGADGLT,LNHNV,YYDKDF,ATSRDRLGRGKGTEAF,0
RLPGVLPRA,TSINNIRSNEREATDRDQGAQKLVLGHNAYNFKEQASSQEVGIWQTQY,TSINN,IRSNERE,ATDRDQGAQKLV,LGHNA,YNFKEQ,ASSQEVGIWQTQY,1
IVTDFSVIK,VSGNPYYITGDNLVAVRDMLGFNKFYMRHNASNTAGTASSPTGSDTGELF,VSGNPY,YITGDNLV,AVRDMLGFNKFY,MRHNA,SNTAGT,ASSPTGSDTGELF,0
NLVPMVATV,SSYSPSYTSAATLVVVSEWAAGNKLTSGHDNFVKESKASSQEQGDIQY,SSYSPS,YTSAATLV,VVSEWAAGNKLT,SGHDN,FVKESK,ASSQEQGDIQY,1
AVFDRKSDAK,SVFSSVVTGGEVAGGGSQGNLIMNHEYSVGEGTASRASMSSYNEQF,SVFSS,VVTGGEV,AGGGSQGNLI,MNHEY,SVGEGT,ASRASMSSYNEQF,0
KLGGALQAK,VSGLRGLYSAGEEAVQAGSNYQLILGHDTYNNKELASSQRVGLAGKETQY,VSGLRG,LYSAGEE,AVQAGSNYQLI,LGHDT,YNNKEL,ASSQRVGLAGKETQY,0
RAKFKQLL,VSPFSNMTFSENTVGYTNAGKSTKGHSHLQKENIASSPPGGGNTGELF,VSPFSN,MTFSENT,VGYTNAGKST,KGHSH,LQKENI,ASSPPGGGNTGELF,1
YLQPRTFLL,DRGSQSIYSNGDAVKDDKIIMGHDKSYGVNSASTGTGGFSYNEQF,DRGSQS,IYSNGD,AVKDDKII,MGHDK,SYGVNS,ASTGTGGFSYNEQF,0
AVFDRKSDAK,VSGNPYYITGDNLVAVTPAGGSQGNLILNHDASQIVNDASSTRSTDTQY,VSGNPY,YITGDNLV,AVTPAGGSQGNLI,LNHDA,SQIVND,ASSTRSTDTQY,0
KLGGALQAK,TSENNYYQEAYKQQNAFMKGAGGTSYGKLTLGHNAYSLEERASSQEIGFSPLH,TSENNYY,QEAYKQQN,AFMKGAGGTSYGKLT,LGHNA,YSLEER,ASSQEIGFSPLH,0
RAKFKQLL,NSASDYIRSNMDKAENGGGGADGLTSQVTMANQGSEASVGSGDYEQY,NSASDY,IRSNMDK,AENGGGGADGLT,SQVTM,ANQGSEA,SVGSGDYEQY,1
KSKRTPMGF,SVFSSVVTGGEVAHDADSGGGADGLTLGHNAYSLEERASSQGPGGLSIQY,SVFSS,VVTGGEV,AHDADSGGGADGLT,LGHNA,YSLEER,ASSQGPGGLSIQY,0
GILGFVFTL,TSINNIRSNEREAPEIQGAQKLVMNHNYSVGAGIASENRNTGELF,TSINN,IRSNERE,APEIQGAQKLV,MNHNY,SVGAGI,ASENRNTGELF,0
RAKFKQLL,TRDTTYYRNSFDEQNALSGDTGNQFYKGHSHLQKENIASSPSQGGNTDTQY,TRDTTYY,RNSFDEQN,ALSGDTGNQFY,KGHSH,LQKENI,ASSPSQGGNTDTQY,0
NLVPMVATV,NSASDYIRSNMDKAETHSGGSNYKLTDFQATTSNEGSKASARDLGTSKQYEQY,NSASDY,IRSNMDK,AETHSGGSNYKLT,DFQATT,SNEGSKA,SARDLGTSKQYEQY,0
GILGFVFTL,VSPFSNMTFSENTVVSAIGDYKLSMDHENSYDVKMASTFDGTYGYT,VSPFSN,MTFSENT,VVSAIGDYKLS,MDHEN,SYDVKM,ASTFDGTYGYT,0
SPRWYFYYL,YGATPYYFSGDTLVAVTRDDKIISGHNSFNNNVPASSGGVSGGAGETQY,YGATPY,YFSGDTLV,AVTRDDKII,SGHNS,FNNNVP,ASSGGVSGGAGETQY,0
KLGGALQAK,SSNFYAMTLNGDEAWMDSSYKLIMGHRAYSYEKLASSLLAGEYNEQF,SSNFYA,MTLNGDE,AWMDSSYKLI,MGHRA,YSYEKL,ASSLLAGEYNEQF,0
RAKFKQLL,ATGYPSATKADDKARAPLSGSSASKIISGHTAFQGNSAASSLGTSGGETQY,ATGYPS,ATKADDK,ARAPLSGSSASKII,SGHTA,FQGNSA,ASSLGTSGGETQY,0
AVFDRKSDAK,SVFSSVVTGGEVAGDWNNNAGNMLTSGHDYFNNNVPASSRGTVYEQY,SVFSS,VVTGGEV,AGDWNNNAGNMLT,SGHDY,FNNNVP,ASSRGTVYEQY,1
NLVPMVATV,TSENNYYQEAYKQQNAFMINAGGTSYGKLTSGHATFQNNGVASSWGGGSHYGYT,TSENNYY,QEAYKQQN,AFMINAGGTSYGKLT,SGHAT,FQNNGV,ASSWGGGSHYGYT,0
RAKFKQLL,DSSSTYIFSNMDMAEMEGGSYIPTSEHNRFQNEAQASSFVDRAETQY,DSSSTY,IFSNMDM,AEMEGGSYIPT,SEHNR,FQNEAQ,ASSFVDRAETQY,1
RAKFKQLL,YGATPYYFSGDTLVAVDDTNAGKSTLNHDASHIVNDASSLRSTDTQY,YGATPY,YFSGDTLV,AVDDTNAGKST,LNHDA,SHIVND,ASSLRSTDTQY,0
KLGGALQAK,SSNFYAMTLNGDEAFEKLSMDHENSYDVKMASSFQGTSYEQY,SSNFYA,MTLNGDE,AFEKLS,MDHEN,SYDVKM,ASSFQGTSYEQY,1
GLCTLVAML,DRGSQSIYSNGDAGDSGGGSQGNLILNHDASQIVNDASSIRSNTEAF,DRGSQS,IYSNGD,AGDSGGGSQGNLI,LNHDA,SQIVND,ASSIRSNTEAF,0
AVFDRKSDAK,TSGFNGNVLDGLAVIQAGNMLTLNHNVYYDKDFATSSLNPGTEAF,TSGFNG,NVLDGL,AVIQAGNMLT,LNHNV,YYDKDF,ATSSLNPGTEAF,0
GILGFVFTL,DSASNYIRSNVGEAASKGHLAYGNKLVDFQATTSNEGSKASASTGRNTEAF,DSASNY,IRSNVGE,AASKGHLAYGNKLV,DFQATT,SNEGSKA,SASTGRNTEAF,0
GLCTLVAML,DSASNYIRSNVGEAAINTGTASKLTMNHEYSMNVEVASSSPGPREKLF,DSASNY,IRSNVGE,AAINTGTASKLT,MNHEY,SMNVEV,ASSSPGPREKLF,0
KLGGALQAK,VSGNPYYITGDNLVAVSYSGAGSYQLTSGDLSYYNGEEASSGGGLAYNEQF,VSGNPY,YITGDNLV,AVSYSGAGSYQLT,SGDLS,YYNGEE,ASSGGGLAYNEQF,0
GILGFVFTL,NSASDYIRSNMDKAEGARDSNYQLIMGHDKSYGVNSASSAQANQPQH,NSASDY,IRSNMDK,AEGARDSNYQLI,MGHDK,SYGVNS,ASSAQANQPQH,1
IVTDFSVIK,DSASNYIRSNVGEAASETSYDKVISGHNSFNNNVPASTQQGSYGYT,DSASNY,IRSNVGE,AASETSYDKVI,SGHNS,FNNNVP,ASTQQGSYGYT,0
IVTDFSVIK,SSYSPSYTSAATLVVVSDPPAGGGADGLTSQVTMANQGSEASVPLAGVYNEQF,SSYSPS,YTSAATLV,VVSDPPAGGGADGLT,SQVTM,ANQGSEA,SVPLAGVYNEQF,1
KLGGALQAK,TRDTTYYRNSFDEQNALSEANQAGTALILGHNAYSLEERASSQERGGKWAYEQY,TRDTTYY,RNSFDEQN,ALSEANQAGTALI,LGHNA,YSLEER,ASSQERGGKWAYEQY,0
GPRLGVRAT,TRDTTYYRNSFDEQNALKHNNARLMSGHVSFNYEAQASSPLAGVSDTQY,TRDTTYY,RNSFDEQN,ALKHNNARLM,SGHVS,FNYEAQ,ASSPLAGVSDTQY,0
RAKFKQLL,DSASNYIRSNVGEAATETSYDKVISGHNTYYREEEASKRQGSLSYEQY,DSASNY,IRSNVGE,AATETSYDKVI,SGHNT,YYREEE,ASKRQGSLSYEQY,1
AVFDRKSDAK,VSGNPYYITGDNLVAVRDNQAGTALISGDLSYYNGEEASSAGSGSGYNEQF,VSGNPY,YITGDNLV,AVRDNQAGTALI,SGDLS,YYNGEE,ASSAGSGSGYNEQF,0
KLGGALQAK,DSSSTYIFSNMDMAESTPGKLISGHDNFVKESKASSQSPGGITY,DSSSTY,IFSNMDM,AESTPGKLI,SGHDN,FVKESK,ASSQSPGGITY,0
RAKFKQLL,DSVNNIPSGTAVIASGGSYIPTMNHEYSVGEGTASSLVAGGPPEQY,DSVNN,IPSGT,AVIASGGSYIPT,MNHEY,SVGEGT,ASSLVAGGPPEQY,0
AVFDRKSDAK,DSSSTYIFSNMDMAEKGGTALIDFQATTSNEGSKASARGQGDEQY,DSSSTY,IFSNMDM,AEKGGTALI,DFQATT,SNEGSKA,SARGQGDEQY,0
RAKFKQLL,SIFNTLYKAGELAGQENYGQNFVLGHNTFRNRAPARRVVTGGPRNNEQF,SIFNT,LYKAGEL,AGQENYGQNFV,LGHNT,FRNRAP,ARRVVTGGPRNNEQF,0
KLGGALQAK,TSGFNGNVLDGLAVSGEGGKLISGHNTYYREEEASSLGRDRGDDEQY,TSGFNG,NVLDGL,AVSGEGGKLI,SGHNT,YYREEE,ASSLGRDRGDDEQY,1
RAKFKQLL,SSNFYAMTLNGDEAFIHLEYGNKLVMNHEYSVGAGIASSTLTGAETQY,SSNFYA,MTLNGDE,AFIHLEYGNKLV,MNHEY,SVGAGI,ASSTLTGAETQY,0
SLFNTVATLY,TSENNYYQEAYKQQNALHTGANSKLTSGHATFQNNGVASSWGGGSHYGYT,TSENNYY,QEAYKQQN,ALHTGANSKLT,SGHAT,FQNNGV,ASSWGGGSHYGYT,0
GLCTLVAML,SVFSSVVTGGEVAGDDQGGKLILNHDASHIVNDASSIRSSYEQY,SVFSS,VVTGGEV,AGDDQGGKLI,LNHDA,SHIVND,ASSIRSSYEQY,0
CTELKLSDY,SSVPPYYTSAATLVAVSQDSNYQLISGHATFQNNGVASSWGGGSHYGYT,SSVPPY,YTSAATLV,AVSQDSNYQLI,SGHAT,FQNNGV,ASSWGGGSHYGYT,0
GLCTLVAML,DRGSQSIYSNGDAVNGNNNDMRLNHDASQIVNDASAWGGMTNEQY,DRGSQS,IYSNGD,AVNGNNNDMR,LNHDA,SQIVND,ASAWGGMTNEQY,0
KLGGALQAK,DSAIYNIQSSQREAVSGFGNVLHDFQATTSNEGSKASARSRVYQETQY,DSAIYN,IQSSQRE,AVSGFGNVLH,DFQATT,SNEGSKA,SARSRVYQETQY,0
RLRAEAQVK,TISGTDYGLTSNILRPREDRGSTLGRLYSQVTMANQGSEASVRQGARDNEQF,TISGTDY,GLTSN,ILRPREDRGSTLGRLY,SQVTM,ANQGSEA,SVRQGARDNEQF,0
LLWNGPMAV,DRGSQSIYSNGDAVKDDKIIMGHDKSYGVNSASTGTGGFSYNEQF,DRGSQS,IYSNGD,AVKDDKII,MGHDK,SYGVNS,ASTGTGGFSYNEQF,1
NLVPMVATV,TSGFNGNVLDGLAVRDRWSGGYQKVTMNHEYSMNVEVASSFGQGSSPLH,TSGFNG,NVLDGL,AVRDRWSGGYQKVT,MNHEY,SMNVEV,ASSFGQGSSPLH,1
AVFDRKSDAK,TRDTTYYRNSFDEQNALSEIGNAGGTSYGKLTSGDLSYYNGEEASSVGQVFYSGT,TRDTTYY,RNSFDEQN,ALSEIGNAGGTSYGKLT,SGDLS,YYNGEE,ASSVGQVFYSGT,1
KLGGALQAK,DSASNYIRSNVGEAAPSVGGGGNKLTMNHEYSMNVEVASSLHSGIGYEQY,DSASNY,IRSNVGE,AAPSVGGGGNKLT,MNHEY,SMNVEV,ASSLHSGIGYEQY,1
IVTDFSVIK,ATGYPSATKADDKALLTYNNNDMRSGHNSFNNNVPASSLDLRTSNQPQH,ATGYPS,ATKADDK,ALLTYNNNDMR,SGHNS,FNNNVP,ASSLDLRTSNQPQH,1
ELAGIGILTV,SSVPPYYTSAATLVAVTAAGNKLTGTSNPNSVGIGAWSPRVAGGRVWETQY,SSVPPY,YTSAATLV,AVTAAGNKLT,GTSNPN,SVGIG,AWSPRVAGGRVWETQY,0
GILGFVFTL,NIATNDYGYKTKLVGEPLGGGGNKLTSGHDTYYEEEEASSLARGTEAF,NIATNDY,GYKTK,LVGEPLGGGGNKLT,SGHDT,YYEEEE,ASSLARGTEAF,0
RAKFKQLL,DRGSQSIYSNGDAVNQGGKLIMDHENSYDVKMASTTSGLSTDTQY,DRGSQS,IYSNGD,AVNQGGKLI,MDHEN,SYDVKM,ASTTSGLSTDTQY,0
FEDLRLLSF,NSASDYIRSNMDKAENRGTALILGHNAYNFKEQASSQRPSEVGELF,NSASDY,IRSNMDK,AENRGTALI,LGHNA,YNFKEQ,ASSQRPSEVGELF,0
KLGGALQAK,TRDTTYYRNSFDEQNALSEANTGGFKTISQVTMANQGSEASVGTGDWGEQY,TRDTTYY,RNSFDEQN,ALSEANTGGFKTI,SQVTM,ANQGSEA,SVGTGDWGEQY,0
NLVPMVATV,VSGNPYYITGDNLVAVTPAGGSQGNLILNHDASQIVNDASSTRSTDTQY,VSGNPY,YITGDNLV,AVTPAGGSQGNLI,LNHDA,SQIVND,ASSTRSTDTQY,0
KLGGALQAK,VGISALSSGKAVAGSGGSNYKLTSGHRSYFSETQASSLEASGPYNEQF,VGISA,LSSGK,AVAGSGGSNYKLT,SGHRS,YFSETQ,ASSLEASGPYNEQF,0
CINGVCWTV,TRDTTYYRNSFDEQNALSENDYKLSSEHNRFQNEAQASTEEARRPYGYT,TRDTTYY,RNSFDEQN,ALSENDYKLS,SEHNR,FQNEAQ,ASTEEARRPYGYT,0
ELAGIGILTV,DSVNNIPSGTAGSPSNTGKLILNHDASQIVNDASSIHSGNQPQH,DSVNN,IPSGT,AGSPSNTGKLI,LNHDA,SQIVND,ASSIHSGNQPQH,0
FEDLRLLSF,DSAIYNIQSSQREAASSVRQAGTALILNHDASQIVNDASSIGRSEQF,DSAIYN,IQSSQRE,AASSVRQAGTALI,LNHDA,SQIVND,ASSIGRSEQF,1
GILGFVFTL,VSGLRGLYSAGEEAVVDQAGTALIMGHRAYSYEKLASSAGGGSYNEQF,VSGLRG,LYSAGEE,AVVDQAGTALI,MGHRA,YSYEKL,ASSAGGGSYNEQF,0
KLGGALQAK,TSINNIRSNEREATDPLGGWGKLQMNHEYSVGEGTASSSRPDRDRMANEQF,TSINN,IRSNERE,ATDPLGGWGKLQ,MNHEY,SVGEGT,ASSSRPDRDRMANEQF,0
DATYQRTRALVR,VSGLRGLYSAGEEAVQALRAAGNKLTSGHRSYFSETQASRGSSSISGANVLT,VSGLRG,LYSAGEE,AVQALRAAGNKLT,SGHRS,YFSETQ,ASRGSSSISGANVLT,0
NLVPMVATV,TISGTDYGLTSNILRGNQFYSGHRSYFSETQASSPSLLEGNSYEQY,TISGTDY,GLTSN,ILRGNQFY,SGHRS,YFSETQ,ASSPSLLEGNSYEQY,0
GILGFVFTL,NSASQSVYSSGVVNPTNRGSTLGRLYMNHEYSMNVEVASSLTGLAGAEQY,NSASQS,VYSSG,VVNPTNRGSTLGRLY,MNHEY,SMNVEV,ASSLTGLAGAEQY,0
GILGFVFTL,TSINNIRSNEREATDAATGRRALTDFQATTSNEGSKASAWTGTEAF,TSINN,IRSNERE,ATDAATGRRALT,DFQATT,SNEGSKA,SAWTGTEAF,0
KLGGALQAK,TSGFYGNALDGLAVEPVGGNTPLVMRHNASNTAGTASTPGQALNEQY,TSGFYG,NALDGL,AVEPVGGNTPLV,MRHNA,SNTAGT,ASTPGQALNEQY,0
KLGGALQAK,DRGSQSIYSNGDAVNGSWGKLQMGHRAYSYEKLASSQGDSGDNTGELF,DRGSQS,IYSNGD,AVNGSWGKLQ,MGHRA,YSYEKL,ASSQGDSGDNTGELF,0
CINGVCWTV,TSINNIRSNEREATPLDSWGKLQLGHDTYNNKELASSHRTTYNEQF,TSINN,IRSNERE,ATPLDSWGKLQ,LGHDT,YNNKEL,ASSHRTTYNEQF,0
YLQPRTFLL,YGATPYYFSGDTLVAVGPFSGGYNKLIMNHEYSVGEGTASLPVAGGYNEQF,YGATPY,YFSGDTLV,AVGPFSGGYNKLI,MNHEY,SVGEGT,ASLPVAGGYNEQF,0
ELAGIGILTV,SVFSSVVTGGEVAGAGSQGNLISGHRSYFSETQASSPGGLAGADTQY,SVFSS,VVTGGEV,AGAGSQGNLI,SGHRS,YFSETQ,ASSPGGLAGADTQY,0
KLGGALQAK,NSASQSVYSSGVVGDNNDMRSQVTMANQGSEASVEGVGTSIGEQF,NSASQS,VYSSG,VVGDNNDMR,SQVTM,ANQGSEA,SVEGVGTSIGEQF,0
RAKFKQLL,DRGSQSIYSNGDAVPSGNTPLVSGHDYFNNNVPASSLAAGGVDEQF,DRGSQS,IYSNGD,AVPSGNTPLV,SGHDY,FNNNVP,ASSLAAGGVDEQF,0
IVTDFSVIK,DRGSQSIYSNGDAVNGNNNDMRLNHDASQIVNDASAWGGMTNEQY,DRGSQS,IYSNGD,AVNGNNNDMR,LNHDA,SQIVND,ASAWGGMTNEQY,0
CINGVCWTV,TRDTTYYRNSFDEQNALSGPGTSFLGSARQLTSGHDTYYEEEEASSLRDGSEAF,TRDTTYY,RNSFDEQN,ALSGPGTSFLGSARQLT,SGHDT,YYEEEE,ASSLRDGSEAF,0
AVFDRKSDAK,TRDTTYYRNSFDEQNGGPSSNTGKLILNHDASQIVNDASSARSAETQY,TRDTTYY,RNSFDEQN,GGPSSNTGKLI,LNHDA,SQIVND,ASSARSAETQY,0
AVFDRKSDAK,SVFSSVVTGGEVAGAKGAQKLVSQVTMANQGSEASVGSGDYEQY,SVFSS,VVTGGEV,AGAKGAQKLV,SQVTM,ANQGSEA,SVGSGDYEQY,0
GILGFVFTL,DSASNYIRSNVGEAASETSYDKVISEHNRFQNEAQASSQLGRGDNEQF,DSASNY,IRSNVGE,AASETSYDKVI,SEHNR,FQNEAQ,ASSQLGRGDNEQF,0
IVTDFSVIK,TRDTTYYRNSFDEQNALTPNTNAGKSTENHRYSYGVKDAISGMVVRGGDSYNEQF,TRDTTYY,RNSFDEQN,ALTPNTNAGKST,ENHRY,SYGVKD,AISGMVVRGGDSYNEQF,0
CINGVCWTV,DSSSTYIFSNMDMSTGGGNKLTLNHNVYYDKDFATSIEGNTGELF,DSSSTY,IFSNMDM,STGGGNKLT,LNHNV,YYDKDF,ATSIEGNTGELF,1
KSKRTPMGF,NTAFDYIRPDVSEAAHSGNTPLVMNHEYSMNVEVASSQTETSYEQY,NTAFDY,IRPDVSE,AAHSGNTPLV,MNHEY,SMNVEV,ASSQTETSYEQY,1
ELAGIGILTV,NIATNDYGYKTKLVGASNTGNQFYLGHDTYNNKELASSQEAGAWGEQY,NIATNDY,GYKTK,LVGASNTGNQFY,LGHDT,YNNKEL,ASSQEAGAWGEQY,0
CINGVCWTV,DSASNYIRSNVGEAARETSYDKVISGHNSFNNNVPASSFSLDKPTNTGELF,DSASNY,IRSNVGE,AARETSYDKVI,SGHNS,FNNNVP,ASSFSLDKPTNTGELF,0
IVTDFSVIK,TSESDYYQEAYKQQNADFGNEKLTDFQATTSNEGSKASAREWAWEETQY,TSESDYY,QEAYKQQN,ADFGNEKLT,DFQATT,SNEGSKA,SAREWAWEETQY,0
DATYQRTRALVR,NIATNDYGYKTKLVGDGAGYSTLTLNHDASQIVNDASSVALGNQETQY,NIATNDY,GYKTK,LVGDGAGYSTLT,LNHDA,SQIVND,ASSVALGNQETQY,1
GLCTLVAML,KTLYGLQKGGEEGADPQGGDNNARLMDFQATTSNEGSKASARPRESSNQPQH,KTLYG,LQKGGEE,GADPQGGDNNARLM,DFQATT,SNEGSKA,SARPRESSNQPQH,0
RAKFKQLL,KTLYGLQKGGEEGADSRYSSASKIISGHVSFQNEAQASSLIEYPPPDTQY,KTLYG,LQKGGEE,GADSRYSSASKII,SGHVS,FQNEAQ,ASSLIEYPPPDTQY,0
GILGFVFTL,TSENNYYQEAYKQQNAFMSVDRGSTLGRLYMDHENSYDVKMASSYITDQETQY,TSENNYY,QEAYKQQN,AFMSVDRGSTLGRLY,MDHEN,SYDVKM,ASSYITDQETQY,0
KLGGALQAK,DSASNYIRSNVGEAASETSYDKVIDFQATTSNEGSKASAEQAYEQY,DSASNY,IRSNVGE,AASETSYDKVI,DFQATT,SNEGSKA,SAEQAYEQY,0
AVFDRKSDAK,YGATPYYFSGDTLVAVTRDDKIILNHDASQIVNDASSIYSNQPQH,YGATPY,YFSGDTLV,AVTRDDKII,LNHDA,SQIVND,ASSIYSNQPQH,0
SLFNTVATLY,TSGFNGNVLDGLAVNEGDYKLSDFQATTSNEGSKASARHLSGIEQF,TSGFNG,NVLDGL,AVNEGDYKLS,DFQATT,SNEGSKA,SARHLSGIEQF,1
GILGFVFTL,VSGNPYYITGDNLVAVRDPGGYNKLILNHDASQIVNDASSARSSTEQY,VSGNPY,YITGDNLV,AVRDPGGYNKLI,LNHDA,SQIVND,ASSARSSTEQY,1
RAKFKQLL,TTLSNLVKSGEVAGSIMNYGGSQGNLISGDLSYYNGEEASSVSSGLYYEQY,TTLSN,LVKSGEV,AGSIMNYGGSQGNLI,SGDLS,YYNGEE,ASSVSSGLYYEQY,0
AVFDRKSDAK,DSASNYIRSNVGEAGEYGNKLVMNHEYSVGEGTASSYSFQGGELF,DSASNY,IRSNVGE,AGEYGNKLV,MNHEY,SVGEGT,ASSYSFQGGELF,1
GILGFVFTL,SVFSSVVTGGEVSGTPGLPRDDKIIMGHRAYSYEKLASSYDRGPREGYT,SVFSS,VVTGGEV,SGTPGLPRDDKII,MGHRA,YSYEKL,ASSYDRGPREGYT,0
AVFDRKSDAK,TSESDYYQEAYKQQNAYFSLYGGSQGNLISGDLSYYNGEEASRSHDSSTDTQY,TSESDYY,QEAYKQQN,AYFSLYGGSQGNLI,SGDLS,YYNGEE,ASRSHDSSTDTQY,0
AVFDRKSDAK,VSGNPYYITGDNLVAESYNNNDMRSGHATFQDESVASSAGSGEAF,VSGNPY,YITGDNLV,AESYNNNDMR,SGHAT,FQDESV,ASSAGSGEAF,1
GILGFVFTL,DRGSQSIYSNGDAGDSGGGSQGNLILNHDASQIVNDASSIRSNTEAF,DRGSQS,IYSNGD,AGDSGGGSQGNLI,LNHDA,SQIVND,ASSIRSNTEAF,1
LLWNGPMAV,SVFSSVVTGGEVAGCHGSGNTGKLILNHDASQIVNDASSSRSAYEQY,SVFSS,VVTGGEV,AGCHGSGNTGKLI,LNHDA,SQIVND,ASSSRSAYEQY,0
NLVPMVATV,TSGFNGNVLDGLAVNEGDYKLSDFQATTSNEGSKASARHLSGIEQF,TSGFNG,NVLDGL,AVNEGDYKLS,DFQATT,SNEGSKA,SARHLSGIEQF,0
RAKFKQLL,NSASDYIRSNMDKATDSWGKLQSEHNRFQNEAQASSSKETGAWGDTQY,NSASDY,IRSNMDK,ATDSWGKLQ,SEHNR,FQNEAQ,ASSSKETGAWGDTQY,0
KLGGALQAK,TISGTDYGLTSNILRVWNNAGNMLTSGHDYFNNNVPASSFTWTSGLYEQY,TISGTDY,GLTSN,ILRVWNNAGNMLT,SGHDY,FNNNVP,ASSFTWTSGLYEQY,1
KLGGALQAK,DRGSQSIYSNGDAVGIGFGNVLHMNHEYSMNVEVASSFGQGLSEQF,DRGSQS,IYSNGD,AVGIGFGNVLH,MNHEY,SMNVEV,ASSFGQGLSEQF,0
AVFDRKSDAK,TSINNIRSNEREATDPLGGWGKLQMNHEYSVGEGTASSSRPDRDRMANEQF,TSINN,IRSNERE,ATDPLGGWGKLQ,MNHEY,SVGEGT,ASSSRPDRDRMANEQF,1
KLGGALQAK,DSASNYIRSNVGEAATYSGAGSYQLTMNHEYSMNVEVASSNQETQY,DSASNY,IRSNVGE,AATYSGAGSYQLT,MNHEY,SMNVEV,ASSNQETQY,0
AVFDRKSDAK,TISGTDYGLTSNILRGNYGGATNKLIMNHNSSASEGTASRITGESDQPQH,TISGTDY,GLTSN,ILRGNYGGATNKLI,MNHNS,SASEGT,ASRITGESDQPQH,0
CINGVCWTV,DSASNYIRSNVGEAASKWGDDMRSGHNSFNNNVPASSSLAGGSYNEQF,DSASNY,IRSNVGE,AASKWGDDMR,SGHNS,FNNNVP,ASSSLAGGSYNEQF,0
FEDLRLLSF,TSENNYYQEAYKQQNAFMLGAGGTSYGKLTSGHVSFNYEAQASSFLTGNTEAF,TSENNYY,QEAYKQQN,AFMLGAGGTSYGKLT,SGHVS,FNYEAQ,ASSFLTGNTEAF,0
NLVPMVATV,TSESDYYQEAYKQQNAHPNSNSGYALNSEHNRFQNEAQASSLAVIDRYNEQF,TSESDYY,QEAYKQQN,AHPNSNSGYALN,SEHNR,FQNEAQ,ASSLAVIDRYNEQF,0
IVTDFSVIK,DRGSQSIYSNGDAVRTYKYILGHNAYNFKEQASSQEEGPSNQPQH,DRGSQS,IYSNGD,AVRTYKYI,LGHNA,YNFKEQ,ASSQEEGPSNQPQH,0
HPVTKYIM,NSASQSVYSSGVVGDDKIISGDLSYYNGEEASSGGTADTQY,NSASQS,VYSSG,VVGDDKII,SGDLS,YYNGEE,ASSGGTADTQY,0
RAKFKQLL,SIFNTLYKAGELAGPTLINNYGQNFVSQVTMANQGSEASASAGTGGAGGTYEQY,SIFNT,LYKAGEL,AGPTLINNYGQNFV,SQVTM,ANQGSEA,SASAGTGGAGGTYEQY,0
KLGGALQAK,TISGNEYGLKNNIVRETSYDKVISGHDYFNNNVPASSSTQGPGELF,TISGNEY,GLKNN,IVRETSYDKVI,SGHDY,FNNNVP,ASSSTQGPGELF,0
IVTDFSVIK,DRGSQSIYSNGDAVNNNAGNMLTFGSEHNRFQNEAQASSLAQGWGAFFG,DRGSQS,IYSNGD,AVNNNAGNMLTFG,SEHNR,FQNEAQ,ASSLAQGWGAFFG,0
IVTDFSVIK,TSGFNGNVLDGLAVYSGGYQKVTSGDLSYYNGEEASSVDLGGETQY,TSGFNG,NVLDGL,AVYSGGYQKVT,SGDLS,YYNGEE,ASSVDLGGETQY,1
AVFDRKSDAK,TISGNEYGLKNNIGAGNMLTKGHDRSFDVKDATSDRDRPNYGYT,TISGNEY,GLKNN,IGAGNMLT,KGHDR,SFDVKD,ATSDRDRPNYGYT,0
GILGFVFTL,DSAIYNIQSSQREDRGRGTSYDKVIMNHEYSVGEGTASTLGEGSEAF,DSAIYN,IQSSQRE,DRGRGTSYDKVI,MNHEY,SVGEGT,ASTLGEGSEAF,0
SPRWYFYYL,YGATPYYFSGDTLVAVGEDSQLTLGHNAYSLEERASSQDSTSGYSREQF,YGATPY,YFSGDTLV,AVGEDSQLT,LGHNA,YSLEER,ASSQDSTSGYSREQF,0
CINGVCWTV,NIATNDYGYKTKLVGVRRSNDYKLSLGHDTYNNKELASSQEAGFWGEQY,NIATNDY,GYKTK,LVGVRRSNDYKLS,LGHDT,YNNKEL,ASSQEAGFWGEQY,1
GILGFVFTL,DRGSQSIYSNGDAPKAAGNKLTSEHNRFQNEAQASSLDLGTGELF,DRGSQS,IYSNGD,APKAAGNKLT,SEHNR,FQNEAQ,ASSLDLGTGELF,0
GLCTLVAML,NSMFDYISSIKDKAASDGAGNMLTMDHENSYDVKMASRGLIIQRSSYEQY,NSMFDY,ISSIKDK,AASDGAGNMLT,MDHEN,SYDVKM,ASRGLIIQRSSYEQY,0
GPRLGVRAT,TSINNIRSNEREATPLDSWGKLQLGHDTYNNKELASSHRTTYNEQF,TSINN,IRSNERE,ATPLDSWGKLQ,LGHDT,YNNKEL,ASSHRTTYNEQF,0
GILGFVFTL,DRGSQSIYSNGDAVRTYKYILGHNAYNFKEQASSQEEGPSNQPQH,DRGSQS,IYSNGD,AVRTYKYI,LGHNA,YNFKEQ,ASSQEEGPSNQPQH,0
GILGFVFTL,DSSSTYIFSNMDMAEMAGANNLFLNHDASQIVNDASSAWEGAEAF,DSSSTY,IFSNMDM,AEMAGANNLF,LNHDA,SQIVND,ASSAWEGAEAF,0
ATDALMTGF,DSASNYIRSNVGEAAPPSTGTASKLTDFQATTSNEGSKASARDETGNTIY,DSASNY,IRSNVGE,AAPPSTGTASKLT,DFQATT,SNEGSKA,SARDETGNTIY,0
RPPIFIRRL,DRGSQSIYSNGDAVTTDKLISGDLSYYNGEEASSVAGGAYEQY,DRGSQS,IYSNGD,AVTTDKLI,SGDLS,YYNGEE,ASSVAGGAYEQY,0
GILGFVFTL,SSYSPSYTSAATLVVVSDVNTDKLISGHDTYYEEEEASSLRDGSEAF,SSYSPS,YTSAATLV,VVSDVNTDKLI,SGHDT,YYEEEE,ASSLRDGSEAF,0
GILGFVFTL,NIATNDYGYKTKLVNTNAGKSTLGHNAYNFKEQASSQEVGQRLLNTGELF,NIATNDY,GYKTK,LVNTNAGKST,LGHNA,YNFKEQ,ASSQEVGQRLLNTGELF,0
SPRWYFYYL,DSASNYIRSNVGEAAMETSYDKVIKGHSHLQKENIASSPRKDSTGELF,DSASNY,IRSNVGE,AAMETSYDKVI,KGHSH,LQKENI,ASSPRKDSTGELF,0
RAKFKQLL,DSAIYNIQSSQREAVDSNAGNMLTMNHEYSMNVEVASSPPGGAYEQY,DSAIYN,IQSSQRE,AVDSNAGNMLT,MNHEY,SMNVEV,ASSPPGGAYEQY,0
IVTDFSVIK,NSASQSVYSSGVVNRNNDMRSGHNSFNNNVPALGDLNTGELF,NSASQS,VYSSG,VVNRNNDMR,SGHNS,FNNNVP,ALGDLNTGELF,0
AVFDRKSDAK,VSGNPYYITGDNLVAVRDGTGANNLFLNHDASQIVNDASNPSSTDTQY,VSGNPY,YITGDNLV,AVRDGTGANNLF,LNHDA,SQIVND,ASNPSSTDTQY,0
KLGGALQAK,TSGFYGNALDGLAVKAAGNKLTLGHDTYNNKELASSQDLQGVKNAEAF,TSGFYG,NALDGL,AVKAAGNKLT,LGHDT,YNNKEL,ASSQDLQGVKNAEAF,0
ELAGIGILTV,DRGSQSIYSNGDAVNVGGSYIPTMNHEYSVGAGIASTQGLGAEQY,DRGSQS,IYSNGD,AVNVGGSYIPT,MNHEY,SVGAGI,ASTQGLGAEQY,1
GILGFVFTL,TISGNEYGLKNNILWVAAGNKLTSGHNTYENEEAASSLGLAGGGGIEQF,TISGNEY,GLKNN,ILWVAAGNKLT,SGHNT,YENEEA,ASSLGLAGGGGIEQF,0
GILGFVFTL,DSAIYNIQSSQREAVMSMDSSYKLISGHVSFQNEAQASSLGTGLEDQPQH,DSAIYN,IQSSQRE,AVMSMDSSYKLI,SGHVS,FQNEAQ,ASSLGTGLEDQPQH,0
RAKFKQLL,DRGSQSIYSNGDAVNQGGKLISGHDYFNNNVPASTPSPSRPPL,DRGSQS,IYSNGD,AVNQGGKLI,SGHDY,FNNNVP,ASTPSPSRPPL,0
SLFNTVATLY,SSVSVYYLSGSTLVAVSDPDTDKLIMNHNSSASEGTASSDWTNTGELF,SSVSVY,YLSGSTLV,AVSDPDTDKLI,MNHNS,SASEGT,ASSDWTNTGELF,0
ELAGIGILTV,DSVNNIPSGTAVEDPVTGGGNKLTMNHEYSVGEGTASSNHLAGHTYEQY,DSVNN,IPSGT,AVEDPVTGGGNKLT,MNHEY,SVGEGT,ASSNHLAGHTYEQY,0
GLCTLVAML,DSSSTYIFSNMDMAPGGYNKLIMDHENSYDVKMASSSGAGELF,DSSSTY,IFSNMDM,APGGYNKLI,MDHEN,SYDVKM,ASSSGAGELF,0
GILGFVFTL,DSAIYNIQSSQREAVDSNAGNMLTMNHEYSMNVEVASSPPGGAYEQY,DSAIYN,IQSSQRE,AVDSNAGNMLT,MNHEY,SMNVEV,ASSPPGGAYEQY,0
KLGGALQAK,TRDTTYYRNSFDEQNALTGANSKLTLGHNAYSLEERASSQDRVGGGNEQF,TRDTTYY,RNSFDEQN,ALTGANSKLT,LGHNA,YSLEER,ASSQDRVGGGNEQF,1
KLGGALQAK,NSASDYIRSNMDKADSGGGADGLTGTSNPNSVGIGAWGDSYEQY,NSASDY,IRSNMDK,ADSGGGADGLT,GTSNPN,SVGIG,AWGDSYEQY,0
RAKFKQLL,DSVNNIPSGTAVTPPPSYDKVISGHDYFNNNVPASSSVSGYT,DSVNN,IPSGT,AVTPPPSYDKVI,SGHDY,FNNNVP,ASSSVSGYT,0
AVFDRKSDAK,TSGFYGNALDGLAVNNYGQNFVSGHNSFNNNVPASSTTSGGVETQY,TSGFYG,NALDGL,AVNNYGQNFV,SGHNS,FNNNVP,ASSTTSGGVETQY,0
ELAGIGILTV,DSAIYNIQSSQREAVLNNAGNMLTLGHNAYSLEERASSQDFLSNQPQH,DSAIYN,IQSSQRE,AVLNNAGNMLT,LGHNA,YSLEER,ASSQDFLSNQPQH,1
ELAGIGILTV,DRGSQSIYSNGDAVQGNFNKFYDFQATTSNEGSKASAEQLGVLNTEAF,DRGSQS,IYSNGD,AVQGNFNKFY,DFQATT,SNEGSKA,SAEQLGVLNTEAF,0
KLGGALQAK,DSSSTYIFSNMDMAESMSYQKVTSGHRSYFSETQASSLEASTDTQY,DSSSTY,IFSNMDM,AESMSYQKVT,SGHRS,YFSETQ,ASSLEASTDTQY,0
ELAGIGILTV,DRGSQSIYSNGDAVNWEEQGGSYIPTDFQATTSNEGSKASAPARSEPYEQY,DRGSQS,IYSNGD,AVNWEEQGGSYIPT,DFQATT,SNEGSKA,SAPARSEPYEQY,0
CINGVCWTV,DSSSTYIFSNMDMAEINAGNMLTMDHENSYDVKMASSLGGFDMNTEAF,DSSSTY,IFSNMDM,AEINAGNMLT,MDHEN,SYDVKM,ASSLGGFDMNTEAF,0
GILGFVFTL,SIFNTLYKAGELAGLDFGNEKLTSEHNRFQNEAQASSLATSPLMNTEAF,SIFNT,LYKAGEL,AGLDFGNEKLT,SEHNR,FQNEAQ,ASSLATSPLMNTEAF,0
NLVPMVATV,YGGTVNYFSGDPLVAVNEDNFNKFYMGHRAYSYEKLASSLGGTNEQF,YGGTVN,YFSGDPLV,AVNEDNFNKFY,MGHRA,YSYEKL,ASSLGGTNEQF,0
ELAGIGILTV,DRGSQSIYSNGDAVNRGYGGSQGNLILNHDASQIVNDASSMRASVEQY,DRGSQS,IYSNGD,AVNRGYGGSQGNLI,LNHDA,SQIVND,ASSMRASVEQY,0
ATDALMTGF,VSNAYNGSKPAVEDSYNQGGKLIPRHDTFYEKMQASSPSGQGAGGYT,VSNAYN,GSKP,AVEDSYNQGGKLI,PRHDT,FYEKMQ,ASSPSGQGAGGYT,0
KLGGALQAK,DRGSQSIYSNGDADESGGSQGNLILNHDASQIVNDASSIRSSYEQY,DRGSQS,IYSNGD,ADESGGSQGNLI,LNHDA,SQIVND,ASSIRSSYEQY,0
ELAGIGILTV,DRGSQSIYSNGDAVNGNQFYMGHRAYSYEKLASSQEEESLGYEQY,DRGSQS,IYSNGD,AVNGNQFY,MGHRA,YSYEKL,ASSQEEESLGYEQY,1
CINGVCWTV,NIATNDYGYKTKLVASPSGGYNKLISGHDTYYEEEEASSLARQEETQY,NIATNDY,GYKTK,LVASPSGGYNKLI,SGHDT,YYEEEE,ASSLARQEETQY,1
AVFDRKSDAK,DSAIYNIQSSQREAVGANFGNEKLTLNHDASQIVNDASSWAGPHTEAF,DSAIYN,IQSSQRE,AVGANFGNEKLT,LNHDA,SQIVND,ASSWAGPHTEAF,0
RAKFKQLL,TSENNYYQEAYKQQNAFMNDRKTSYDKVISGHTSYDEGEEASSLEVGPSNQPQH,TSENNYY,QEAYKQQN,AFMNDRKTSYDKVI,SGHTS,YDEGEE,ASSLEVGPSNQPQH,0
ELAGIGILTV,DRGSQSIYSNGDAVTVSNDYKLSSGDLSYYNGEEASSDASGSIGEQF,DRGSQS,IYSNGD,AVTVSNDYKLS,SGDLS,YYNGEE,ASSDASGSIGEQF,0
KLGGALQAK,TRDTTYYRNSFDEQNALGVGSGAGSYQLTMGHRAYSYEKLASSQSKGQGNEKLF,TRDTTYY,RNSFDEQN,ALGVGSGAGSYQLT,MGHRA,YSYEKL,ASSQSKGQGNEKLF,0
GILGFVFTL,DSSSTYIFSNMDMAEWGNTGRRALTSEHNRFQNEAQASSFIDNEQF,DSSSTY,IFSNMDM,AEWGNTGRRALT,SEHNR,FQNEAQ,ASSFIDNEQF,0
ELAGIGILTV,TSESDYYQEAYKQQNADFGNEKLTDFQATTSNEGSKASAREWAWEETQY,TSESDYY,QEAYKQQN,ADFGNEKLT,DFQATT,SNEGSKA,SAREWAWEETQY,0
AVFDRKSDAK,DRGSQSIYSNGDAAGGSGYALNMRHNASNTAGTASSDAVGQGTDTQY,DRGSQS,IYSNGD,AAGGSGYALN,MRHNA,SNTAGT,ASSDAVGQGTDTQY,0
GILGFVFTL,DSVNNIPSGTAVDHLMNYGGSQGNLILNHDASQIVNDASSTYSQDTQY,DSVNN,IPSGT,AVDHLMNYGGSQGNLI,LNHDA,SQIVND,ASSTYSQDTQY,1
RAKFKQLL,DSAIYNIQSSQREAVRPGSNDYKLSSQVTMANQGSEASVEDFGNQETQY,DSAIYN,IQSSQRE,AVRPGSNDYKLS,SQVTM,ANQGSEA,SVEDFGNQETQY,0
AVFDRKSDAK,TRDTTYYRNSFDEQNALSSPSAAGNKLTMNHEYSVGAGIASKGLAGGGSYNEQF,TRDTTYY,RNSFDEQN,ALSSPSAAGNKLT,MNHEY,SVGAGI,ASKGLAGGGSYNEQF,0
KLGGALQAK,DRGSQSIYSNGDAVKDQFYLGHNAYSLEERASSQGTGEGYGYT,DRGSQS,IYSNGD,AVKDQFY,LGHNA,YSLEER,ASSQGTGEGYGYT,0
KLGGALQAK,TISGTDYGLTSNILRPMEYGNKLVSEHNRFQNEAQASSYIAGVKYEQY,TISGTDY,GLTSN,ILRPMEYGNKLV,SEHNR,FQNEAQ,ASSYIAGVKYEQY,0
KSKRTPMGF,DRGSQSIYSNGDALTPRDDMRSGHATFQNNGVASSLGVAGTNTGELF,DRGSQS,IYSNGD,ALTPRDDMR,SGHAT,FQNNGV,ASSLGVAGTNTGELF,0
RAKFKQLL,DSASNYIRSNVGEAASIAGYSTLTSQVTMANQGSEASVEDRHPPKNIQY,DSASNY,IRSNVGE,AASIAGYSTLT,SQVTM,ANQGSEA,SVEDRHPPKNIQY,0
AVFDRKSDAK,SSVPPYYTSAATLVAVTSDPNQGGKLILNHDASQIVNDASSIRSSYEQY,SSVPPY,YTSAATLV,AVTSDPNQGGKLI,LNHDA,SQIVND,ASSIRSSYEQY,0
GILGFVFTL,DSASNYIRSNVGEAASETSYDKVIKGHSHLQKENIASSPPGGGNTGELF,DSASNY,IRSNVGE,AASETSYDKVI,KGHSH,LQKENI,ASSPPGGGNTGELF,0
AVFDRKSDAK,TSENNYYQEAYKQQNAFMKGAGGTSYGKLTLNHDASQIVNDASSPRSNQPQH,TSENNYY,QEAYKQQN,AFMKGAGGTSYGKLT,LNHDA,SQIVND,ASSPRSNQPQH,0
CINGVCWTV,NIATNDYGYKTKLVGASNTGNQFYLGHDTYNNKELASSQEAGAWGEQY,NIATNDY,GYKTK,LVGASNTGNQFY,LGHDT,YNNKEL,ASSQEAGAWGEQY,1
KLGGALQAK,SSYSPSYTSAATLVVVSDPPAGGGADGLTSQVTMANQGSEASVPLAGVYNEQF,SSYSPS,YTSAATLV,VVSDPPAGGGADGLT,SQVTM,ANQGSEA,SVPLAGVYNEQF,0
KSKRTPMGF,TSESDYYQEAYKQQNAHPNSNSGYALNSEHNRFQNEAQASSLAVIDRYNEQF,TSESDYY,QEAYKQQN,AHPNSNSGYALN,SEHNR,FQNEAQ,ASSLAVIDRYNEQF,1
GLCTLVAML,NSMFDYISSIKDKAASDGAGGTSYGKLTSGHTSYDEGEEASSLWTGSHEQY,NSMFDY,ISSIKDK,AASDGAGGTSYGKLT,SGHTS,YDEGEE,ASSLWTGSHEQY,1
KLGGALQAK,TSGFNGNVLDGLAVLDSNYQLISGHDYFNNNVPASSPSSSYEQY,TSGFNG,NVLDGL,AVLDSNYQLI,SGHDY,FNNNVP,ASSPSSSYEQY,0
GILGFVFTL,NIATNDYGYKTKLVSEPYNTDKLIMGHRAYSYEKLASSLQMASGSPDLGEQF,NIATNDY,GYKTK,LVSEPYNTDKLI,MGHRA,YSYEKL,ASSLQMASGSPDLGEQF,0
KLGGALQAK,TSGFNGNVLDGLAPKDGQKLLDFQATTSNEGSKASAETGNTEAF,TSGFNG,NVLDGL,APKDGQKLL,DFQATT,SNEGSKA,SAETGNTEAF,0
RAKFKQLL,YGATPYYFSGDTLVAVTRDDKIISGHNSFNNNVPASSGGVSGGAGETQY,YGATPY,YFSGDTLV,AVTRDDKII,SGHNS,FNNNVP,ASSGGVSGGAGETQY,1
AVFDRKSDAK,YGATPYYFSGDTLVAVGDNYGGSQGNLIMGHDKSYGVNSASRIGYTEAF,YGATPY,YFSGDTLV,AVGDNYGGSQGNLI,MGHDK,SYGVNS,ASRIGYTEAF,1
GILGFVFTL,YGATPYYFSGDTLVAVGDNFNKFYSGHATFQNNGVASSSGTAAYEQY,YGATPY,YFSGDTLV,AVGDNFNKFY,SGHAT,FQNNGV,ASSSGTAAYEQY,0
DATYQRTRALVR,NIATNDYGYKTKLVVGRYAGNMLTSNHLYFYNNEIASSLNRELF,NIATNDY,GYKTK,LVVGRYAGNMLT,SNHLY,FYNNEI,ASSLNRELF,0
SLFNTVATLY,SVFSSVVTGGEVAGAGEAGAQKLVMNHEYSMNVEVASSPTGLVYEQF,SVFSS,VVTGGEV,AGAGEAGAQKLV,MNHEY,SMNVEV,ASSPTGLVYEQF,0
AVFDRKSDAK,NSMFDYISSIKDKAARANNARLMSEHNRFQNEAQASSLEYSPRPYEQY,NSMFDY,ISSIKDK,AARANNARLM,SEHNR,FQNEAQ,ASSLEYSPRPYEQY,0
GILGFVFTL,TSGFNGNVLDGLACRGFKTISGHNTYYREEEASSLGLEGGNEQF,TSGFNG,NVLDGL,ACRGFKTI,SGHNT,YYREEE,ASSLGLEGGNEQF,0
GILGFVFTL,NSASDYIRSNMDKAETHSGGSNYKLTDFQATTSNEGSKASARDLGTSKQYEQY,NSASDY,IRSNMDK,AETHSGGSNYKLT,DFQATT,SNEGSKA,SARDLGTSKQYEQY,0
ELAGIGILTV,DSSSTYIFSNMDMAEEGNTGKLISGHTAFQGTGAASSTPLENEQF,DSSSTY,IFSNMDM,AEEGNTGKLI,SGHTA,FQGTGA,ASSTPLENEQF,0
AVFDRKSDAK,YGATPYYFSGDTLVAVGDNFNKFYMDHENSYDVKMASSLRSAAGWPF,YGATPY,YFSGDTLV,AVGDNFNKFY,MDHEN,SYDVKM,ASSLRSAAGWPF,1
NLVPMVATV,NIATNDYGYKTKLVGDMAGGFKTISGHNTYYREEEASSWTQGDEQY,NIATNDY,GYKTK,LVGDMAGGFKTI,SGHNT,YYREEE,ASSWTQGDEQY,0
KLGGALQAK,SIFNTLYKAGELAGGGYGGSQGNLILNHDASQIVNDASSIRSDTEAF,SIFNT,LYKAGEL,AGGGYGGSQGNLI,LNHDA,SQIVND,ASSIRSDTEAF,0
KLGGALQAK,TSENNYYQEAYKQQNAFMKQDSNSGYALNKGHDRSFDVKDATSGPHRVHEQF,TSENNYY,QEAYKQQN,AFMKQDSNSGYALN,KGHDR,SFDVKD,ATSGPHRVHEQF,1
RAKFKQLL,NSAFQYTYSSGNAMSGGLNTGNQFYSGHRSYFSETQASSLAGEQF,NSAFQY,TYSSGN,AMSGGLNTGNQFY,SGHRS,YFSETQ,ASSLAGEQF,0
KLGGALQAK,DSSSTYIFSNMDMAESGGSQGNLIMGHRAYSYEKLASSQAENTEAF,DSSSTY,IFSNMDM,AESGGSQGNLI,MGHRA,YSYEKL,ASSQAENTEAF,0
KLGGALQAK,TSENNYYQEAYKQQNALHTGANSKLTSGHATFQNNGVASSWGGGSHYGYT,TSENNYY,QEAYKQQN,ALHTGANSKLT,SGHAT,FQNNGV,ASSWGGGSHYGYT,0
KLGGALQAK,NSMFDYISSIKDKAARGTASKLTSEHNRFQNEAQASSLEAGRSPYEQY,NSMFDY,ISSIKDK,AARGTASKLT,SEHNR,FQNEAQ,ASSLEAGRSPYEQY,0
AVFDRKSDAK,VSGLRGLYSAGEEAVPPKANNLFSGHNSFNNNVPASTPGRSDTGELF,VSGLRG,LYSAGEE,AVPPKANNLF,SGHNS,FNNNVP,ASTPGRSDTGELF,0
YLQPRTFLL,NSASDYIRSNMDKAEPSSASKIISGDLSYYNGEEASSEENTGELF,NSASDY,IRSNMDK,AEPSSASKII,SGDLS,YYNGEE,ASSEENTGELF,1
KLGGALQAK,DSASNYIRSNVGEAASGYDYKLSSGHNSFNNNVPASSFSGNTGELF,DSASNY,IRSNVGE,AASGYDYKLS,SGHNS,FNNNVP,ASSFSGNTGELF,0
AVFDRKSDAK,NSASDYIRSNMDKAENILSSSNTGKLISGDLSYYNGEEASQSAEASTDTQY,NSASDY,IRSNMDK,AENILSSSNTGKLI,SGDLS,YYNGEE,ASQSAEASTDTQY,0
RAKFKQLL,DSSSTYIFSNMDMAESMSYQKVTSGHRSYFSETQASSLEASTDTQY,DSSSTY,IFSNMDM,AESMSYQKVT,SGHRS,YFSETQ,ASSLEASTDTQY,0
ELAGIGILTV,VGISALSSGKAVLKTSYDKVILNHDASQIVNDASSFFLAAGYP,VGISA,LSSGK,AVLKTSYDKVI,LNHDA,SQIVND,ASSFFLAAGYP,0
KLGGALQAK,TISGNEYGLKNNIVMDDFQKLVSGHNSFNNNVPASSFSGNTGELF,TISGNEY,GLKNN,IVMDDFQKLV,SGHNS,FNNNVP,ASSFSGNTGELF,0
GLCTLVAML,TRDTTYYRNSFDEQNALTPNTNAGKSTENHRYSYGVKDAISGMVVRGGDSYNEQF,TRDTTYY,RNSFDEQN,ALTPNTNAGKST,ENHRY,SYGVKD,AISGMVVRGGDSYNEQF,0
RAKFKQLL,YGGTVNYFSGDPLVAVNAQGGGSTLGRLYLNHDASQIVNDASSIHGLETQY,YGGTVN,YFSGDPLV,AVNAQGGGSTLGRLY,LNHDA,SQIVND,ASSIHGLETQY,0
GILGFVFTL,KTLYGLQKGGEEGADSRYSSASKIISGHVSFQNEAQASSLIEYPPPDTQY,KTLYG,LQKGGEE,GADSRYSSASKII,SGHVS,FQNEAQ,ASSLIEYPPPDTQY,0
AVFDRKSDAK,NIATNDYGYKTKLVGEAGGFKTISGHTAFQGTGAASSLTVSLSPDLNEQF,NIATNDY,GYKTK,LVGEAGGFKTI,SGHTA,FQGTGA,ASSLTVSLSPDLNEQF,0
KLGGALQAK,ATGYPSATKADDKALLTYNNNDMRSGHNSFNNNVPASSLDLRTSNQPQH,ATGYPS,ATKADDK,ALLTYNNNDMR,SGHNS,FNNNVP,ASSLDLRTSNQPQH,0
RAKFKQLL,DSASNYIRSNVGEAASFVERSNYKLTMNHEYSVGEGTASEEQGGLETQY,DSASNY,IRSNVGE,AASFVERSNYKLT,MNHEY,SVGEGT,ASEEQGGLETQY,0
VLFGLGFAI,DSSSTYIFSNMDMAPGGYNKLIMDHENSYDVKMASSSGAGELF,DSSSTY,IFSNMDM,APGGYNKLI,MDHEN,SYDVKM,ASSSGAGELF,0
SLFNTVATLY,DRGSQSIYSNGDAVKGGGADGLTLGHNAYSLEERASSQVEGLETQY,DRGSQS,IYSNGD,AVKGGGADGLT,LGHNA,YSLEER,ASSQVEGLETQY,0
AVFDRKSDAK,TSGFYGNALDGLAVEPVGGNTPLVMRHNASNTAGTASTPGQALNEQY,TSGFYG,NALDGL,AVEPVGGNTPLV,MRHNA,SNTAGT,ASTPGQALNEQY,0
KLGGALQAK,DSASNYIRSNVGEAAGETSYDKVISGHNSFNNNVPASRSGDSNQPQH,DSASNY,IRSNVGE,AAGETSYDKVI,SGHNS,FNNNVP,ASRSGDSNQPQH,0
RPPIFIRRL,SVFSSVVTGGEVAGGEAGNMLTMDHENSYDVKMASLGIPYEQY,SVFSS,VVTGGEV,AGGEAGNMLT,MDHEN,SYDVKM,ASLGIPYEQY,1
RAKFKQLL,DRGSQSIYSNGDAVQGNFNKFYDFQATTSNEGSKASAEQLGVLNTEAF,DRGSQS,IYSNGD,AVQGNFNKFY,DFQATT,SNEGSKA,SAEQLGVLNTEAF,0
AVFDRKSDAK,TISGTDYGLTSNILRSYNRDDKIISGHNSFNNNVPASSFSGNTGELF,TISGTDY,GLTSN,ILRSYNRDDKII,SGHNS,FNNNVP,ASSFSGNTGELF,0
GILGFVFTL,SIFNTLYKAGELAGLYNNNDMRSGHRSYFSETQASSLGQGVFYT,SIFNT,LYKAGEL,AGLYNNNDMR,SGHRS,YFSETQ,ASSLGQGVFYT,0
GILGFVFTL,DSASNYIRSNVGEAASEATNAGKSTLNHDASQIVNDASNDLGNEQF,DSASNY,IRSNVGE,AASEATNAGKST,LNHDA,SQIVND,ASNDLGNEQF,0
ELAGIGILTV,TSGFNGNVLDGLAVSLDGQKLLMNHEYSMNVEVASSPGTPTDTQY,TSGFNG,NVLDGL,AVSLDGQKLL,MNHEY,SMNVEV,ASSPGTPTDTQY,0
RAKFKQLL,SVFSSVVTGGEVAGGGSQGNLISQVTMANQGSEASAGQGPYEQY,SVFSS,VVTGGEV,AGGGSQGNLI,SQVTM,ANQGSEA,SAGQGPYEQY,1
GLCTLVAML,NSASDYIRSNMDKADSGGGADGLTDFQATTSNEGSKASALWTDSYEQY,NSASDY,IRSNMDK,ADSGGGADGLT,DFQATT,SNEGSKA,SALWTDSYEQY,0
RAKFKQLL,VSGNPYYITGDNLVAGGNTGKLISGHATFQNNGVASSWGGGSHYGYT,VSGNPY,YITGDNLV,AGGNTGKLI,SGHAT,FQNNGV,ASSWGGGSHYGYT,0
DATYQRTRALVR,DRGSQSIYSNGDAVGISGGYQKVTMNHEYSVGAGIASSSGTGSPLH,DRGSQS,IYSNGD,AVGISGGYQKVT,MNHEY,SVGAGI,ASSSGTGSPLH,0
KLGGALQAK,ATGYPSATKADDKALTKRTAAGNKLTSGHDYFNNNVPASRTGGAEAF,ATGYPS,ATKADDK,ALTKRTAAGNKLT,SGHDY,FNNNVP,ASRTGGAEAF,1
AVFDRKSDAK,TRDTTYYRNSFDEQNALCKGDDKIILNHDASQIVNDASSMRSTGELF,TRDTTYY,RNSFDEQN,ALCKGDDKII,LNHDA,SQIVND,ASSMRSTGELF,0
AVFDRKSDAK,VSGLRGLYSAGEEAVQRSDGQKLLMGHRAYSYEKLASSQEAQGETQY,VSGLRG,LYSAGEE,AVQRSDGQKLL,MGHRA,YSYEKL,ASSQEAQGETQY,1
KLGGALQAK,TSINNIRSNEREATELYGANSKLTSGHNSFNNNVPASSFSGNTGELF,TSINN,IRSNERE,ATELYGANSKLT,SGHNS,FNNNVP,ASSFSGNTGELF,0
HPVTKYIM,TSINNIRSNEREATDYYGNNRLAMNHEYSVGAGIASREGQFQETQY,TSINN,IRSNERE,ATDYYGNNRLA,MNHEY,SVGAGI,ASREGQFQETQY,0
HPVTKYIM,SSVSVYYLSGSTLVAVKIKAAGNKLTPRHDTFYEKMQASSSTGGKETQY,SSVSVY,YLSGSTLV,AVKIKAAGNKLT,PRHDT,FYEKMQ,ASSSTGGKETQY,0
ELAGIGILTV,KALYSLLKGGEQGTAMGGGSQGNLILNHDASQIVNDASSMRSTDTQY,KALYS,LLKGGEQ,GTAMGGGSQGNLI,LNHDA,SQIVND,ASSMRSTDTQY,0
AVFDRKSDAK,TRDTTYYRNSFDEQNALSGPGTSFLGSARQLTSGHDTYYEEEEASSLRDGSEAF,TRDTTYY,RNSFDEQN,ALSGPGTSFLGSARQLT,SGHDT,YYEEEE,ASSLRDGSEAF,1
GILGFVFTL,NSASQSVYSSGVVNIVGYSTLTWSHSYSAAADIASSESHGSTYEQF,NSASQS,VYSSG,VVNIVGYSTLT,WSHSY,SAAADI,ASSESHGSTYEQF,0
NLVPMVATV,YGATPYYFSGDTLVAVGAPSTSGTYKYIMGHRAYSYEKLASSPTEGGSSTYEQY,YGATPY,YFSGDTLV,AVGAPSTSGTYKYI,MGHRA,YSYEKL,ASSPTEGGSSTYEQY,0
AVFDRKSDAK,SSVSVYYLSGSTLVAVSDAGNTPLVSGHATFQNNGVASSWQAVSGNTIY,SSVSVY,YLSGSTLV,AVSDAGNTPLV,SGHAT,FQNNGV,ASSWQAVSGNTIY,0
RAKFKQLL,SVFSSVVTGGEVAGEGDYKLSLNHDASQIVNDASSRDFQETQY,SVFSS,VVTGGEV,AGEGDYKLS,LNHDA,SQIVND,ASSRDFQETQY,0
YLQPRTFLL,TSGFNGNVLDGLAVNEGDYKLSDFQATTSNEGSKASARHLSGIEQF,TSGFNG,NVLDGL,AVNEGDYKLS,DFQATT,SNEGSKA,SARHLSGIEQF,0
GILGFVFTL,TSENNYYQEAYKQQNAFMNDRKTSYDKVISGHTSYDEGEEASSLEVGPSNQPQH,TSENNYY,QEAYKQQN,AFMNDRKTSYDKVI,SGHTS,YDEGEE,ASSLEVGPSNQPQH,0
KLGGALQAK,SIFNTLYKAGELAGHTGNQFYSGHATFQNNGVASSSNQGDNQPQH,SIFNT,LYKAGEL,AGHTGNQFY,SGHAT,FQNNGV,ASSSNQGDNQPQH,0
AVFDRKSDAK,DSASNYIRSNVGEAVNNAGGTSYGKLTLGHNAYSLEERASSLDAFSGNTIY,DSASNY,IRSNVGE,AVNNAGGTSYGKLT,LGHNA,YSLEER,ASSLDAFSGNTIY,1
GILGFVFTL,TSDPSYGQGSYDQQNAMREDNGARLMLNHDASQIVNDASSKFSINEQF,TSDPSYG,QGSYDQQN,AMREDNGARLM,LNHDA,SQIVND,ASSKFSINEQF,1
IVTDFSVIK,DSAIYNIQSSQREAVDSNAGNMLTMNHEYSMNVEVASSPPGGAYEQY,DSAIYN,IQSSQRE,AVDSNAGNMLT,MNHEY,SMNVEV,ASSPPGGAYEQY,1
GILGFVFTL,NIATNDYGYKTKLVGDGSGYSTLTLNHDASQIVNDASSPALGDQETQY,NIATNDY,GYKTK,LVGDGSGYSTLT,LNHDA,SQIVND,ASSPALGDQETQY,0
HPVTKYIM,DSASNYIRSNVGEAASETSYDKVISEHNRFQNEAQASSLLGQPNTEAF,DSASNY,IRSNVGE,AASETSYDKVI,SEHNR,FQNEAQ,ASSLLGQPNTEAF,0
LLWNGPMAV,DRGSQSIYSNGDAVSNTDKLILGHDTYNNKELASSPTPAGGAYEQY,DRGSQS,IYSNGD,AVSNTDKLI,LGHDT,YNNKEL,ASSPTPAGGAYEQY,1
ELAGIGILTV,NSASQSVYSSGVVKAYGQNFVLNHDASQIVNDASSSRASYEQY,NSASQS,VYSSG,VVKAYGQNFV,LNHDA,SQIVND,ASSSRASYEQY,0
GILGFVFTL,SSNFYAMTLNGDEARNTGNQFYGTSNPNSVGIGAWSISDLAKNIQY,SSNFYA,MTLNGDE,ARNTGNQFY,GTSNPN,SVGIG,AWSISDLAKNIQY,0
ELAGIGILTV,TTLSNLVKSGEVAGPEEGGSQGNLILNHDASQIVNDASSGRSTDTQY,TTLSN,LVKSGEV,AGPEEGGSQGNLI,LNHDA,SQIVND,ASSGRSTDTQY,0
KLGGALQAK,SVFSSVVTGGEVAGDWNNNAGNMLTSGHDYFNNNVPASSRGTVYEQY,SVFSS,VVTGGEV,AGDWNNNAGNMLT,SGHDY,FNNNVP,ASSRGTVYEQY,0
KLGGALQAK,NSASQSVYSSGVVNARNQFYMNHNSSASEGTASSEGQNTYEQY,NSASQS,VYSSG,VVNARNQFY,MNHNS,SASEGT,ASSEGQNTYEQY,1
ELAGIGILTV,DSSSTYIFSNMDMAEWGNTGRRALTSEHNRFQNEAQASSFIDNEQF,DSSSTY,IFSNMDM,AEWGNTGRRALT,SEHNR,FQNEAQ,ASSFIDNEQF,0
ELAGIGILTV,DRGSQSIYSNGDAVSNTDKLILGHDTYNNKELASSPTPAGGAYEQY,DRGSQS,IYSNGD,AVSNTDKLI,LGHDT,YNNKEL,ASSPTPAGGAYEQY,0
NLVPMVATV,TSDPSYGQGSYDQQNAMREDNGARLMLNHDASQIVNDASSKFSINEQF,TSDPSYG,QGSYDQQN,AMREDNGARLM,LNHDA,SQIVND,ASSKFSINEQF,0
KLGGALQAK,TSENNYYQEAYKQQNALLPGSGTASKLTSGHVSFQNEAQASSYGTGDLSYNEQF,TSENNYY,QEAYKQQN,ALLPGSGTASKLT,SGHVS,FQNEAQ,ASSYGTGDLSYNEQF,0
KLGGALQAK,NSAFQYTYSSGNAMEGGANNLFLNHDASQIVNDASTSVMTDSIYGYT,NSAFQY,TYSSGN,AMEGGANNLF,LNHDA,SQIVND,ASTSVMTDSIYGYT,0
KLGGALQAK,YGATPYYFSGDTLVAVVDNYGQNFVSGHRSYFSETQASSLDGNNEQF,YGATPY,YFSGDTLV,AVVDNYGQNFV,SGHRS,YFSETQ,ASSLDGNNEQF,0
GILGFVFTL,VGISALSSGKAVRKFGNEKLTLNHDASHIVNDASSIGLYGYT,VGISA,LSSGK,AVRKFGNEKLT,LNHDA,SHIVND,ASSIGLYGYT,1
LLWNGPMAV,NSASQSVYSSGVVNEKEGNMLTSQVTMANQGSEASVGEGLAYEQY,NSASQS,VYSSG,VVNEKEGNMLT,SQVTM,ANQGSEA,SVGEGLAYEQY,1
AVFDRKSDAK,TSENNYYQEAYKQQNAFMKGAGGTSYGKLTSEHNRFQNEAQASSSLGGHGEAF,TSENNYY,QEAYKQQN,AFMKGAGGTSYGKLT,SEHNR,FQNEAQ,ASSSLGGHGEAF,0
CINGVCWTV,DRGSQSIYSNGDAVNRGYGGSQGNLILNHDASQIVNDASSMRASVEQY,DRGSQS,IYSNGD,AVNRGYGGSQGNLI,LNHDA,SQIVND,ASSMRASVEQY,0
FEDLRVLSF,VSGNPYYITGDNLVAVRDMLGFNKFYMRHNASNTAGTASSPTGSDTGELF,VSGNPY,YITGDNLV,AVRDMLGFNKFY,MRHNA,SNTAGT,ASSPTGSDTGELF,0
ELAGIGILTV,ATGYPSATKADDKALSGSKAGTALISGHRSYFSETQASVRTTDSYNEQF,ATGYPS,ATKADDK,ALSGSKAGTALI,SGHRS,YFSETQ,ASVRTTDSYNEQF,0
GILGFVFTL,NIATNDYGYKTKLARQEDVNTGFQKLVMNHNSSASEGTASSEIMGDLYEQY,NIATNDY,GYKTK,LARQEDVNTGFQKLV,MNHNS,SASEGT,ASSEIMGDLYEQY,0
IVTDFSVIK,NSASDYIRSNMDKAENMGGGSQGNLISGHTAFQGNSAASSLEGGTTPFYEQY,NSASDY,IRSNMDK,AENMGGGSQGNLI,SGHTA,FQGNSA,ASSLEGGTTPFYEQY,0
KLGGALQAK,DRGSQSIYSNGDAVSGDKIIMNHEYSVGAGIASSSGSPGSYGYT,DRGSQS,IYSNGD,AVSGDKII,MNHEY,SVGAGI,ASSSGSPGSYGYT,0
KLGGALQAK,SVFSSVVTGGEVAGPSGANNLFLNHDASQIVNDASSSRASYEQY,SVFSS,VVTGGEV,AGPSGANNLF,LNHDA,SQIVND,ASSSRASYEQY,0
RAKFKQLL,TSENNYYQEAYKQQNAFMKGAGGTSYGKLTMDHENSYDVKMASSNGDRETQPQH,TSENNYY,QEAYKQQN,AFMKGAGGTSYGKLT,MDHEN,SYDVKM,ASSNGDRETQPQH,0
RAKFKQLL,TISGNEYGLKNNIVRVRGGSNYKLTSGHDNFVKESKASSQLLAGGFSQTDTQY,TISGNEY,GLKNN,IVRVRGGSNYKLT,SGHDN,FVKESK,ASSQLLAGGFSQTDTQY,0
SPRWYFYYL,DSASNYIRSNVGEAAQPPTGNQFYSGHATFQNNGVASSFLTGQGETQY,DSASNY,IRSNVGE,AAQPPTGNQFY,SGHAT,FQNNGV,ASSFLTGQGETQY,0
ELAGIGILTV,DSASNYIRSNVGEAAQPPTGNQFYSGHATFQNNGVASSFLTGQGETQY,DSASNY,IRSNVGE,AAQPPTGNQFY,SGHAT,FQNNGV,ASSFLTGQGETQY,0
NLVPMVATV,TRDTTYYRNSFDEQNALSEANQAGTALILGHNAYSLEERASSQERGGKWAYEQY,TRDTTYY,RNSFDEQN,ALSEANQAGTALI,LGHNA,YSLEER,ASSQERGGKWAYEQY,1
AVFDRKSDAK,TISGTDYGLTSNILGSNDYKLSSQVTMANQGSEASPGTDLYEQY,TISGTDY,GLTSN,ILGSNDYKLS,SQVTM,ANQGSEA,SPGTDLYEQY,0
RAKFKQLL,TSINNIRSNEREATPLDSWGKLQLGHDTYNNKELASSHRTTYNEQF,TSINN,IRSNERE,ATPLDSWGKLQ,LGHDT,YNNKEL,ASSHRTTYNEQF,0
GILGFVFTL,TSGFNGNVLDGLAEDQGGKLILNHDASQIVNDATGTGDSNQPQH,TSGFNG,NVLDGL,AEDQGGKLI,LNHDA,SQIVND,ATGTGDSNQPQH,0
RAKFKQLL,TTLSNLVKSGEVAGNYGGSQGNLISGHDTYYEEEEASSLRDGSEAF,TTLSN,LVKSGEV,AGNYGGSQGNLI,SGHDT,YYEEEE,ASSLRDGSEAF,1
ELAGIGILTV,DSSSTYIFSNMDMAEIHARLMDFQATTSNEGSKASARDGNREWLH,DSSSTY,IFSNMDM,AEIHARLM,DFQATT,SNEGSKA,SARDGNREWLH,0
KLGGALQAK,TRDTTYYRNSFDEQNALSEARDQFYMNHNSSASEGTASSVSAGTDTQY,TRDTTYY,RNSFDEQN,ALSEARDQFY,MNHNS,SASEGT,ASSVSAGTDTQY,0
RFPLTFGWCF,TRDTTYYRNSFDEQNALSGPGTSFLGSARQLTSGHDTYYEEEEASSLRDGSEAF,TRDTTYY,RNSFDEQN,ALSGPGTSFLGSARQLT,SGHDT,YYEEEE,ASSLRDGSEAF,0
RPPIFIRRL,DRGSQSIYSNGDAVPGGGGSQGNLILNHDASQIVNDASSMRSTNEQF,DRGSQS,IYSNGD,AVPGGGGSQGNLI,LNHDA,SQIVND,ASSMRSTNEQF,0
ATDALMTGF,DSSSTYIFSNMDMAESGGSQGNLIMGHRAYSYEKLASSQAENTEAF,DSSSTY,IFSNMDM,AESGGSQGNLI,MGHRA,YSYEKL,ASSQAENTEAF,0
LLWNGPMAV,NSMFDYISSIKDKAARANTDKLILNHNVYYDKDFATSRESGNGKLF,NSMFDY,ISSIKDK,AARANTDKLI,LNHNV,YYDKDF,ATSRESGNGKLF,1
GPRLGVRAT,YGGTVNYFSGDPLVAVTGGFKTISGHATFQNNGVASSLYNEQF,YGGTVN,YFSGDPLV,AVTGGFKTI,SGHAT,FQNNGV,ASSLYNEQF,1
KLGGALQAK,VSGNPYYITGDNLVAPPRGSSNTGKLISGHDTYYEEEEASSLGRAVIWGYT,VSGNPY,YITGDNLV,APPRGSSNTGKLI,SGHDT,YYEEEE,ASSLGRAVIWGYT,0
KLGGALQAK,DRGSQSIYSNGDAVDDKIISGHRSYFSETQASSPDRGLAGELF,DRGSQS,IYSNGD,AVDDKII,SGHRS,YFSETQ,ASSPDRGLAGELF,0
GLCTLVAML,DSSSTYIFSNMDMAEYSSAFKIISGHDNFVKESKASSQSPGGTQY,DSSSTY,IFSNMDM,AEYSSAFKII,SGHDN,FVKESK,ASSQSPGGTQY,1
GLCTLVAML,TSGFYGNALDGLAVRDQDYGQNFVSGHDTYYEEEEASRDRGVGSPLH,TSGFYG,NALDGL,AVRDQDYGQNFV,SGHDT,YYEEEE,ASRDRGVGSPLH,0
KSKRTPMGF,SVFSSVVTGGEVWGDRKTRNSYSGHVSFQNEAQASSLGATWTSNTEAF,SVFSS,VVTGGEV,WGDRKTRNSY,SGHVS,FQNEAQ,ASSLGATWTSNTEAF,1
ELAGIGILTV,DSASNYIRSNVGEAAPYSGGSNYKLTSGHTAFQGTGAASSLVGTGELF,DSASNY,IRSNVGE,AAPYSGGSNYKLT,SGHTA,FQGTGA,ASSLVGTGELF,0
RAKFKQLL,SSNFYAMTLNGDEASPEIKTGPARKLTLNHDASQIVNDASPPLGGGYNEQF,SSNFYA,MTLNGDE,ASPEIKTGPARKLT,LNHDA,SQIVND,ASPPLGGGYNEQF,0
SPRWYFYYL,VGISALSSGKAVAGSGGSNYKLTSGHRSYFSETQASSLEASGPYNEQF,VGISA,LSSGK,AVAGSGGSNYKLT,SGHRS,YFSETQ,ASSLEASGPYNEQF,0
KSKRTPMGF,SVFSSVVTGGEVAGGGFADYGGSQGNLILNHDASQIVNDASSLYSNQPQH,SVFSS,VVTGGEV,AGGGFADYGGSQGNLI,LNHDA,SQIVND,ASSLYSNQPQH,0
GPRLGVRAT,DSSSTYIFSNMDMAESIGKLISQVTMANQGSEASVGAGGTNEKLF,DSSSTY,IFSNMDM,AESIGKLI,SQVTM,ANQGSEA,SVGAGGTNEKLF,0
AVFDRKSDAK,TSGFNGNVLDGLAGMDSNYQLIMNHNSSASEGTASGGSTGTNEKLF,TSGFNG,NVLDGL,AGMDSNYQLI,MNHNS,SASEGT,ASGGSTGTNEKLF,1
FEDLRLLSF,TISGNEYGLKNNITGGGADGLTLNHNVYYDKDFATSRDRLGRGKGTEAF,TISGNEY,GLKNN,ITGGGADGLT,LNHNV,YYDKDF,ATSRDRLGRGKGTEAF,0
NLVPMVATV,SSVPPYYTSAATLVAVSETYSSASKIILGHNAYSLEERASSQGSSAAYGYT,SSVPPY,YTSAATLV,AVSETYSSASKII,LGHNA,YSLEER,ASSQGSSAAYGYT,0
RAKFKQLL,TTLSNLVKSGEVAGPVYDYKLSSGHVSFQNEAQASSLSGTGDYEQY,TTLSN,LVKSGEV,AGPVYDYKLS,SGHVS,FQNEAQ,ASSLSGTGDYEQY,0
GLCTLVAML,DRGSQSIYSNGDAVGIGFGNVLHMNHEYSMNVEVASSFGQGLSEQF,DRGSQS,IYSNGD,AVGIGFGNVLH,MNHEY,SMNVEV,ASSFGQGLSEQF,0
CINGVCWTV,TRDTTYYRNSFDEQNALTGANSKLTLGHNAYSLEERASSQDRVGGGNEQF,TRDTTYY,RNSFDEQN,ALTGANSKLT,LGHNA,YSLEER,ASSQDRVGGGNEQF,0
GILGFVFTL,VSPFSNMTFSENTVGYTNAGKSTKGHSHLQKENIASSPPGGGNTGELF,VSPFSN,MTFSENT,VGYTNAGKST,KGHSH,LQKENI,ASSPPGGGNTGELF,0
GILGFVFTL,DRGSQSIYSNGDAVNADYGGATNKLIMNHEYSMNVEVASSPPQFTEAF,DRGSQS,IYSNGD,AVNADYGGATNKLI,MNHEY,SMNVEV,ASSPPQFTEAF,0
KLGGALQAK,DSASNYIRSNVGEAASETSYDKVIDFQATTSNEGSKASARALPVGNTIY,DSASNY,IRSNVGE,AASETSYDKVI,DFQATT,SNEGSKA,SARALPVGNTIY,0
AVFDRKSDAK,SSVPPYYTSAATLVAVIGGYQKVTDFQATTSNEGSKASAGQGSNEKLF,SSVPPY,YTSAATLV,AVIGGYQKVT,DFQATT,SNEGSKA,SAGQGSNEKLF,0
GILGFVFTL,NSASQSVYSSGVVNMAGGGNKLTMGHDKSYGVNSASSGKDSFYEQY,NSASQS,VYSSG,VVNMAGGGNKLT,MGHDK,SYGVNS,ASSGKDSFYEQY,0
KLGGALQAK,TRDTTYYRNSFDEQNALSPRPGRRALTMNHEYSVGAGIASSFGQNTGELF,TRDTTYY,RNSFDEQN,ALSPRPGRRALT,MNHEY,SVGAGI,ASSFGQNTGELF,0
SPRWYFYYL,NSASQSVYSSGVVGNYGQNFVLGHNAYSLEERASSQVLSGELF,NSASQS,VYSSG,VVGNYGQNFV,LGHNA,YSLEER,ASSQVLSGELF,0
AVFDRKSDAK,SVFSSVVTGGEVAGVGVNTGKLIMNHNYSVGAGIASSPFFRNSASTDTQY,SVFSS,VVTGGEV,AGVGVNTGKLI,MNHNY,SVGAGI,ASSPFFRNSASTDTQY,1
KSKRTPMGF,DRGSQSIYSNGDASVGMDSSYKLISGHNSFNNNVPASSFSGNTGELF,DRGSQS,IYSNGD,ASVGMDSSYKLI,SGHNS,FNNNVP,ASSFSGNTGELF,0
RAKFKQLL,SSVPPYYTSAATLVAVRNLDVDGGATNKLISGHDNFVKESKASSQVLGDTQY,SSVPPY,YTSAATLV,AVRNLDVDGGATNKLI,SGHDN,FVKESK,ASSQVLGDTQY,0
RAKFKQLL,SVFSSVVTGGEVWGDRKTRNSYSGHVSFQNEAQASSLGATWTSNTEAF,SVFSS,VVTGGEV,WGDRKTRNSY,SGHVS,FQNEAQ,ASSLGATWTSNTEAF,0
NLVPMVATV,TRDTTYYRNSFDEQNALSVNYGQNFVSNHLYFYNNEIARRQGNEKLF,TRDTTYY,RNSFDEQN,ALSVNYGQNFV,SNHLY,FYNNEI,ARRQGNEKLF,0
AVFDRKSDAK,TTLSNLVKSGEVAGPQDGGSQGNLILNHDASQIVNDASSYYSNQPQH,TTLSN,LVKSGEV,AGPQDGGSQGNLI,LNHDA,SQIVND,ASSYYSNQPQH,0
GLCTLVAML,DRGSQSIYSNGDAVNRGYGGSQGNLILNHDASQIVNDASSMRASVEQY,DRGSQS,IYSNGD,AVNRGYGGSQGNLI,LNHDA,SQIVND,ASSMRASVEQY,0
AVFDRKSDAK,DRGSQSIYSNGDAVKGGGADGLTLGHNAYSLEERASSQVEGLETQY,DRGSQS,IYSNGD,AVKGGGADGLT,LGHNA,YSLEER,ASSQVEGLETQY,0
RAKFKQLL,TRDTTYYRNSFDEQNALSGPGTSFLGSARQLTSGHDTYYEEEEASSLRDGSEAF,TRDTTYY,RNSFDEQN,ALSGPGTSFLGSARQLT,SGHDT,YYEEEE,ASSLRDGSEAF,0
AVFDRKSDAK,DSSSTYIFSNMDMAEMEGGSYIPTLGHNAYNFKEQASSQEWLAVSTDTQY,DSSSTY,IFSNMDM,AEMEGGSYIPT,LGHNA,YNFKEQ,ASSQEWLAVSTDTQY,0
IVTDFSVIK,SSVPPYYTSAATLVAVSAGGGFKTIKGHSHLQKENIASSEDDFTGTDTQY,SSVPPY,YTSAATLV,AVSAGGGFKTI,KGHSH,LQKENI,ASSEDDFTGTDTQY,0
CTELKLSDY,DSSSTYIFSNMDMAEWGNTGRRALTSEHNRFQNEAQASSFIDNEQF,DSSSTY,IFSNMDM,AEWGNTGRRALT,SEHNR,FQNEAQ,ASSFIDNEQF,0
RAKFKQLL,TRDTTYYRNSFDEQNALKMNAGGTSYGKLTLGHNAYSLEERASSRADLSHEQF,TRDTTYY,RNSFDEQN,ALKMNAGGTSYGKLT,LGHNA,YSLEER,ASSRADLSHEQF,0
KLGGALQAK,DRGSQSIYSNGDAGQGGKLIDFQATTSNEGSKASAALGLGEKLF,DRGSQS,IYSNGD,AGQGGKLI,DFQATT,SNEGSKA,SAALGLGEKLF,0
KLGGALQAK,SSVPPYYTSAATLVAVSERLWDDKIILGHNTFRNRAPASGLDSSSGNTIY,SSVPPY,YTSAATLV,AVSERLWDDKII,LGHNT,FRNRAP,ASGLDSSSGNTIY,0
KLGGALQAK,TSENNYYQEAYKQQNAFMPPYNTDKLISGHNSFNNNVPASSFSGNTGELF,TSENNYY,QEAYKQQN,AFMPPYNTDKLI,SGHNS,FNNNVP,ASSFSGNTGELF,0
AVFDRKSDAK,DSASNYIRSNVGEAAENNNDMRSGHVSFNYEAQASSLGTSYEQY,DSASNY,IRSNVGE,AAENNNDMR,SGHVS,FNYEAQ,ASSLGTSYEQY,0
DATYQRTRALVR,DRGSQSIYSNGDAVPGGGGSQGNLILNHDASQIVNDASSMRSTNEQF,DRGSQS,IYSNGD,AVPGGGGSQGNLI,LNHDA,SQIVND,ASSMRSTNEQF,0
RAKFKQLL,DRGSQSIYSNGDAVSGGYQKVTSGHTAFQGTGAASSDLSGELF,DRGSQS,IYSNGD,AVSGGYQKVT,SGHTA,FQGTGA,ASSDLSGELF,0
AVFDRKSDAK,YGGTVNYFSGDPLVAVKGVNFGNEKLTSGHTAFQGNSAASNWGGRGNTGELF,YGGTVN,YFSGDPLV,AVKGVNFGNEKLT,SGHTA,FQGNSA,ASNWGGRGNTGELF,0
AVFDRKSDAK,TSINNIRSNEREAPEIQGAQKLVMNHNYSVGAGIASENRNTGELF,TSINN,IRSNERE,APEIQGAQKLV,MNHNY,SVGAGI,ASENRNTGELF,0
SPRWYFYYL,NIATNDYGYKTKLVGVPSGGYNKLIGTSNPNSVGIGAWSPITSNYGYT,NIATNDY,GYKTK,LVGVPSGGYNKLI,GTSNPN,SVGIG,AWSPITSNYGYT,1
RPPIFIRRL,DSVNNIPSGTAVDHLMNYGGSQGNLILNHDASQIVNDASSTYSQDTQY,DSVNN,IPSGT,AVDHLMNYGGSQGNLI,LNHDA,SQIVND,ASSTYSQDTQY,0
KSKRTPMGF,DSVNNIPSGTAGSPSNTGKLILNHDASQIVNDASSIHSGNQPQH,DSVNN,IPSGT,AGSPSNTGKLI,LNHDA,SQIVND,ASSIHSGNQPQH,0
LLWNGPMAV,DSASNYIRSNVGEAARETSYDKVISGHNSFNNNVPASSFSLDKPTNTGELF,DSASNY,IRSNVGE,AARETSYDKVI,SGHNS,FNNNVP,ASSFSLDKPTNTGELF,0
YLQPRTFLL,SVFSSVVTGGEVSGTPGLPRDDKIIMGHRAYSYEKLASSYDRGPREGYT,SVFSS,VVTGGEV,SGTPGLPRDDKII,MGHRA,YSYEKL,ASSYDRGPREGYT,0
KLGGALQAK,DRGSQSIYSNGDASVGMDSSYKLISGHNSFNNNVPASSFSGNTGELF,DRGSQS,IYSNGD,ASVGMDSSYKLI,SGHNS,FNNNVP,ASSFSGNTGELF,0
KLGGALQAK,TISGTDYGLTSNILSNNNDMRDFQATTSNEGSKASAPPAGEYSNQPQH,TISGTDY,GLTSN,ILSNNNDMR,DFQATT,SNEGSKA,SAPPAGEYSNQPQH,0
CINGVCWTV,DRGSQSIYSNGDAVLGFGNVLHSGHNSFNNNVPASSPTGF,DRGSQS,IYSNGD,AVLGFGNVLH,SGHNS,FNNNVP,ASSPTGF,0
RAKFKQLL,DRGSQSIYSNGDAVNAGNMLTLNHNVYYDKDFATSRGQGNEQY,DRGSQS,IYSNGD,AVNAGNMLT,LNHNV,YYDKDF,ATSRGQGNEQY,0
AVFDRKSDAK,TRDTTYYRNSFDEQNALITALNNAGNMLTSGHDTYYEEEEASSSQGWGRVYSEQF,TRDTTYY,RNSFDEQN,ALITALNNAGNMLT,SGHDT,YYEEEE,ASSSQGWGRVYSEQF,0
ELAGIGILTV,KTLYGLQKGGEEGAPTSSNTGKLIMNHEYSMNVEVASSPSGVWRDETQY,KTLYG,LQKGGEE,GAPTSSNTGKLI,MNHEY,SMNVEV,ASSPSGVWRDETQY,0
LLWNGPMAV,NSMFDYISSIKDKAASARYGGSQGNLIMNHEYSMNVEVASSGQGYNSPLH,NSMFDY,ISSIKDK,AASARYGGSQGNLI,MNHEY,SMNVEV,ASSGQGYNSPLH,0
AVFDRKSDAK,DRGSQSIYSNGDAVTPSNTGKLILNHDASQIVNDASSTRAGGVGQF,DRGSQS,IYSNGD,AVTPSNTGKLI,LNHDA,SQIVND,ASSTRAGGVGQF,0
AVFDRKSDAK,VSGLRGLYSAGEEAVQALRAAGNKLTSGHRSYFSETQASRGSSSISGANVLT,VSGLRG,LYSAGEE,AVQALRAAGNKLT,SGHRS,YFSETQ,ASRGSSSISGANVLT,1
KLGGALQAK,TSGFNGNVLDGLAVRSTWDPMIKAAGNKLTKGHSHLQKENIASSEDRTYEQY,TSGFNG,NVLDGL,AVRSTWDPMIKAAGNKLT,KGHSH,LQKENI,ASSEDRTYEQY,1
IVTDFSVIK,SVFSSVVTGGEVAGGEAGNMLTMDHENSYDVKMASLGIPYEQY,SVFSS,VVTGGEV,AGGEAGNMLT,MDHEN,SYDVKM,ASLGIPYEQY,0
AVFDRKSDAK,TSGFYGNALDGLAVRDQDYGQNFVSGHDTYYEEEEASRDRGVGSPLH,TSGFYG,NALDGL,AVRDQDYGQNFV,SGHDT,YYEEEE,ASRDRGVGSPLH,0
NLVPMVATV,DSSSTYIFSNMDMADHGGATNKLIMGHRAYSYEKLASSTGAGVNEQY,DSSSTY,IFSNMDM,ADHGGATNKLI,MGHRA,YSYEKL,ASSTGAGVNEQY,0
ELAGIGILTV,DRGSQSIYSNGDAVPSGNTPLVSGHDYFNNNVPASSLAAGGVDEQF,DRGSQS,IYSNGD,AVPSGNTPLV,SGHDY,FNNNVP,ASSLAAGGVDEQF,1
GLCTLVAML,DSASNYIRSNVGEAAQGSQGNLILNHDASQIVNDASSTFGANVLT,DSASNY,IRSNVGE,AAQGSQGNLI,LNHDA,SQIVND,ASSTFGANVLT,0
GILGFVFTL,DSASNYIRSNVGEAASEGAPDKLISGHDYFNNNVPASSLVAGASNQPQH,DSASNY,IRSNVGE,AASEGAPDKLI,SGHDY,FNNNVP,ASSLVAGASNQPQH,0
GILGFVFTL,TISGTDYGLTSNILRPMEYGNKLVSEHNRFQNEAQASSYIAGVKYEQY,TISGTDY,GLTSN,ILRPMEYGNKLV,SEHNR,FQNEAQ,ASSYIAGVKYEQY,0
RAKFKQLL,VSNAYNGSKPAVEGSSGSARQLTMNHEYSMNVEVASSSDGNEQF,VSNAYN,GSKP,AVEGSSGSARQLT,MNHEY,SMNVEV,ASSSDGNEQF,0
CINGVCWTV,DSASNYIRSNVGEAAMETSYDKVIKGHSHLQKENIASSPRKDSTGELF,DSASNY,IRSNVGE,AAMETSYDKVI,KGHSH,LQKENI,ASSPRKDSTGELF,0
RAKFKQLL,NIATNDYGYKTKLVGDMAGGFKTISGHNTYYREEEASSWTQGDEQY,NIATNDY,GYKTK,LVGDMAGGFKTI,SGHNT,YYREEE,ASSWTQGDEQY,0
RAKFKQLL,NIATNDYGYKTKLVGAANQAGTALISGHATFQNNGVASSLEASGSWGELF,NIATNDY,GYKTK,LVGAANQAGTALI,SGHAT,FQNNGV,ASSLEASGSWGELF,0
AVFDRKSDAK,DRGSQSIYSNGDAGDSGGGSQGNLILNHDASQIVNDASSIRSNTEAF,DRGSQS,IYSNGD,AGDSGGGSQGNLI,LNHDA,SQIVND,ASSIRSNTEAF,0
AVFDRKSDAK,DRGSQSIYSNGDAVSGYSTLTMNHEYSVGAGIASSAQGAYGYT,DRGSQS,IYSNGD,AVSGYSTLT,MNHEY,SVGAGI,ASSAQGAYGYT,0
CINGVCWTV,TISGTDYGLTSNILRGNQFYSGHRSYFSETQASSPSLLEGNSYEQY,TISGTDY,GLTSN,ILRGNQFY,SGHRS,YFSETQ,ASSPSLLEGNSYEQY,0
GILGFVFTL,TSINNIRSNEREATDENNNDMRSGHATFQDESVASSLAAVSGPHTDTQY,TSINN,IRSNERE,ATDENNNDMR,SGHAT,FQDESV,ASSLAAVSGPHTDTQY,0
LLWNGPMAV,DRGSQSIYSNGDAVNNNAGNMLTFGSEHNRFQNEAQASSLAQGWGAFFG,DRGSQS,IYSNGD,AVNNNAGNMLTFG,SEHNR,FQNEAQ,ASSLAQGWGAFFG,0
RAKFKQLL,DRGSQSIYSNGDAMNPAWGGATNKLISGHATFQNNGVASSLNRGDPEAF,DRGSQS,IYSNGD,AMNPAWGGATNKLI,SGHAT,FQNNGV,ASSLNRGDPEAF,0
ELAGIGILTV,TTLSNLVKSGEVAGGGGAGSYQLTLNHDASQIVNDASSIRSSYEQY,TTLSN,LVKSGEV,AGGGGAGSYQLT,LNHDA,SQIVND,ASSIRSSYEQY,0
RPPIFIRRL,VGISALSSGKAVRVLMEYGNKLVMNHEYSVGEGTASSPGLASPYSYNEQF,VGISA,LSSGK,AVRVLMEYGNKLV,MNHEY,SVGEGT,ASSPGLASPYSYNEQF,0
RAKFKQLL,DSSSTYIFSNMDMAEFGSGNTGKLILNHDASQIVNDASRLGAGYT,DSSSTY,IFSNMDM,AEFGSGNTGKLI,LNHDA,SQIVND,ASRLGAGYT,0
NLVPMVATV,TSGFNGNVLDGLAVRGSGGYNKLISNHLYFYNNEIASHATGAYGYT,TSGFNG,NVLDGL,AVRGSGGYNKLI,SNHLY,FYNNEI,ASHATGAYGYT,0
AVFDRKSDAK,TSGFNGNVLDGLAVENQGGKLIKGHTFFQNEQVASSQSPGAGGTEAF,TSGFNG,NVLDGL,AVENQGGKLI,KGHTF,FQNEQV,ASSQSPGAGGTEAF,0
HPVTKYIM,KTLYGLQKGGEEGAGRVDDMRSGHATFQNNGVASSWGGGSHYGYT,KTLYG,LQKGGEE,GAGRVDDMR,SGHAT,FQNNGV,ASSWGGGSHYGYT,0
GILGFVFTL,DRGSQSIYSNGDAVPLAGTGRRALTLNHDASQIVNDASSILGVSTDTQY,DRGSQS,IYSNGD,AVPLAGTGRRALT,LNHDA,SQIVND,ASSILGVSTDTQY,0
AVFDRKSDAK,DRGSQSIYSNGDAASGGTYKYIDFQATTSNEGSKASARSQGDSSFNSPLH,DRGSQS,IYSNGD,AASGGTYKYI,DFQATT,SNEGSKA,SARSQGDSSFNSPLH,0
KLGGALQAK,SVFSSVVTGGEVAGGLGGGSQGNLILNHDASQIVNDASSIRAAYEQY,SVFSS,VVTGGEV,AGGLGGGSQGNLI,LNHDA,SQIVND,ASSIRAAYEQY,0
RFPLTFGWCF,ATGYPSATKADDKAQKGGGSNYKLTKGHSHLQKENIASSPQGYEQY,ATGYPS,ATKADDK,AQKGGGSNYKLT,KGHSH,LQKENI,ASSPQGYEQY,1
AVFDRKSDAK,SSYSPSYTSAATLVVVSDLGYKLSLNHDASQIVNDASSIRSSYEQY,SSYSPS,YTSAATLV,VVSDLGYKLS,LNHDA,SQIVND,ASSIRSSYEQY,0
AVFDRKSDAK,YGGTVNYFSGDPLVALNTGGFKTIMNHEYSMNVEVASSLFPDNYGYT,YGGTVN,YFSGDPLV,ALNTGGFKTI,MNHEY,SMNVEV,ASSLFPDNYGYT,0
RAKFKQLL,TSESDYYQEAYKQQNADFGNEKLTDFQATTSNEGSKASAREWAWEETQY,TSESDYY,QEAYKQQN,ADFGNEKLT,DFQATT,SNEGSKA,SAREWAWEETQY,0
LLWNGPMAV,TTSDRLLSNGAVAVAILTGGGNKLTLGHNAYNFKEQASKPGQGGYEQY,TTSDR,LLSNGAV,AVAILTGGGNKLT,LGHNA,YNFKEQ,ASKPGQGGYEQY,0
RAKFKQLL,TTLSNLVKSGEVAGRRGAGKSTSGHDTYYEEEEASSAYAGLAGVRETQY,TTLSN,LVKSGEV,AGRRGAGKST,SGHDT,YYEEEE,ASSAYAGLAGVRETQY,0
AVFDRKSDAK,DSSSTYIFSNMDMAEILDFGNEKLTDFQATTSNEGSKASARDPSGVKLF,DSSSTY,IFSNMDM,AEILDFGNEKLT,DFQATT,SNEGSKA,SARDPSGVKLF,0
RAKFKQLL,DSASNYIRSNVGEAASETSYDKVISGHNSFNNNVPASQPHGTGDHEQY,DSASNY,IRSNVGE,AASETSYDKVI,SGHNS,FNNNVP,ASQPHGTGDHEQY,1
GILGFVFTL,DRGSQSIYSNGDAASGGTYKYIDFQATTSNEGSKASARSQGDSSFNSPLH,DRGSQS,IYSNGD,AASGGTYKYI,DFQATT,SNEGSKA,SARSQGDSSFNSPLH,0
LLWNGPMAV,DSAIYNIQSSQREAGRGSARQLTMGHRAYSYEKLASSQDRGQGGSYEQY,DSAIYN,IQSSQRE,AGRGSARQLT,MGHRA,YSYEKL,ASSQDRGQGGSYEQY,0
DATYQRTRALVR,DRGSQSIYSNGDAVSGQKLLDFQATTSNEGSKASASDNMVGAYEQY,DRGSQS,IYSNGD,AVSGQKLL,DFQATT,SNEGSKA,SASDNMVGAYEQY,0
DATYQRTRALVR,YGATPYYFSGDTLVAVTRDDKIILNHDASQIVNDASSIYSNQPQH,YGATPY,YFSGDTLV,AVTRDDKII,LNHDA,SQIVND,ASSIYSNQPQH,0
GLCTLVAML,NSMFDYISSIKDKAASADPKAGNTPLVMNHEYSMNVEVASGPLRGGNQPQH,NSMFDY,ISSIKDK,AASADPKAGNTPLV,MNHEY,SMNVEV,ASGPLRGGNQPQH,0
GILGFVFTL,SIFNTLYKAGELAGQLAGGSQGNLILNHDASQIVNDASSISSINEQF,SIFNT,LYKAGEL,AGQLAGGSQGNLI,LNHDA,SQIVND,ASSISSINEQF,1
AVFDRKSDAK,SIFNTLYKAGELAGGGYGGSQGNLILNHDASQIVNDASSIRSDTEAF,SIFNT,LYKAGEL,AGGGYGGSQGNLI,LNHDA,SQIVND,ASSIRSDTEAF,0
RAKFKQLL,SSYSPSYTSAATLVVVSVYSGGGADGLTMNHEYSVGAGIASSYRPGQYTEAF,SSYSPS,YTSAATLV,VVSVYSGGGADGLT,MNHEY,SVGAGI,ASSYRPGQYTEAF,0
IVTDFSVIK,VSGLRGLYSAGEEAGGGSQGNLIMNHEYSMNVEVASSGSPYNEQF,VSGLRG,LYSAGEE,AGGGSQGNLI,MNHEY,SMNVEV,ASSGSPYNEQF,0
ATDALMTGF,DSAIYNIQSSQREAVRRRGSQGNLISEHNRFQNEAQASSLEGQLNEQF,DSAIYN,IQSSQRE,AVRRRGSQGNLI,SEHNR,FQNEAQ,ASSLEGQLNEQF,1
KLGGALQAK,DSSSTYIFSNMDMAETLAPGGSYIPTDFQATTSNEGSKASALGGTQY,DSSSTY,IFSNMDM,AETLAPGGSYIPT,DFQATT,SNEGSKA,SALGGTQY,0
RAKFKQLL,KTLYGLQKGGEEGADGGDSSYKLISEHNRFQNEAQASSLAGDEQF,KTLYG,LQKGGEE,GADGGDSSYKLI,SEHNR,FQNEAQ,ASSLAGDEQF,0
DATYQRTRALVR,SVFSSVVTGGEVAGVGVNTGKLIMNHNYSVGAGIASSPFFRNSASTDTQY,SVFSS,VVTGGEV,AGVGVNTGKLI,MNHNY,SVGAGI,ASSPFFRNSASTDTQY,0
KLGGALQAK,NSASDYIRSNMDKAETWNNFNKFYSGHDTYYEEEEASSLGPITGLPYNEQF,NSASDY,IRSNMDK,AETWNNFNKFY,SGHDT,YYEEEE,ASSLGPITGLPYNEQF,0
RPPIFIRRL,TSENNYYQEAYKQQNAFMLGAGGTSYGKLTSGHVSFNYEAQASSFLTGNTEAF,TSENNYY,QEAYKQQN,AFMLGAGGTSYGKLT,SGHVS,FNYEAQ,ASSFLTGNTEAF,0
KLGGALQAK,DRGSQSIYSNGDAFSGYALNMNHEYSVGEGTASSYTGTGSQPQH,DRGSQS,IYSNGD,AFSGYALN,MNHEY,SVGEGT,ASSYTGTGSQPQH,0
ELAGIGILTV,TISGTDYGLTSNILGSNDYKLSSQVTMANQGSEASPGTDLYEQY,TISGTDY,GLTSN,ILGSNDYKLS,SQVTM,ANQGSEA,SPGTDLYEQY,0
GILGFVFTL,SSYSPSYTSAATLVVVTSYGGATNKLIMNHNSSASEGTASSLPGLAIPYEQY,SSYSPS,YTSAATLV,VVTSYGGATNKLI,MNHNS,SASEGT,ASSLPGLAIPYEQY,0
KLGGALQAK,DSASNYIRSNVGEAARETSYDKVISEHNRFQNEAQASSLVGTKRETQY,DSASNY,IRSNVGE,AARETSYDKVI,SEHNR,FQNEAQ,ASSLVGTKRETQY,0
RAKFKQLL,VSGNPYYITGDNLVAVFFGFGNVLHMNHEYSMNVEVASSPTGGSPSPLHFG,VSGNPY,YITGDNLV,AVFFGFGNVLH,MNHEY,SMNVEV,ASSPTGGSPSPLHFG,0
AVFDRKSDAK,TSINNIRSNEREASTGTASKLTSGDLSYYNGEEASSVGTSDTDTQY,TSINN,IRSNERE,ASTGTASKLT,SGDLS,YYNGEE,ASSVGTSDTDTQY,0
IVTDFSVIK,SVFSSVVTGGEVAGCHGSGNTGKLILNHDASQIVNDASSSRSAYEQY,SVFSS,VVTGGEV,AGCHGSGNTGKLI,LNHDA,SQIVND,ASSSRSAYEQY,0
GILGFVFTL,SVFSSVVTGGEVAGAGGGGSQGNLIMNHNSSASEGTASSQHGTSNEQF,SVFSS,VVTGGEV,AGAGGGGSQGNLI,MNHNS,SASEGT,ASSQHGTSNEQF,1
RAKFKQLL,DRGSQSIYSNGDAVPGGGGSQGNLILNHDASQIVNDASSMRSTNEQF,DRGSQS,IYSNGD,AVPGGGGSQGNLI,LNHDA,SQIVND,ASSMRSTNEQF,0
AVFDRKSDAK,TTSDRLLSNGAVAVDRLDTDKLIMGHRAYSYEKLASSQQETYEQY,TTSDR,LLSNGAV,AVDRLDTDKLI,MGHRA,YSYEKL,ASSQQETYEQY,0
KSKRTPMGF,DSAIYNIQSSQREATLNAGGTSYGKLTKGHDRSFDVKDATSDLRDRGYEQY,DSAIYN,IQSSQRE,ATLNAGGTSYGKLT,KGHDR,SFDVKD,ATSDLRDRGYEQY,0
RAKFKQLL,YGATPYYFSGDTLVAVGAASGAGSYQLTDFQATTSNEGSKASAKPPRLAGVGAGELF,YGATPY,YFSGDTLV,AVGAASGAGSYQLT,DFQATT,SNEGSKA,SAKPPRLAGVGAGELF,0
RAKFKQLL,VSNAYNGSKPAVEDLKTGANNLFMGHRAYSYEKLASSLLWAEYNEQF,VSNAYN,GSKP,AVEDLKTGANNLF,MGHRA,YSYEKL,ASSLLWAEYNEQF,1
GILGFVFTL,DSSSTYIFSNMDMAERASNNDMRSGHTAFQGNSAASSPPGLVGGELF,DSSSTY,IFSNMDM,AERASNNDMR,SGHTA,FQGNSA,ASSPPGLVGGELF,0
RAKFKQLL,VSGLRGLYSAGEEAVQRSDGQKLLMGHRAYSYEKLASSQEAQGETQY,VSGLRG,LYSAGEE,AVQRSDGQKLL,MGHRA,YSYEKL,ASSQEAQGETQY,0
RAKFKQLL,TSGFNGNVLDGLAGMDSNYQLIMNHNSSASEGTASGGSTGTNEKLF,TSGFNG,NVLDGL,AGMDSNYQLI,MNHNS,SASEGT,ASGGSTGTNEKLF,0
AVFDRKSDAK,DRGSQSIYSNGDAVNQGGKLIMDHENSYDVKMASTTSGLSTDTQY,DRGSQS,IYSNGD,AVNQGGKLI,MDHEN,SYDVKM,ASTTSGLSTDTQY,0
GILGFVFTL,KALYSLLKGGEQGTPGEYGNKLVLGHDTYNNKELASSYSGGAGELF,KALYS,LLKGGEQ,GTPGEYGNKLV,LGHDT,YNNKEL,ASSYSGGAGELF,0
RFPLTFGWCF,YGATPYYFSGDTLVAVGRPDTSGTYKYIDFQATTSNEGSKASAYSTGQGIYEQY,YGATPY,YFSGDTLV,AVGRPDTSGTYKYI,DFQATT,SNEGSKA,SAYSTGQGIYEQY,1
GILGFVFTL,TSENNYYQEAYKQQNAFMKRNAGNMLTSGHDTYYEEEEASSLRDGSEAF,TSENNYY,QEAYKQQN,AFMKRNAGNMLT,SGHDT,YYEEEE,ASSLRDGSEAF,0
KLGGALQAK,VGISALSSGKAVRKFGNEKLTLNHDASHIVNDASSIGLYGYT,VGISA,LSSGK,AVRKFGNEKLT,LNHDA,SHIVND,ASSIGLYGYT,0
LLWNGPMAV,NSASQSVYSSGVVNNGDKLISGHVSFNYEAQASSPGTTLAKNIQY,NSASQS,VYSSG,VVNNGDKLI,SGHVS,FNYEAQ,ASSPGTTLAKNIQY,0
RAKFKQLL,YGATPYYFSGDTLVAVGAPERTSGTYKYIPRHDTFYEKMQASSPGTAAGLTYEQY,YGATPY,YFSGDTLV,AVGAPERTSGTYKYI,PRHDT,FYEKMQ,ASSPGTAAGLTYEQY,0
GPRLGVRAT,TSESDYYQEAYKQQNAYSKLKAAGNKLTSGHDNFVKESKASSQREGTDTQY,TSESDYY,QEAYKQQN,AYSKLKAAGNKLT,SGHDN,FVKESK,ASSQREGTDTQY,0
HPVTKYIM,DRGSQSIYSNGDAVNWEEQGGSYIPTKGHDRSFDVKDATSDRLAGGELF,DRGSQS,IYSNGD,AVNWEEQGGSYIPT,KGHDR,SFDVKD,ATSDRLAGGELF,0
SPRWYFYYL,YSGSPEHISRAPIRAGNNRKLIPRHDTFYEKMQASSVVGTGGRNTEAF,YSGSPE,HISR,APIRAGNNRKLI,PRHDT,FYEKMQ,ASSVVGTGGRNTEAF,0
LLWNGPMAV,YGATPYYFSGDTLVAVGEDSQLTLGHNAYSLEERASSQDSTSGYSREQF,YGATPY,YFSGDTLV,AVGEDSQLT,LGHNA,YSLEER,ASSQDSTSGYSREQF,0
NLVPMVATV,SVFSSVVTGGEVAGGGSQGNLIDFQATTSNEGSKASARDLTAGSYEQY,SVFSS,VVTGGEV,AGGGSQGNLI,DFQATT,SNEGSKA,SARDLTAGSYEQY,0
IVTDFSVIK,TSGFNGNVLDGLAVRGLGGKLISEHNRFQNEAQASSLAVAGTVLEQY,TSGFNG,NVLDGL,AVRGLGGKLI,SEHNR,FQNEAQ,ASSLAVAGTVLEQY,0
GILGFVFTL,TSGFNGNVLDGLAVRGYNAGNMLTSQVTMANQGSEASVGSGDHGEQF,TSGFNG,NVLDGL,AVRGYNAGNMLT,SQVTM,ANQGSEA,SVGSGDHGEQF,0
NLVPMVATV,NSMFDYISSIKDKAARANTDKLILNHNVYYDKDFATSRESGNGKLF,NSMFDY,ISSIKDK,AARANTDKLI,LNHNV,YYDKDF,ATSRESGNGKLF,0
IVTDFSVIK,TSENNYYQEAYKQQNALLPGSGTASKLTSGHVSFQNEAQASSYGTGDLSYNEQF,TSENNYY,QEAYKQQN,ALLPGSGTASKLT,SGHVS,FQNEAQ,ASSYGTGDLSYNEQF,0
LLWNGPMAV,VGISALSSGKAVLKTSYDKVILNHDASQIVNDASSFFLAAGYP,VGISA,LSSGK,AVLKTSYDKVI,LNHDA,SQIVND,ASSFFLAAGYP,0
LLWNGPMAV,DRGSQSIYSNGDAVNRGYGGSQGNLILNHDASQIVNDASSMRASVEQY,DRGSQS,IYSNGD,AVNRGYGGSQGNLI,LNHDA,SQIVND,ASSMRASVEQY,0
RAKFKQLL,TSENNYYQEAYKQQNAFMINAGGTSYGKLTSGHATFQNNGVASSWGGGSHYGYT,TSENNYY,QEAYKQQN,AFMINAGGTSYGKLT,SGHAT,FQNNGV,ASSWGGGSHYGYT,0
AVFDRKSDAK,YGATPYYFSGDTLVAVDAQAGTALILGHDTYNNKELASSQTIAYEQY,YGATPY,YFSGDTLV,AVDAQAGTALI,LGHDT,YNNKEL,ASSQTIAYEQY,1
NLVPMVATV,DSASNYIRSNVGEAASGPGDDKIIMNHEYSMNVEVASSPHFQVDTGELF,DSASNY,IRSNVGE,AASGPGDDKII,MNHEY,SMNVEV,ASSPHFQVDTGELF,0
KLGGALQAK,SVFSSVVTGGEVAGATQGGSEKLVMDHENSYDVKMASSVDGTLVDTQY,SVFSS,VVTGGEV,AGATQGGSEKLV,MDHEN,SYDVKM,ASSVDGTLVDTQY,0
ATDALMTGF,SVFSSVVTGGEVAGCHGSGNTGKLILNHDASQIVNDASSSRSAYEQY,SVFSS,VVTGGEV,AGCHGSGNTGKLI,LNHDA,SQIVND,ASSSRSAYEQY,0
KLGGALQAK,DSSSTYIFSNMDMAEMEGGSYIPTLNHDASQIVNDASSIRSSYEQY,DSSSTY,IFSNMDM,AEMEGGSYIPT,LNHDA,SQIVND,ASSIRSSYEQY,0
ELAGIGILTV,DSASNYIRSNVGEAATPPPSYDKVISGHDYFNNNVPASSPGTFRYT,DSASNY,IRSNVGE,AATPPPSYDKVI,SGHDY,FNNNVP,ASSPGTFRYT,0
KLGGALQAK,DRGSQSIYSNGDAVAAYKYIMNHNSSASEGTASSGGQAYEQY,DRGSQS,IYSNGD,AVAAYKYI,MNHNS,SASEGT,ASSGGQAYEQY,0
IVTDFSVIK,NSAFQYTYSSGNAMIKAAGNKLTMNHEYSMNVEVASSINRASEAF,NSAFQY,TYSSGN,AMIKAAGNKLT,MNHEY,SMNVEV,ASSINRASEAF,0
KLGGALQAK,KTLYGLQKGGEEGAERYGGSQGNLIKGHDRSFDVKDATTGDGITGELF,KTLYG,LQKGGEE,GAERYGGSQGNLI,KGHDR,SFDVKD,ATTGDGITGELF,0
RAKFKQLL,DSSSTYIFSNMDMAERSASNTGKLILGHNAYSLEERASSHTSADEQF,DSSSTY,IFSNMDM,AERSASNTGKLI,LGHNA,YSLEER,ASSHTSADEQF,0
RAKFKQLL,DSASNYIRSNVGEAASETSYDKVISEHNRFQNEAQASSPVTGGGSGANVLT,DSASNY,IRSNVGE,AASETSYDKVI,SEHNR,FQNEAQ,ASSPVTGGGSGANVLT,1
KLGGALQAK,TISGTDYGLTSNILTHSNSGYALNSGDLSYYNGEEASSEVADYNEQF,TISGTDY,GLTSN,ILTHSNSGYALN,SGDLS,YYNGEE,ASSEVADYNEQF,0
ELAGIGILTV,DRGSQSIYSNGDAVNKVTSGGSNYKLTSGHNSFNNNVPASSFLDRGPNTEAF,DRGSQS,IYSNGD,AVNKVTSGGSNYKLT,SGHNS,FNNNVP,ASSFLDRGPNTEAF,0
GILGFVFTL,DSSSTYIFSNMDMAEDSNARLMDFQATTSNEGSKASARDPYRASNQPQH,DSSSTY,IFSNMDM,AEDSNARLM,DFQATT,SNEGSKA,SARDPYRASNQPQH,0
ATDALMTGF,NSASQSVYSSGVVNDPYTGGFKTISNHLYFYNNEIASSELGQLNEQF,NSASQS,VYSSG,VVNDPYTGGFKTI,SNHLY,FYNNEI,ASSELGQLNEQF,1
HPVTKYIM,SVFSSVVTGGEVAGGGSQGNLIDFQATTSNEGSKASARDLTAGSYEQY,SVFSS,VVTGGEV,AGGGSQGNLI,DFQATT,SNEGSKA,SARDLTAGSYEQY,0
AVFDRKSDAK,DSAIYNIQSSQREAVNSGGGADGLTMNHNSSASEGTASSEDPATNEKLF,DSAIYN,IQSSQRE,AVNSGGGADGLT,MNHNS,SASEGT,ASSEDPATNEKLF,0
AVFDRKSDAK,DSAIYNIQSSQREAVRRSASKIISGHDTYYEEEEASSSAGTDHEQY,DSAIYN,IQSSQRE,AVRRSASKII,SGHDT,YYEEEE,ASSSAGTDHEQY,1
KLGGALQAK,SSVSVYYLSGSTLVAVSAGRGSTLGRLYLNHDASQIVNDASSVKTGAGREQY,SSVSVY,YLSGSTLV,AVSAGRGSTLGRLY,LNHDA,SQIVND,ASSVKTGAGREQY,0
ELAGIGILTV,DRGSQSIYSNGDAVNNARLMWSHSYSAAADIASSEGFLVADTQY,DRGSQS,IYSNGD,AVNNARLM,WSHSY,SAAADI,ASSEGFLVADTQY,1
GILGFVFTL,TSGFNGNVLDGLALNNAGNMLTLGHNAYSLEERASSQAQGRNTEAF,TSGFNG,NVLDGL,ALNNAGNMLT,LGHNA,YSLEER,ASSQAQGRNTEAF,0
ELAGIGILTV,DSASNYIRSNVGEAVVPGNTGKLILNHDASQIVNDASSIRSGESRAF,DSASNY,IRSNVGE,AVVPGNTGKLI,LNHDA,SQIVND,ASSIRSGESRAF,0
GILGFVFTL,TRDTTYYRNSFDEQNALSEGEGGGTSYGKLTLNHNVYYDKDFATSRGGGGDTQY,TRDTTYY,RNSFDEQN,ALSEGEGGGTSYGKLT,LNHNV,YYDKDF,ATSRGGGGDTQY,0
KLGGALQAK,SVFSSVVTGGEVAGAKGAQKLVSQVTMANQGSEASVGSGDYEQY,SVFSS,VVTGGEV,AGAKGAQKLV,SQVTM,ANQGSEA,SVGSGDYEQY,0
RAKFKQLL,DRGSQSIYSNGDAVKGDDKIILGHNAYNFKEQASSQGILSGELF,DRGSQS,IYSNGD,AVKGDDKII,LGHNA,YNFKEQ,ASSQGILSGELF,0
KSKRTPMGF,DRGSQSIYSNGDAVKDQFYLGHNAYSLEERASSQGTGEGYGYT,DRGSQS,IYSNGD,AVKDQFY,LGHNA,YSLEER,ASSQGTGEGYGYT,0
KLGGALQAK,TTLSNLVKSGEVAGVGYALNLGHNAYSLEERASSQDSTYEQY,TTLSN,LVKSGEV,AGVGYALN,LGHNA,YSLEER,ASSQDSTYEQY,0
HPVTKYIM,TSESDYYQEAYKQQNAYSKLKAAGNKLTSGHDNFVKESKASSQREGTDTQY,TSESDYY,QEAYKQQN,AYSKLKAAGNKLT,SGHDN,FVKESK,ASSQREGTDTQY,0
IVTDFSVIK,NIATNDYGYKTKLVGPGGFGNEKLTSGHRSYFSETQASSLEGNGHREQY,NIATNDY,GYKTK,LVGPGGFGNEKLT,SGHRS,YFSETQ,ASSLEGNGHREQY,0
RAKFKQLL,TSINNIRSNEREATDAGARQGGSEKLVMNHEYSMNVEVASSFLAGQETQY,TSINN,IRSNERE,ATDAGARQGGSEKLV,MNHEY,SMNVEV,ASSFLAGQETQY,0
AVFDRKSDAK,DRGSQSIYSNGDAVLGFGNVLHSGHNSFNNNVPASSPTGF,DRGSQS,IYSNGD,AVLGFGNVLH,SGHNS,FNNNVP,ASSPTGF,1
KLGGALQAK,TSENNYYQEAYKQQNASFYNQGGKLISEHNRFQNEAQASSLPGELF,TSENNYY,QEAYKQQN,ASFYNQGGKLI,SEHNR,FQNEAQ,ASSLPGELF,0
RLRAEAQVK,VSGNPYYITGDNLVAVAKDLQNSGGGADGLTLNHNVYYDKDFATSYEDNSGANVLT,VSGNPY,YITGDNLV,AVAKDLQNSGGGADGLT,LNHNV,YYDKDF,ATSYEDNSGANVLT,0
GILGFVFTL,VSGLRGLYSAGEEAVQAGYNTDKLISGHRSYFSETQASSLSWQELYGYT,VSGLRG,LYSAGEE,AVQAGYNTDKLI,SGHRS,YFSETQ,ASSLSWQELYGYT,0
KLGGALQAK,DSSSTYIFSNMDMAEKGGTALIDFQATTSNEGSKASARGQGDEQY,DSSSTY,IFSNMDM,AEKGGTALI,DFQATT,SNEGSKA,SARGQGDEQY,0
NLVPMVATV,TSGFYGNALDGLAVRDQEGNTPLVMDHENSYDVKMASMGGSNEQF,TSGFYG,NALDGL,AVRDQEGNTPLV,MDHEN,SYDVKM,ASMGGSNEQF,1
IVTDFSVIK,TRDTTYYRNSFDEQNALSEANTGGFKTISGHATFQNNGVASSWGGGSHYGYT,TRDTTYY,RNSFDEQN,ALSEANTGGFKTI,SGHAT,FQNNGV,ASSWGGGSHYGYT,1
KLGGALQAK,DSSSTYIFSNMDMAEGYINQGGKLISGHNTYYREEEASSFTGPDEQF,DSSSTY,IFSNMDM,AEGYINQGGKLI,SGHNT,YYREEE,ASSFTGPDEQF,1
DATYQRTRALVR,TRDTTYYRNSFDEQNALSEAVGADGLTSGHNTYYREEEASSLRSRDSPLH,TRDTTYY,RNSFDEQN,ALSEAVGADGLT,SGHNT,YYREEE,ASSLRSRDSPLH,0
ELAGIGILTV,TISGNEYGLKNNIVRGSGNTGKLISGHATFQNNGVASSLVRGGHYNEQF,TISGNEY,GLKNN,IVRGSGNTGKLI,SGHAT,FQNNGV,ASSLVRGGHYNEQF,0
KLGGALQAK,DSSSTYIFSNMDMAINQGGGATNKLIWNHNNSYGVQDASSPGRTGELF,DSSSTY,IFSNMDM,AINQGGGATNKLI,WNHNN,SYGVQD,ASSPGRTGELF,1
GILGFVFTL,NSASQSVYSSGVVNARNQFYMNHNSSASEGTASSEGQNTYEQY,NSASQS,VYSSG,VVNARNQFY,MNHNS,SASEGT,ASSEGQNTYEQY,0
RAKFKQLL,DSASNYIRSNVGEAASPRNNDMRLGHNAYNFKEQASSQEGAGADEQF,DSASNY,IRSNVGE,AASPRNNDMR,LGHNA,YNFKEQ,ASSQEGAGADEQF,0
KLGGALQAK,VSGLRGLYSAGEEAVKPNYGGSQGNLIMNHNSSASEGTASSAGDGYTHTVFGNIQY,VSGLRG,LYSAGEE,AVKPNYGGSQGNLI,MNHNS,SASEGT,ASSAGDGYTHTVFGNIQY,0
GILGFVFTL,DSVNNIPSGTAVTPPPSYDKVISGHDYFNNNVPASSSVSGYT,DSVNN,IPSGT,AVTPPPSYDKVI,SGHDY,FNNNVP,ASSSVSGYT,0
NLVPMVATV,TRDTTYYRNSFDEQNGGPSSNTGKLILNHDASQIVNDASSARSAETQY,TRDTTYY,RNSFDEQN,GGPSSNTGKLI,LNHDA,SQIVND,ASSARSAETQY,0
NLVPMVATV,TSGFNGNVLDGLAVGMIKAAGNKLTDFQATTSNEGSKASALGGTQY,TSGFNG,NVLDGL,AVGMIKAAGNKLT,DFQATT,SNEGSKA,SALGGTQY,0
VLFGLGFAI,SSVSVYYLSGSTLVAVSDPDTDKLIMNHNSSASEGTASSDWTNTGELF,SSVSVY,YLSGSTLV,AVSDPDTDKLI,MNHNS,SASEGT,ASSDWTNTGELF,0
AVFDRKSDAK,TTLSNLVKSGEVAGPVYDYKLSSGHVSFQNEAQASSLSGTGDYEQY,TTLSN,LVKSGEV,AGPVYDYKLS,SGHVS,FQNEAQ,ASSLSGTGDYEQY,0
AVFDRKSDAK,DRGSQSIYSNGDAVGDDKIIMNHNYSVGAGIASSPQGAYGYT,DRGSQS,IYSNGD,AVGDDKII,MNHNY,SVGAGI,ASSPQGAYGYT,0
RAKFKQLL,SVFSSVVTGGEVAGASGSSNTGKLISGHNSFNNNVPASSFSGNTGELF,SVFSS,VVTGGEV,AGASGSSNTGKLI,SGHNS,FNNNVP,ASSFSGNTGELF,0
AVFDRKSDAK,TSGFNGNVLDGLALDNYGQNFVSGHATFQNNGVASSLDPGRGQETQY,TSGFNG,NVLDGL,ALDNYGQNFV,SGHAT,FQNNGV,ASSLDPGRGQETQY,0
GILGFVFTL,DSAIYNIQSSQREAVKGANQAGTALISGHATFQNNGVASSTSYNEQF,DSAIYN,IQSSQRE,AVKGANQAGTALI,SGHAT,FQNNGV,ASSTSYNEQF,0
AVFDRKSDAK,TRDTTYYRNSFDEQNALSGGDSNYQLIKGHSHLQKENIASSPMGSNEQY,TRDTTYY,RNSFDEQN,ALSGGDSNYQLI,KGHSH,LQKENI,ASSPMGSNEQY,0
LLWNGPMAV,VGISALSSGKAVRVLMEYGNKLVMNHEYSVGEGTASSPGLASPYSYNEQF,VGISA,LSSGK,AVRVLMEYGNKLV,MNHEY,SVGEGT,ASSPGLASPYSYNEQF,0
FEDLRVLSF,TRDTTYYRNSFDEQNALSGDDYKLSSGDLSYYNGEEASSVASGRAHEQY,TRDTTYY,RNSFDEQN,ALSGDDYKLS,SGDLS,YYNGEE,ASSVASGRAHEQY,0
RAKFKQLL,TSINNIRSNEREATDAPSNYQLISNHLYFYNNEIASSSSGRDYEQY,TSINN,IRSNERE,ATDAPSNYQLI,SNHLY,FYNNEI,ASSSSGRDYEQY,0
RPPIFIRRL,YGGTVNYFSGDPLVAVNAAGNDYKLSSEHNRFQNEAQASSTRTGQETQY,YGGTVN,YFSGDPLV,AVNAAGNDYKLS,SEHNR,FQNEAQ,ASSTRTGQETQY,0
GLCTLVAML,VSGNPYYITGDNLVAGGNTGKLISGHATFQNNGVASSWGGGSHYGYT,VSGNPY,YITGDNLV,AGGNTGKLI,SGHAT,FQNNGV,ASSWGGGSHYGYT,0
RAKFKQLL,SVFSSVVTGGEVAGDWNNNAGNMLTSGHDYFNNNVPASSRGTVYEQY,SVFSS,VVTGGEV,AGDWNNNAGNMLT,SGHDY,FNNNVP,ASSRGTVYEQY,0
RAKFKQLL,SVFSSVVTGGEVAGASSGGGADGLTMNHEYSVGAGIASSPENSPLH,SVFSS,VVTGGEV,AGASSGGGADGLT,MNHEY,SVGAGI,ASSPENSPLH,0
GILGFVFTL,DSSSTYIFSNMDMAENEGGGSQGNLILNHDASQIVNDASSSRAGGEQY,DSSSTY,IFSNMDM,AENEGGGSQGNLI,LNHDA,SQIVND,ASSSRAGGEQY,1
AVFDRKSDAK,YGGTVNYFSGDPLVAVRETSYDKVIKGHSHLQKENIASSPWADVVTDTQY,YGGTVN,YFSGDPLV,AVRETSYDKVI,KGHSH,LQKENI,ASSPWADVVTDTQY,0
GILGFVFTL,SSVSVYYLSGSTLVAVSETGPARLMSEHNRFQNEAQASSPGTSGRPYEQY,SSVSVY,YLSGSTLV,AVSETGPARLM,SEHNR,FQNEAQ,ASSPGTSGRPYEQY,0
DATYQRTRALVR,TSGFNGNVLDGLAVETGGFKTILGHNAYSLEERASSQEPSGMVSRDNEQF,TSGFNG,NVLDGL,AVETGGFKTI,LGHNA,YSLEER,ASSQEPSGMVSRDNEQF,1
AVFDRKSDAK,TISGNEYGLKNNIVRGSGNTGKLISGHATFQNNGVASSLVRGGHYNEQF,TISGNEY,GLKNN,IVRGSGNTGKLI,SGHAT,FQNNGV,ASSLVRGGHYNEQF,1
RAKFKQLL,TSINNIRSNEREASTGTASKLTSGDLSYYNGEEASSVGTSDTDTQY,TSINN,IRSNERE,ASTGTASKLT,SGDLS,YYNGEE,ASSVGTSDTDTQY,0
ELAGIGILTV,NSASDYIRSNMDKADSGGGADGLTSEHNRFQNEAQASSLDTQY,NSASDY,IRSNMDK,ADSGGGADGLT,SEHNR,FQNEAQ,ASSLDTQY,0
RAKFKQLL,TRDTTYYRNSFDEQNALSEASSGGYQKVTSQVTMANQGSEASVGSGEDNEQY,TRDTTYY,RNSFDEQN,ALSEASSGGYQKVT,SQVTM,ANQGSEA,SVGSGEDNEQY,1
AVFDRKSDAK,TRDTTYYRNSFDEQNALMGNAGGTSYGKLTLNHDASQIVNDASSQGNYGYT,TRDTTYY,RNSFDEQN,ALMGNAGGTSYGKLT,LNHDA,SQIVND,ASSQGNYGYT,0
CINGVCWTV,SVFSSVVTGGEVAGAGSQGNLISGHRSYFSETQASSPGGLAGADTQY,SVFSS,VVTGGEV,AGAGSQGNLI,SGHRS,YFSETQ,ASSPGGLAGADTQY,0
GILGFVFTL,DRGSQSIYSNGDAVNGNQFYMGHRAYSYEKLASSQEEESLGYEQY,DRGSQS,IYSNGD,AVNGNQFY,MGHRA,YSYEKL,ASSQEEESLGYEQY,0
DATYQRTRALVR,YGGTVNYFSGDPLVAVIPGSNYQLILNHDASQIVNDASSDRSNTEAF,YGGTVN,YFSGDPLV,AVIPGSNYQLI,LNHDA,SQIVND,ASSDRSNTEAF,0
AVFDRKSDAK,DRGSQSIYSNGDAVNDYKLSLGHNAYSLEERASSPNSAGGTEAF,DRGSQS,IYSNGD,AVNDYKLS,LGHNA,YSLEER,ASSPNSAGGTEAF,0
ELAGIGILTV,NSASQSVYSSGVVNGEDDMRSGHNTYYREEEASIRDHNTGELF,NSASQS,VYSSG,VVNGEDDMR,SGHNT,YYREEE,ASIRDHNTGELF,0
ELAGIGILTV,SSNFYAMTLNGDEAFIHLEYGNKLVMNHEYSVGAGIASSTLTGAETQY,SSNFYA,MTLNGDE,AFIHLEYGNKLV,MNHEY,SVGAGI,ASSTLTGAETQY,0
LLWNGPMAV,SSVPPYYTSAATLVAVSERLWDDKIILGHNTFRNRAPASGLDSSSGNTIY,SSVPPY,YTSAATLV,AVSERLWDDKII,LGHNT,FRNRAP,ASGLDSSSGNTIY,0
KSKRTPMGF,NIATNDYGYKTKLVGDPFYSSASKIISGHNSFNNNVPASSFSGNTGELF,NIATNDY,GYKTK,LVGDPFYSSASKII,SGHNS,FNNNVP,ASSFSGNTGELF,0
GLCTLVAML,SSVPPYYTSAATLVAVTDNNNNDMRMNHNSSASEGTASSDRLENNEKLF,SSVPPY,YTSAATLV,AVTDNNNNDMR,MNHNS,SASEGT,ASSDRLENNEKLF,0
AVFDRKSDAK,TRDTTYYRNSFDEQNALTPNTNAGKSTENHRYSYGVKDAISGMVVRGGDSYNEQF,TRDTTYY,RNSFDEQN,ALTPNTNAGKST,ENHRY,SYGVKD,AISGMVVRGGDSYNEQF,1
RFPLTFGWCF,TSGFNGNVLDGLADANNDMRDFQATTSNEGSKASARDRTDSYNSPLH,TSGFNG,NVLDGL,ADANNDMR,DFQATT,SNEGSKA,SARDRTDSYNSPLH,0
AVFDRKSDAK,TSGFYGNALDGLAVKAAGNKLTLGHDTYNNKELASSQDLQGVKNAEAF,TSGFYG,NALDGL,AVKAAGNKLT,LGHDT,YNNKEL,ASSQDLQGVKNAEAF,0
ELAGIGILTV,VSGNPYYITGDNLVAVRDREKAAGNKLTMNHNSSASEGTASSEFGNEQF,VSGNPY,YITGDNLV,AVRDREKAAGNKLT,MNHNS,SASEGT,ASSEFGNEQF,0
GILGFVFTL,DSASNYIRSNVGEAAGETSYDKVISGHNSFNNNVPASRSGDSNQPQH,DSASNY,IRSNVGE,AAGETSYDKVI,SGHNS,FNNNVP,ASRSGDSNQPQH,0
GILGFVFTL,SVFSSVVTGGEVAGPYNAGNMLTMNHEYSVGAGIASSYSTGEGAQY,SVFSS,VVTGGEV,AGPYNAGNMLT,MNHEY,SVGAGI,ASSYSTGEGAQY,1
AVFDRKSDAK,TSDPSYGQGSYDQQNAITGGFKTISGDLSYYNGEEASSSKPGGDYNEQF,TSDPSYG,QGSYDQQN,AITGGFKTI,SGDLS,YYNGEE,ASSSKPGGDYNEQF,0
IVTDFSVIK,DRGSQSIYSNGDAVSSTDKLIDFQATTSNEGSKASAPLAGGPNEQF,DRGSQS,IYSNGD,AVSSTDKLI,DFQATT,SNEGSKA,SAPLAGGPNEQF,0
IVTDFSVIK,DSSSTYIFSNMDMAESEGPTYTDKLILGHNAYNFKEQASSQRPSEVGELF,DSSSTY,IFSNMDM,AESEGPTYTDKLI,LGHNA,YNFKEQ,ASSQRPSEVGELF,0
ATDALMTGF,TRDTTYYRNSFDEQNALSEASLVDSNYQLILNHDASQIVNDASSPTSGGYNEQF,TRDTTYY,RNSFDEQN,ALSEASLVDSNYQLI,LNHDA,SQIVND,ASSPTSGGYNEQF,0
AVFDRKSDAK,TSGFNGNVLDGLAEDQGGKLILNHDASQIVNDATGTGDSNQPQH,TSGFNG,NVLDGL,AEDQGGKLI,LNHDA,SQIVND,ATGTGDSNQPQH,1
KSKRTPMGF,DRGSQSIYSNGDAVAQGGSEKLVMDHENSYDVKMASRGQGLGQPQH,DRGSQS,IYSNGD,AVAQGGSEKLV,MDHEN,SYDVKM,ASRGQGLGQPQH,0
IVTDFSVIK,TTLSNLVKSGEVAGADAGNNRKLISGHRSYFSETQASSLDQGAYEQY,TTLSN,LVKSGEV,AGADAGNNRKLI,SGHRS,YFSETQ,ASSLDQGAYEQY,1
CINGVCWTV,NSMFDYISSIKDKAASPSGAGNMLTMDHENSYDVKMASSQLTTGTFTGELF,NSMFDY,ISSIKDK,AASPSGAGNMLT,MDHEN,SYDVKM,ASSQLTTGTFTGELF,1
KLGGALQAK,DSASNYIRSNVGEAASETSYDKVISEHNRFQNEAQASSLGTQPQH,DSASNY,IRSNVGE,AASETSYDKVI,SEHNR,FQNEAQ,ASSLGTQPQH,0
RAKFKQLL,SSVPPYYTSAATLVAVSEGSNFGNEKLTSNHLYFYNNEIASTRESTDTQY,SSVPPY,YTSAATLV,AVSEGSNFGNEKLT,SNHLY,FYNNEI,ASTRESTDTQY,0
RAKFKQLL,DSSSTYIFSNMDMAEEGNTGKLISGHTAFQGTGAASSTPLENEQF,DSSSTY,IFSNMDM,AEEGNTGKLI,SGHTA,FQGTGA,ASSTPLENEQF,0
AVFDRKSDAK,DSAIYNIQSSQREAVRNQGGSEKLVLNHDASQIVNDASSARSSYEQY,DSAIYN,IQSSQRE,AVRNQGGSEKLV,LNHDA,SQIVND,ASSARSSYEQY,0
ELAGIGILTV,SSYSPSYTSAATLVVVSAPGQAGTALISEHNRFQNEAQASSLDQGMTEAF,SSYSPS,YTSAATLV,VVSAPGQAGTALI,SEHNR,FQNEAQ,ASSLDQGMTEAF,0
AVFDRKSDAK,DRGSQSIYSNGDAVSGNEKLTSGDLSYYNGEEASSVYLSGNTIY,DRGSQS,IYSNGD,AVSGNEKLT,SGDLS,YYNGEE,ASSVYLSGNTIY,0
GILGFVFTL,VGISALSSGKAVRVLMEYGNKLVMNHEYSVGEGTASSPGLASPYSYNEQF,VGISA,LSSGK,AVRVLMEYGNKLV,MNHEY,SVGEGT,ASSPGLASPYSYNEQF,0
GILGFVFTL,YGGTVNYFSGDPLVAVICNDYKLSDFQATTSNEGSKASADGTHTPTDTQY,YGGTVN,YFSGDPLV,AVICNDYKLS,DFQATT,SNEGSKA,SADGTHTPTDTQY,0
SLFNTVATLY,TSENNYYQEAYKQQNAFMKLAGANSKLTLGHDTYNNKELASKSEKGAGGSPLH,TSENNYY,QEAYKQQN,AFMKLAGANSKLT,LGHDT,YNNKEL,ASKSEKGAGGSPLH,1
RAKFKQLL,SSVPPYYTSAATLVAVSAGGGFKTIKGHSHLQKENIASSEDDFTGTDTQY,SSVPPY,YTSAATLV,AVSAGGGFKTI,KGHSH,LQKENI,ASSEDDFTGTDTQY,0
KLGGALQAK,DSAIYNIQSSQREAVVGSDYKLSMNHEYSMNVEVASSSGTPLNGYT,DSAIYN,IQSSQRE,AVVGSDYKLS,MNHEY,SMNVEV,ASSSGTPLNGYT,1
GILGFVFTL,DRGSQSIYSNGDAVSASKIISGHATFQNNGVASNTGTDSYEQY,DRGSQS,IYSNGD,AVSASKII,SGHAT,FQNNGV,ASNTGTDSYEQY,0
KLGGALQAK,DSSSTYIFSNMDMAEIPNYGGSQGNLIMDHENSYDVKMASSFQGYTEAF,DSSSTY,IFSNMDM,AEIPNYGGSQGNLI,MDHEN,SYDVKM,ASSFQGYTEAF,0
LLWNGPMAV,DRGSQSIYSNGDASVGMDSSYKLISGHNSFNNNVPASSFSGNTGELF,DRGSQS,IYSNGD,ASVGMDSSYKLI,SGHNS,FNNNVP,ASSFSGNTGELF,0
IVTDFSVIK,TTLSNLVKSGEVAVTYGGSQGNLILNHDASQIVNDASSIRSTGEL,TTLSN,LVKSGEV,AVTYGGSQGNLI,LNHDA,SQIVND,ASSIRSTGEL,0
SPRWYFYYL,DSSSTYIFSNMDMAEDSNARLMSGHATFQNNGVASSLGVAGTNTGELF,DSSSTY,IFSNMDM,AEDSNARLM,SGHAT,FQNNGV,ASSLGVAGTNTGELF,0
RAKFKQLL,NSASDYIRSNMDKADSGGGADGLTMGHRAYSYEKLASSQDRGGPGELF,NSASDY,IRSNMDK,ADSGGGADGLT,MGHRA,YSYEKL,ASSQDRGGPGELF,1
RAKFKQLL,TSENNYYQEAYKQQNAFMTNAGGTSYGKLTPRHDTFYEKMQASSLMRGGTYNSPLH,TSENNYY,QEAYKQQN,AFMTNAGGTSYGKLT,PRHDT,FYEKMQ,ASSLMRGGTYNSPLH,0
GLCTLVAML,NSAFQYTYSSGNATLLYNTDKLISGDLSYYNGEEASSPTPTGSSTDTQY,NSAFQY,TYSSGN,ATLLYNTDKLI,SGDLS,YYNGEE,ASSPTPTGSSTDTQY,0
GILGFVFTL,TSGFYGNALDGLVLDSNYQLISGHNTYYREEEASSLEWGWPPYYEQY,TSGFYG,NALDGL,VLDSNYQLI,SGHNT,YYREEE,ASSLEWGWPPYYEQY,0
GILGFVFTL,NIATNDYGYKTKLVGDAYSGGYQKVTSGHNSFNNNVPASSFSGNTGELF,NIATNDY,GYKTK,LVGDAYSGGYQKVT,SGHNS,FNNNVP,ASSFSGNTGELF,0
NLVPMVATV,TSDPSYGQGSYDQQNAMREETDSWGKLQDFQATTSNEGSKASARDRGGENTGELF,TSDPSYG,QGSYDQQN,AMREETDSWGKLQ,DFQATT,SNEGSKA,SARDRGGENTGELF,1
SPRWYFYYL,TSINNIRSNEREATDPLFGNNRLALNHDASQIVNDASSTLNEQF,TSINN,IRSNERE,ATDPLFGNNRLA,LNHDA,SQIVND,ASSTLNEQF,0
KLGGALQAK,SIFNTLYKAGELAGQLPPWETSGSRLTLNHDASQIVNDASSRLQGANSPLH,SIFNT,LYKAGEL,AGQLPPWETSGSRLT,LNHDA,SQIVND,ASSRLQGANSPLH,0
GILGFVFTL,SVFSSVVTGGEVAGAPGSSNTGKLILNHDASHIVNDASSTRSSYEQY,SVFSS,VVTGGEV,AGAPGSSNTGKLI,LNHDA,SHIVND,ASSTRSSYEQY,1
AVFDRKSDAK,DSSSTYIFSNMDMAEMEGGSYIPTLNHDASQIVNDASSIRSSYEQY,DSSSTY,IFSNMDM,AEMEGGSYIPT,LNHDA,SQIVND,ASSIRSSYEQY,0
SPRWYFYYL,NSASQSVYSSGVVNRVENSGYSTLTMNHNSSASEGTASSGNEQDLQPQH,NSASQS,VYSSG,VVNRVENSGYSTLT,MNHNS,SASEGT,ASSGNEQDLQPQH,0
YLQPRTFLL,TRDTTYYRNSFDEQNALSGPGTSFLGSARQLTSGHDTYYEEEEASSLRDGSEAF,TRDTTYY,RNSFDEQN,ALSGPGTSFLGSARQLT,SGHDT,YYEEEE,ASSLRDGSEAF,0
GILGFVFTL,DSVNNIPSGTAATPSNTGKLILNHDASQIVNDASSIRSAYEQY,DSVNN,IPSGT,AATPSNTGKLI,LNHDA,SQIVND,ASSIRSAYEQY,1
GILGFVFTL,DRGSQSIYSNGDAVNRGYGGSQGNLILNHDASQIVNDASSMRASVEQY,DRGSQS,IYSNGD,AVNRGYGGSQGNLI,LNHDA,SQIVND,ASSMRASVEQY,1
GILGFVFTL,DRGSQSIYSNGDAVQGNFNKFYDFQATTSNEGSKASAEQLGVLNTEAF,DRGSQS,IYSNGD,AVQGNFNKFY,DFQATT,SNEGSKA,SAEQLGVLNTEAF,0
AVFDRKSDAK,DRGSQSIYSNGDAVNKGGGSQGNLISGDLSYYNGEEASSVGGAGVSNEQF,DRGSQS,IYSNGD,AVNKGGGSQGNLI,SGDLS,YYNGEE,ASSVGGAGVSNEQF,0
ELAGIGILTV,NSAFQYTYSSGNAMGGSGGSQGNLILNHDASQIVNDASSIRASNEQF,NSAFQY,TYSSGN,AMGGSGGSQGNLI,LNHDA,SQIVND,ASSIRASNEQF,0
GILGFVFTL,NSASDYIRSNMDKAENETGANNLFLGHDTYNNKELASSPGVNQPQH,NSASDY,IRSNMDK,AENETGANNLF,LGHDT,YNNKEL,ASSPGVNQPQH,0
KLGGALQAK,DSASNYIRSNVGEAASETSYDKVISGHNSFNNNVPASQPHGTGDHEQY,DSASNY,IRSNVGE,AASETSYDKVI,SGHNS,FNNNVP,ASQPHGTGDHEQY,0
RAKFKQLL,NSASQSVYSSGVVNTGFQKLVSGHRSYFSETQASSLDGGDSYEQY,NSASQS,VYSSG,VVNTGFQKLV,SGHRS,YFSETQ,ASSLDGGDSYEQY,0
ELAGIGILTV,TSGFYGNALDGLAVRDQDYGQNFVSGHDTYYEEEEASRDRGVGSPLH,TSGFYG,NALDGL,AVRDQDYGQNFV,SGHDT,YYEEEE,ASRDRGVGSPLH,0
RAKFKQLL,VSGNPYYITGDNLVAVYGQKLLSGHTAFQGTGAASSLYDSTDTQY,VSGNPY,YITGDNLV,AVYGQKLL,SGHTA,FQGTGA,ASSLYDSTDTQY,0
RAKFKQLL,DRGSQSIYSNGDAVKKGQNFVDFQATTSNEGSKASAESGNTEAF,DRGSQS,IYSNGD,AVKKGQNFV,DFQATT,SNEGSKA,SAESGNTEAF,0
NLVPMVATV,DRGSQSIYSNGDAVGNYQLISGDLSYYNGEEASSDLAGGTDTQY,DRGSQS,IYSNGD,AVGNYQLI,SGDLS,YYNGEE,ASSDLAGGTDTQY,0
AVFDRKSDAK,KTLYGLQKGGEEGAAHNYGQNFVLNHDASQIVNDASSTGLYGYT,KTLYG,LQKGGEE,GAAHNYGQNFV,LNHDA,SQIVND,ASSTGLYGYT,0
GILGFVFTL,SIFNTLYKAGELAGRHGGTSYGKLTSGHDYFNNNVPASSLAYILGLGDEQF,SIFNT,LYKAGEL,AGRHGGTSYGKLT,SGHDY,FNNNVP,ASSLAYILGLGDEQF,0
GPRLGVRAT,TRDTTYYRNSFDEQNALSEVDRLMMDHENSYDVKMASSLTGTDTQY,TRDTTYY,RNSFDEQN,ALSEVDRLM,MDHEN,SYDVKM,ASSLTGTDTQY,0
NLVPMVATV,SSVPPYYTSAATLVAVSRDMNYGGSQGNLILGHDTYNNKELASSQDLRGADTQY,SSVPPY,YTSAATLV,AVSRDMNYGGSQGNLI,LGHDT,YNNKEL,ASSQDLRGADTQY,0
RAKFKQLL,VGISALSSGKAVLKTSYDKVILNHDASQIVNDASSFFLAAGYP,VGISA,LSSGK,AVLKTSYDKVI,LNHDA,SQIVND,ASSFFLAAGYP,0
RAKFKQLL,DRGSQSIYSNGDASVGMDSSYKLISGHNSFNNNVPASSFSGNTGELF,DRGSQS,IYSNGD,ASVGMDSSYKLI,SGHNS,FNNNVP,ASSFSGNTGELF,1
AVFDRKSDAK,SIFNTLYKAGELAGHTGNQFYSEHNRFQNEAQASSPVTGGGSGANVLT,SIFNT,LYKAGEL,AGHTGNQFY,SEHNR,FQNEAQ,ASSPVTGGGSGANVLT,0
AVFDRKSDAK,ATGYPSATKADDKALYNTDKLILGHDTYNNKELASSPTSGSVYEQY,ATGYPS,ATKADDK,ALYNTDKLI,LGHDT,YNNKEL,ASSPTSGSVYEQY,0
KLGGALQAK,NSASQSVYSSGVVNTGFQKLVSGHRSYFSETQASSLDGGDSYEQY,NSASQS,VYSSG,VVNTGFQKLV,SGHRS,YFSETQ,ASSLDGGDSYEQY,1
KLGGALQAK,DRGSQSIYSNGDAANDYKLSDFQATTSNEGSKASATGNRGADTQY,DRGSQS,IYSNGD,AANDYKLS,DFQATT,SNEGSKA,SATGNRGADTQY,0
IVTDFSVIK,DSSSTYIFSNMDMAEWGNTGRRALTSEHNRFQNEAQASSFIDNEQF,DSSSTY,IFSNMDM,AEWGNTGRRALT,SEHNR,FQNEAQ,ASSFIDNEQF,0
AVFDRKSDAK,NSASDYIRSNMDKAEKGGDDKIIENHRYSYGVKDAISESSSGNNEQF,NSASDY,IRSNMDK,AEKGGDDKII,ENHRY,SYGVKD,AISESSSGNNEQF,0
KLGGALQAK,NSASQSVYSSGVGFSNTGNQFYSGDLSYYNGEEASSVTSSEGTIY,NSASQS,VYSSG,VGFSNTGNQFY,SGDLS,YYNGEE,ASSVTSSEGTIY,0
RLRAEAQVK,TRDTTYYRNSFDEQNALSEDSSASKIIMDHENSYDVKMASEPGQGPGGWSYEQY,TRDTTYY,RNSFDEQN,ALSEDSSASKII,MDHEN,SYDVKM,ASEPGQGPGGWSYEQY,0
KSKRTPMGF,SSVPPYYTSAATLVAVSSRDDKLISEHNRFQNEAQASSSPGEYEKLF,SSVPPY,YTSAATLV,AVSSRDDKLI,SEHNR,FQNEAQ,ASSSPGEYEKLF,0
KLGGALQAK,NSMFDYISSIKDKAASARYGGSQGNLIMNHEYSMNVEVASSGQGYNSPLH,NSMFDY,ISSIKDK,AASARYGGSQGNLI,MNHEY,SMNVEV,ASSGQGYNSPLH,0
GLCTLVAML,DRGSQSIYSNGDAVNAGNMLTLNHNVYYDKDFATSRGQGNEQY,DRGSQS,IYSNGD,AVNAGNMLT,LNHNV,YYDKDF,ATSRGQGNEQY,0
KLGGALQAK,TSGFNGNVLDGLAVRDGDYKLSSEHNRFQNEAQASSTGQAYNEKLF,TSGFNG,NVLDGL,AVRDGDYKLS,SEHNR,FQNEAQ,ASSTGQAYNEKLF,0
YLQPRTFLL,TRDTTYYRNSFDEQNALKHNNARLMSGHVSFNYEAQASSPLAGVSDTQY,TRDTTYY,RNSFDEQN,ALKHNNARLM,SGHVS,FNYEAQ,ASSPLAGVSDTQY,0
AVFDRKSDAK,SSYSPSYTSAATLVVVSAGSIVSGGYNKLIENHRYSYGVKDAIRDKMNTEAF,SSYSPS,YTSAATLV,VVSAGSIVSGGYNKLI,ENHRY,SYGVKD,AIRDKMNTEAF,0
GILGFVFTL,NSASQSVYSSGVVESMEYGNKLVSGHKSYYEKEEASSRGRGGQYNEQF,NSASQS,VYSSG,VVESMEYGNKLV,SGHKS,YYEKEE,ASSRGRGGQYNEQF,0
RFPLTFGWCF,DRGSQSIYSNGDAVLTLNARLMSGHDYFNNNVPASLPTGTNTGELF,DRGSQS,IYSNGD,AVLTLNARLM,SGHDY,FNNNVP,ASLPTGTNTGELF,0
GILGFVFTL,TRDTTYYRNSFDEQNALSVVDRGSTLGRLYLGHNAYNFKEQASSPPIGTSAQDTQY,TRDTTYY,RNSFDEQN,ALSVVDRGSTLGRLY,LGHNA,YNFKEQ,ASSPPIGTSAQDTQY,0
RAKFKQLL,TRDTTYYRNSFDEQNALSEPYNQGGKLIMGHRAYSYEKLASSQEASGRGFNEQF,TRDTTYY,RNSFDEQN,ALSEPYNQGGKLI,MGHRA,YSYEKL,ASSQEASGRGFNEQF,0
LLWNGPMAV,TSGFYGNALDGLAVEPVGGNTPLVMRHNASNTAGTASTPGQALNEQY,TSGFYG,NALDGL,AVEPVGGNTPLV,MRHNA,SNTAGT,ASTPGQALNEQY,1
RAKFKQLL,DRGSQSIYSNGDAVTGDDKIIMNHNYSVGAGIASTRQGAYEQY,DRGSQS,IYSNGD,AVTGDDKII,MNHNY,SVGAGI,ASTRQGAYEQY,0
GPRLGVRAT,VSGNPYYITGDNLVAVRDMLGFNKFYMRHNASNTAGTASSPTGSDTGELF,VSGNPY,YITGDNLV,AVRDMLGFNKFY,MRHNA,SNTAGT,ASSPTGSDTGELF,0
GILGFVFTL,TRDTTYYRNSFDEQNALSETLTSGTYKYISGDLSYYNGEEASSVEVGTGDNEQF,TRDTTYY,RNSFDEQN,ALSETLTSGTYKYI,SGDLS,YYNGEE,ASSVEVGTGDNEQF,0
GILGFVFTL,TRDTTYYRNSFDEQNALSEARDQFYMNHNSSASEGTASSVSAGTDTQY,TRDTTYY,RNSFDEQN,ALSEARDQFY,MNHNS,SASEGT,ASSVSAGTDTQY,0
KLGGALQAK,TSGFYGNALDGLAVIEDTGKLISEHNRFQNEAQASSLVLGRETEAF,TSGFYG,NALDGL,AVIEDTGKLI,SEHNR,FQNEAQ,ASSLVLGRETEAF,0
RAKFKQLL,DRGSQSIYSNGDAVNPLRDSNYQLIMGHRAYSYEKLASSQTRGAGNTIY,DRGSQS,IYSNGD,AVNPLRDSNYQLI,MGHRA,YSYEKL,ASSQTRGAGNTIY,1
AVFDRKSDAK,DRGSQSIYSNGDAVELLDFQATTSNEGSKASAREAQGQPQH,DRGSQS,IYSNGD,AVELL,DFQATT,SNEGSKA,SAREAQGQPQH,0
GILGFVFTL,DRGSQSIYSNGDAVNIRGGSYIPTMNHEYSMNVEVASSSTGTSGNRAEQF,DRGSQS,IYSNGD,AVNIRGGSYIPT,MNHEY,SMNVEV,ASSSTGTSGNRAEQF,0
KLGGALQAK,DSASNYIRSNVGEAASMSSGSARQLTMGHRAYSYEKLASSQRDRQETQY,DSASNY,IRSNVGE,AASMSSGSARQLT,MGHRA,YSYEKL,ASSQRDRQETQY,0
AVFDRKSDAK,TSGFYGNALDGLAVKASGGSYIPTLNHDASQIVNDASSVGLAGDNEQF,TSGFYG,NALDGL,AVKASGGSYIPT,LNHDA,SQIVND,ASSVGLAGDNEQF,1
RAKFKQLL,VSPFSNMTFSENTVGYTNAGKSTSEHNRFQNEAQASSFDKTEQF,VSPFSN,MTFSENT,VGYTNAGKST,SEHNR,FQNEAQ,ASSFDKTEQF,1
ELAGIGILTV,DRGSQSIYSNGDAVNADYGGATNKLIMNHEYSMNVEVASSPPQFTEAF,DRGSQS,IYSNGD,AVNADYGGATNKLI,MNHEY,SMNVEV,ASSPPQFTEAF,0
KLGGALQAK,TSENNYYQEAYKQQNAFMKGAGGTSYGKLTSEHNRFQNEAQASSSLGGHGEAF,TSENNYY,QEAYKQQN,AFMKGAGGTSYGKLT,SEHNR,FQNEAQ,ASSSLGGHGEAF,0
GILGFVFTL,DRGSQSIYSNGDAAGFMNYGGSQGNLILNHDASQIVNDASSLTSVYNEQF,DRGSQS,IYSNGD,AAGFMNYGGSQGNLI,LNHDA,SQIVND,ASSLTSVYNEQF,0
GILGFVFTL,TSENNYYQEAYKQQNASFYNQGGKLISEHNRFQNEAQASSLPGELF,TSENNYY,QEAYKQQN,ASFYNQGGKLI,SEHNR,FQNEAQ,ASSLPGELF,1
IVTDFSVIK,YGATPYYFSGDTLVAVGAGTNAGKSTMGHRAYSYEKLASSQESGTEAF,YGATPY,YFSGDTLV,AVGAGTNAGKST,MGHRA,YSYEKL,ASSQESGTEAF,0
NLVPMVATV,SVFSSVVTGGEVALEGGGADGLTFGMNHNSSASEGTASSEAELLSSYNEQFFG,SVFSS,VVTGGEV,ALEGGGADGLTFG,MNHNS,SASEGT,ASSEAELLSSYNEQFFG,0
RAKFKQLL,YGATPYYFSGDTLVAVVDNYGQNFVSGHRSYFSETQASSLDGNNEQF,YGATPY,YFSGDTLV,AVVDNYGQNFV,SGHRS,YFSETQ,ASSLDGNNEQF,0
RAKFKQLL,DSAIYNIQSSQREAVVYPLTHGSSNTGKLISEHNRFQNEAQASSLEGQLNEQF,DSAIYN,IQSSQRE,AVVYPLTHGSSNTGKLI,SEHNR,FQNEAQ,ASSLEGQLNEQF,0
GILGFVFTL,SSVSVYYLSGSTLVAVSDTSGGSYIPTLNHDASQIVNDASSMGQGTLRNQPQH,SSVSVY,YLSGSTLV,AVSDTSGGSYIPT,LNHDA,SQIVND,ASSMGQGTLRNQPQH,0
KSKRTPMGF,DRGSQSIYSNGDAVGISGGYQKVTMNHEYSVGAGIASSSGTGSPLH,DRGSQS,IYSNGD,AVGISGGYQKVT,MNHEY,SVGAGI,ASSSGTGSPLH,0
ELAGIGILTV,TSINNIRSNEREALRRGYGNNRLAMDHENSYDVKMASSSWDIQTNTGELF,TSINN,IRSNERE,ALRRGYGNNRLA,MDHEN,SYDVKM,ASSSWDIQTNTGELF,1
RAKFKQLL,TRDTTYYRNSFDEQNALSEAGRGGSYIPTLNHDASQIVNDASSIFGGAEAF,TRDTTYY,RNSFDEQN,ALSEAGRGGSYIPT,LNHDA,SQIVND,ASSIFGGAEAF,0
RAKFKQLL,VSPFSNMTFSENTVVSQSNAGNNRKLIMNHNSSASEGTASSEPEGNYGYT,VSPFSN,MTFSENT,VVSQSNAGNNRKLI,MNHNS,SASEGT,ASSEPEGNYGYT,0
GILGFVFTL,NSASQSVYSSGVVNDPYTGGFKTISNHLYFYNNEIASSELGQLNEQF,NSASQS,VYSSG,VVNDPYTGGFKTI,SNHLY,FYNNEI,ASSELGQLNEQF,0
RAKFKQLL,DRGSQSIYSNGDAVGDDKIIMNHNYSVGAGIASSPQGAYGYT,DRGSQS,IYSNGD,AVGDDKII,MNHNY,SVGAGI,ASSPQGAYGYT,0
KLGGALQAK,TISGNEYGLKNNIVRVGTSGSARQLTLNHDASQIVNDASSISPSGFNGYT,TISGNEY,GLKNN,IVRVGTSGSARQLT,LNHDA,SQIVND,ASSISPSGFNGYT,0
KLGGALQAK,NSASQSVYSSGVVTGGLHARLMMNHEYSVGEGTASSYSTGHEQF,NSASQS,VYSSG,VVTGGLHARLM,MNHEY,SVGEGT,ASSYSTGHEQF,1
NLVPMVATV,VSGNPYYITGDNLVAVAKDLQNSGGGADGLTLNHNVYYDKDFATSYEDNSGANVLT,VSGNPY,YITGDNLV,AVAKDLQNSGGGADGLT,LNHNV,YYDKDF,ATSYEDNSGANVLT,0
ATDALMTGF,YGGTVNYFSGDPLVAVSARLNTDKLISGHNSFNNNVPASSFSGNTGELF,YGGTVN,YFSGDPLV,AVSARLNTDKLI,SGHNS,FNNNVP,ASSFSGNTGELF,0
NLVPMVATV,TTSDRLLSNGAVAVDRLDTDKLIMGHRAYSYEKLASSQQETYEQY,TTSDR,LLSNGAV,AVDRLDTDKLI,MGHRA,YSYEKL,ASSQQETYEQY,1
KLGGALQAK,SVFSSVVTGGEVAGAGGGGSQGNLIMNHNSSASEGTASSQHGTSNEQF,SVFSS,VVTGGEV,AGAGGGGSQGNLI,MNHNS,SASEGT,ASSQHGTSNEQF,0
AVFDRKSDAK,NSASDYIRSNMDKAENGGGGADGLTSGHDTYYEEEEASSFEGLNTGELF,NSASDY,IRSNMDK,AENGGGGADGLT,SGHDT,YYEEEE,ASSFEGLNTGELF,0
RAKFKQLL,TSGFNGNVLDGLAVGMIKAAGNKLTDFQATTSNEGSKASALGGTQY,TSGFNG,NVLDGL,AVGMIKAAGNKLT,DFQATT,SNEGSKA,SALGGTQY,0
AVFDRKSDAK,SSVSVYYLSGSTLVAVKIKAAGNKLTPRHDTFYEKMQASSSTGGKETQY,SSVSVY,YLSGSTLV,AVKIKAAGNKLT,PRHDT,FYEKMQ,ASSSTGGKETQY,1
RAKFKQLL,KALYSLLKGGEQGTPGEYGNKLVLGHDTYNNKELASSYSGGAGELF,KALYS,LLKGGEQ,GTPGEYGNKLV,LGHDT,YNNKEL,ASSYSGGAGELF,1
GLCTLVAML,NSASQSVYSSGVVNRNNDMRSGHNSFNNNVPALGDLNTGELF,NSASQS,VYSSG,VVNRNNDMR,SGHNS,FNNNVP,ALGDLNTGELF,0
IVTDFSVIK,VSGNPYYITGDNLVAVRDREKAAGNKLTMNHNSSASEGTASSEFGNEQF,VSGNPY,YITGDNLV,AVRDREKAAGNKLT,MNHNS,SASEGT,ASSEFGNEQF,0
GILGFVFTL,SSVSVYYLSGSTLVAVSDAGNTPLVSGHATFQNNGVASSWQAVSGNTIY,SSVSVY,YLSGSTLV,AVSDAGNTPLV,SGHAT,FQNNGV,ASSWQAVSGNTIY,0
ATDALMTGF,TSGFYGNALDGLAVKAAGNKLTLGHDTYNNKELASSQDLQGVKNAEAF,TSGFYG,NALDGL,AVKAAGNKLT,LGHDT,YNNKEL,ASSQDLQGVKNAEAF,0
KSKRTPMGF,TSENNYYQEAYKQQNALLPGSGTASKLTSGHVSFQNEAQASSYGTGDLSYNEQF,TSENNYY,QEAYKQQN,ALLPGSGTASKLT,SGHVS,FQNEAQ,ASSYGTGDLSYNEQF,1
LLWNGPMAV,VSGLRGLYSAGEEAVPPKANNLFSGHNSFNNNVPASTPGRSDTGELF,VSGLRG,LYSAGEE,AVPPKANNLF,SGHNS,FNNNVP,ASTPGRSDTGELF,0
GILGFVFTL,TSGFNGNVLDGLAAMDSNYQLIDFQATTSNEGSKASARGLAGYNEQF,TSGFNG,NVLDGL,AAMDSNYQLI,DFQATT,SNEGSKA,SARGLAGYNEQF,0
RLPGVLPRA,TRDTTYYRNSFDEQNALSLKYNFNKFYSGHNSFNNNVPASSLARTEDNYEQY,TRDTTYY,RNSFDEQN,ALSLKYNFNKFY,SGHNS,FNNNVP,ASSLARTEDNYEQY,0
FEDLRLLSF,SSYSPSYTSAATLVVVSAGSIVSGGYNKLIENHRYSYGVKDAIRDKMNTEAF,SSYSPS,YTSAATLV,VVSAGSIVSGGYNKLI,ENHRY,SYGVKD,AIRDKMNTEAF,0
AVFDRKSDAK,VSGNPYYITGDNLVAVRDKDTGFQKLVLGHNTFRNRAPASGLGPLAQTYNEQF,VSGNPY,YITGDNLV,AVRDKDTGFQKLV,LGHNT,FRNRAP,ASGLGPLAQTYNEQF,1
IVTDFSVIK,YGGTVNYFSGDPLVAVNRNAGNMLTLNHDASQIVNDASSIRSSYEQY,YGGTVN,YFSGDPLV,AVNRNAGNMLT,LNHDA,SQIVND,ASSIRSSYEQY,0
GILGFVFTL,NSMFDYISSIKDKAPPNSGNTPLKGHDRSFDVKDTSIAPI,NSMFDY,ISSIKDK,APPNSGNTPL,KGHDR,SFDVKD,TSIAPI,1
GILGFVFTL,SVFSSVVTGGEVAGAGSQGNLISGHRSYFSETQASSPGGLAGADTQY,SVFSS,VVTGGEV,AGAGSQGNLI,SGHRS,YFSETQ,ASSPGGLAGADTQY,1
ATDALMTGF,NSASQSVYSSGVVGNYGQNFVLGHNAYSLEERASSQVLSGELF,NSASQS,VYSSG,VVGNYGQNFV,LGHNA,YSLEER,ASSQVLSGELF,0
RFPLTFGWCF,DRGSQSIYSNGDAVGNYQLISGDLSYYNGEEASSDLAGGTDTQY,DRGSQS,IYSNGD,AVGNYQLI,SGDLS,YYNGEE,ASSDLAGGTDTQY,0
SLFNTVATLY,TTLSNLVKSGEVAGRRGAGKSTSGHDTYYEEEEASSAYAGLAGVRETQY,TTLSN,LVKSGEV,AGRRGAGKST,SGHDT,YYEEEE,ASSAYAGLAGVRETQY,0
ELAGIGILTV,SSVPPYYTSAATLVAVPNTGNQFYSGHTAFQGTGAASSPPTNYGYT,SSVPPY,YTSAATLV,AVPNTGNQFY,SGHTA,FQGTGA,ASSPPTNYGYT,0
LLWNGPMAV,DRGSQSIYSNGDAAVASKIILGHDTYNNKELASSIKPDGYEQY,DRGSQS,IYSNGD,AAVASKII,LGHDT,YNNKEL,ASSIKPDGYEQY,1
RAKFKQLL,SSVSVYYLSGSTLVAVSSDNTGKLILNHDASQIVNDASSIRSNYEQY,SSVSVY,YLSGSTLV,AVSSDNTGKLI,LNHDA,SQIVND,ASSIRSNYEQY,0
GILGFVFTL,DSAIYNIQSSQREAGRGSARQLTMGHRAYSYEKLASSQDRGQGGSYEQY,DSAIYN,IQSSQRE,AGRGSARQLT,MGHRA,YSYEKL,ASSQDRGQGGSYEQY,0
KLGGALQAK,VSPFSNMTFSENTVVSANSDGQKLLSGDLSYYNGEEASSVVSGANVLT,VSPFSN,MTFSENT,VVSANSDGQKLL,SGDLS,YYNGEE,ASSVVSGANVLT,0
KLGGALQAK,DRGSQSIYSNGDAVPQAGTALILNHDASQIVNDASSPGALNTEAF,DRGSQS,IYSNGD,AVPQAGTALI,LNHDA,SQIVND,ASSPGALNTEAF,0
AVFDRKSDAK,SVFSSVVTGGEVAGASSGGGADGLTMNHEYSVGAGIASSPENSPLH,SVFSS,VVTGGEV,AGASSGGGADGLT,MNHEY,SVGAGI,ASSPENSPLH,1
KLGGALQAK,DSASNYIRSNVGEAASINRMDNDMRDFQATTSNEGSKASAFDREGVDGYT,DSASNY,IRSNVGE,AASINRMDNDMR,DFQATT,SNEGSKA,SAFDREGVDGYT,0
CTELKLSDY,SSYSPSYTSAATLVVVSEWAAGNKLTSGHDNFVKESKASSQEQGDIQY,SSYSPS,YTSAATLV,VVSEWAAGNKLT,SGHDN,FVKESK,ASSQEQGDIQY,0
GILGFVFTL,SVFSSVVTGGEVAGAGEAGAQKLVMNHEYSMNVEVASSPTGLVYEQF,SVFSS,VVTGGEV,AGAGEAGAQKLV,MNHEY,SMNVEV,ASSPTGLVYEQF,0
RAKFKQLL,NSASQSVYSSGVVESMEYGNKLVSGHKSYYEKEEASSRGRGGQYNEQF,NSASQS,VYSSG,VVESMEYGNKLV,SGHKS,YYEKEE,ASSRGRGGQYNEQF,1
GLCTLVAML,DRGSQSIYSNGDAVSQDGNKLVSGHDYFNNNVPASSFQGALEQY,DRGSQS,IYSNGD,AVSQDGNKLV,SGHDY,FNNNVP,ASSFQGALEQY,0
YLQPRTFLL,TSENNYYQEAYKQQNALLPGSGTASKLTSGHVSFQNEAQASSYGTGDLSYNEQF,TSENNYY,QEAYKQQN,ALLPGSGTASKLT,SGHVS,FQNEAQ,ASSYGTGDLSYNEQF,0
ATDALMTGF,NSASDYIRSNMDKADSGGGADGLTDFQATTSNEGSKASALWTDSYEQY,NSASDY,IRSNMDK,ADSGGGADGLT,DFQATT,SNEGSKA,SALWTDSYEQY,0
RAKFKQLL,VSGLRGLYSAGEEAALLDFGNEKLTMGHRAYSYEKLASSLLWAEYNEQF,VSGLRG,LYSAGEE,AALLDFGNEKLT,MGHRA,YSYEKL,ASSLLWAEYNEQF,1
LLWNGPMAV,SVFSSVVTGGEVAGDDQGGKLILNHDASHIVNDASSIRSSYEQY,SVFSS,VVTGGEV,AGDDQGGKLI,LNHDA,SHIVND,ASSIRSSYEQY,0
GILGFVFTL,DSSSTYIFSNMDMAEMEGGSYIPTMNHNSSASEGTASSITEGEDSVSTDTQY,DSSSTY,IFSNMDM,AEMEGGSYIPT,MNHNS,SASEGT,ASSITEGEDSVSTDTQY,0
AVFDRKSDAK,TRDTTYYRNSFDEQNALSEARDQFYMNHNSSASEGTASSVSAGTDTQY,TRDTTYY,RNSFDEQN,ALSEARDQFY,MNHNS,SASEGT,ASSVSAGTDTQY,0
KLGGALQAK,TRDTTYYRNSFDEQNALCKGDDKIILNHDASQIVNDASSMRSTGELF,TRDTTYY,RNSFDEQN,ALCKGDDKII,LNHDA,SQIVND,ASSMRSTGELF,0
ELAGIGILTV,DRGSQSIYSNGDAVGISGGYQKVTMNHEYSVGAGIASSSGTGSPLH,DRGSQS,IYSNGD,AVGISGGYQKVT,MNHEY,SVGAGI,ASSSGTGSPLH,1
AVFDRKSDAK,DRGSQSIYSNGDAVKKSNFGNEKLTDFQATTSNEGSKASAGLQVNTEAF,DRGSQS,IYSNGD,AVKKSNFGNEKLT,DFQATT,SNEGSKA,SAGLQVNTEAF,0
CINGVCWTV,TISGNEYGLKNNIVRVGYTGFQKLVMGHRAYSYEKLASRGTGGGSGQPQH,TISGNEY,GLKNN,IVRVGYTGFQKLV,MGHRA,YSYEKL,ASRGTGGGSGQPQH,0
CINGVCWTV,VSPFSNMTFSENTVVSSYSSASKIIKGHDRSFDVKDATSDLPGKAGYT,VSPFSN,MTFSENT,VVSSYSSASKII,KGHDR,SFDVKD,ATSDLPGKAGYT,0
KLGGALQAK,SIFNTLYKAGELAGLSGSARQLTFGSGHNSFNNNVPASSLFPGGNTGELFFG,SIFNT,LYKAGEL,AGLSGSARQLTFG,SGHNS,FNNNVP,ASSLFPGGNTGELFFG,0
RAKFKQLL,TISGTDYGLTSNILRDVRGQNFVDFQATTSNEGSKASAFTGEGNTIY,TISGTDY,GLTSN,ILRDVRGQNFV,DFQATT,SNEGSKA,SAFTGEGNTIY,1
ELAGIGILTV,SSVSVYYLSGSTLVAVSVRMDSSYKLIMGHRAYSYEKLASSQDPGYEQY,SSVSVY,YLSGSTLV,AVSVRMDSSYKLI,MGHRA,YSYEKL,ASSQDPGYEQY,0
AVFDRKSDAK,TSENNYYQEAYKQQNAFMKGSGGSQGNLISGDLSYYNGEEASSPRREYTYEQY,TSENNYY,QEAYKQQN,AFMKGSGGSQGNLI,SGDLS,YYNGEE,ASSPRREYTYEQY,1
AVFDRKSDAK,DSASNYIRSNVGEAASETSYDKVIMGHDKSYGVNSASSEQGQGEKLF,DSASNY,IRSNVGE,AASETSYDKVI,MGHDK,SYGVNS,ASSEQGQGEKLF,0
KLGGALQAK,DSAIYNIQSSQREAVPNFGNEKLTLGHDTYNNKELASSQDFTQGFAYEQY,DSAIYN,IQSSQRE,AVPNFGNEKLT,LGHDT,YNNKEL,ASSQDFTQGFAYEQY,0
GILGFVFTL,DSVNNIPSGTAAGLYSSASKIISNHLYFYNNEIASSGFSHEEGTEAF,DSVNN,IPSGT,AAGLYSSASKII,SNHLY,FYNNEI,ASSGFSHEEGTEAF,0
GLCTLVAML,SSVPPYYTSAATLVAVIGGYQKVTDFQATTSNEGSKASAGQGSNEKLF,SSVPPY,YTSAATLV,AVIGGYQKVT,DFQATT,SNEGSKA,SAGQGSNEKLF,0
KLGGALQAK,DRGSQSIYSNGDAVILTGGGNKLTMDHENSYDVKMASTPSFEGTYEQY,DRGSQS,IYSNGD,AVILTGGGNKLT,MDHEN,SYDVKM,ASTPSFEGTYEQY,0
AVFDRKSDAK,DSASNYIRSNVGEAASMSSGSARQLTMGHRAYSYEKLASSQRDRQETQY,DSASNY,IRSNVGE,AASMSSGSARQLT,MGHRA,YSYEKL,ASSQRDRQETQY,1
AVFDRKSDAK,DRGSQSIYSNGDAVGAPTNDYKLSMNHEYSMNVEVASSPGTGAYEQY,DRGSQS,IYSNGD,AVGAPTNDYKLS,MNHEY,SMNVEV,ASSPGTGAYEQY,0
FEDLRLLSF,DRGSQSIYSNGDAVNIRGPFMEYGNKLVLNHDASQIVNDASSMLVANYGYT,DRGSQS,IYSNGD,AVNIRGPFMEYGNKLV,LNHDA,SQIVND,ASSMLVANYGYT,1
LLWNGPMAV,DRGSQSIYSNGDAVNGNQFYMGHRAYSYEKLASSQEEESLGYEQY,DRGSQS,IYSNGD,AVNGNQFY,MGHRA,YSYEKL,ASSQEEESLGYEQY,0
RAKFKQLL,NIATNDYGYKTKLVGDFPNTDKLISGHATFQNNGVASSLGVAGTNTGELF,NIATNDY,GYKTK,LVGDFPNTDKLI,SGHAT,FQNNGV,ASSLGVAGTNTGELF,1
KLGGALQAK,YGATPYYFSGDTLVAVGTFSNSGYALNMGHRAYSYEKLASSQDGIYEQY,YGATPY,YFSGDTLV,AVGTFSNSGYALN,MGHRA,YSYEKL,ASSQDGIYEQY,0
RAKFKQLL,SSVPPYYTSAATLVAVIGGYQKVTDFQATTSNEGSKASAGQGSNEKLF,SSVPPY,YTSAATLV,AVIGGYQKVT,DFQATT,SNEGSKA,SAGQGSNEKLF,0
GILGFVFTL,TRDTTYYRNSFDEQNALSEVDRLMMDHENSYDVKMASSLTGTDTQY,TRDTTYY,RNSFDEQN,ALSEVDRLM,MDHEN,SYDVKM,ASSLTGTDTQY,0
CINGVCWTV,NSASQSVYSSGVVNGMDSSHKLISNHLYFYNNEIASSGVQLLPGELF,NSASQS,VYSSG,VVNGMDSSHKLI,SNHLY,FYNNEI,ASSGVQLLPGELF,0
RAKFKQLL,SVFSSVVTGGEVAGAGSQGNLILNHDASQIVNDAGRGTDDYGYT,SVFSS,VVTGGEV,AGAGSQGNLI,LNHDA,SQIVND,AGRGTDDYGYT,0
KLGGALQAK,DSVNNIPSGTAVEAAAGNKLTMDHENSYDVKMASSSGQGNIQY,DSVNN,IPSGT,AVEAAAGNKLT,MDHEN,SYDVKM,ASSSGQGNIQY,0
RAKFKQLL,SVFSSVVTGGEVAGAPGSSNTGKLILNHDASHIVNDASSTRSSYEQY,SVFSS,VVTGGEV,AGAPGSSNTGKLI,LNHDA,SHIVND,ASSTRSSYEQY,0
NLVPMVATV,YGGTVNYFSGDPLVAVNAYPHNYGQNFVMNHEYSMNVEVASSPHFQVDTGELF,YGGTVN,YFSGDPLV,AVNAYPHNYGQNFV,MNHEY,SMNVEV,ASSPHFQVDTGELF,0
IVTDFSVIK,TRDTTYYRNSFDEQNALSGGDSNYQLIKGHSHLQKENIASSPMGSNEQY,TRDTTYY,RNSFDEQN,ALSGGDSNYQLI,KGHSH,LQKENI,ASSPMGSNEQY,1
GILGFVFTL,DSASNYIRSNVGEAASFVERSNYKLTMNHEYSVGEGTASEEQGGLETQY,DSASNY,IRSNVGE,AASFVERSNYKLT,MNHEY,SVGEGT,ASEEQGGLETQY,0
RPPIFIRRL,NSASQSVYSSGVVNVGYGGSQGNLIMNHNSSASEGTASSGNGQDLQPQH,NSASQS,VYSSG,VVNVGYGGSQGNLI,MNHNS,SASEGT,ASSGNGQDLQPQH,0
RLPGVLPRA,SSVSVYYLSGSTLVAVKIKAAGNKLTPRHDTFYEKMQASSSTGGKETQY,SSVSVY,YLSGSTLV,AVKIKAAGNKLT,PRHDT,FYEKMQ,ASSSTGGKETQY,0
GILGFVFTL,DSAIYNIQSSQREADSPDNYGQNFVMDHENSYDVKMASSFGTTSSGGELF,DSAIYN,IQSSQRE,ADSPDNYGQNFV,MDHEN,SYDVKM,ASSFGTTSSGGELF,0
RPPIFIRRL,SSNFYAMTLNGDEAFSYNNNDMRMGHRAYSYEKLASSQDRFTDPYGYT,SSNFYA,MTLNGDE,AFSYNNNDMR,MGHRA,YSYEKL,ASSQDRFTDPYGYT,1
RAKFKQLL,DSASNYIRSNVGEAAGETSYDKVISGHNSFNNNVPASRSGDSNQPQH,DSASNY,IRSNVGE,AAGETSYDKVI,SGHNS,FNNNVP,ASRSGDSNQPQH,1
GILGFVFTL,TRDTTYYRNSFDEQNALSGDTGNQFYKGHSHLQKENIASSPSQGGNTDTQY,TRDTTYY,RNSFDEQN,ALSGDTGNQFY,KGHSH,LQKENI,ASSPSQGGNTDTQY,0
IVTDFSVIK,DSASNYIRSNVGEAARVRGFGNVLHSGHDTYYEEEEASSLRDGSEAF,DSASNY,IRSNVGE,AARVRGFGNVLH,SGHDT,YYEEEE,ASSLRDGSEAF,0
CINGVCWTV,VSGNPYYITGDNLVAVRDMLGFNKFYMRHNASNTAGTASSPTGSDTGELF,VSGNPY,YITGDNLV,AVRDMLGFNKFY,MRHNA,SNTAGT,ASSPTGSDTGELF,0
GILGFVFTL,DRGSQSIYSNGDAVEGGKLISQVTMANQGSEASVEGRGTDTQY,DRGSQS,IYSNGD,AVEGGKLI,SQVTM,ANQGSEA,SVEGRGTDTQY,0
GILGFVFTL,DSAIYNIQSSQREAVRRRGSQGNLISEHNRFQNEAQASSLEGQLNEQF,DSAIYN,IQSSQRE,AVRRRGSQGNLI,SEHNR,FQNEAQ,ASSLEGQLNEQF,0
AVFDRKSDAK,TSESDYYQEAYKQQNAYRTPYGGSQGNLIDFQATTSNEGSKASARPRESSNQPQH,TSESDYY,QEAYKQQN,AYRTPYGGSQGNLI,DFQATT,SNEGSKA,SARPRESSNQPQH,0
ATDALMTGF,YGGTVNYFSGDPLVAVNEDNFNKFYMGHRAYSYEKLASSLGGTNEQF,YGGTVN,YFSGDPLV,AVNEDNFNKFY,MGHRA,YSYEKL,ASSLGGTNEQF,0
RFPLTFGWCF,TSGFNGNVLDGLGVSGGYNKLIMNHNSSASEGTASSLGLAGDNEQF,TSGFNG,NVLDGL,GVSGGYNKLI,MNHNS,SASEGT,ASSLGLAGDNEQF,1
KLGGALQAK,SVFSSVVTGGEVAGGGSQGNLIMNHEYSVGEGTASRASMSSYNEQF,SVFSS,VVTGGEV,AGGGSQGNLI,MNHEY,SVGEGT,ASRASMSSYNEQF,0
NLVPMVATV,VSGNPYYITGDNLVAVRDMLGFNKFYMRHNASNTAGTASSPTGSDTGELF,VSGNPY,YITGDNLV,AVRDMLGFNKFY,MRHNA,SNTAGT,ASSPTGSDTGELF,0
IVTDFSVIK,KTLYGLQKGGEEGAEKGIQGAQKLVSGHATFQNNGVASSLAPGASGRSYNEQF,KTLYG,LQKGGEE,GAEKGIQGAQKLV,SGHAT,FQNNGV,ASSLAPGASGRSYNEQF,1
IVTDFSVIK,NIATNDYGYKTKLVASPSGGYNKLISGHDTYYEEEEASSLARQEETQY,NIATNDY,GYKTK,LVASPSGGYNKLI,SGHDT,YYEEEE,ASSLARQEETQY,0
KLGGALQAK,SSNFYAMTLNGDEASPEIKTGPARKLTLNHDASQIVNDASPPLGGGYNEQF,SSNFYA,MTLNGDE,ASPEIKTGPARKLT,LNHDA,SQIVND,ASPPLGGGYNEQF,0
RLRAEAQVK,VSGNPYYITGDNLVAVRNNNARLMSGHDYFNNNVPASSIVNEAF,VSGNPY,YITGDNLV,AVRNNNARLM,SGHDY,FNNNVP,ASSIVNEAF,0
CTELKLSDY,YSGSPEHISRALVTFTGGGNKLTSGHNTYYREEEASSSTGGGEKDQPQH,YSGSPE,HISR,ALVTFTGGGNKLT,SGHNT,YYREEE,ASSSTGGGEKDQPQH,0
KLGGALQAK,TSESDYYQEAYKQQNAHPNSNSGYALNSEHNRFQNEAQASSLAVIDRYNEQF,TSESDYY,QEAYKQQN,AHPNSNSGYALN,SEHNR,FQNEAQ,ASSLAVIDRYNEQF,0
SPRWYFYYL,NIATNDYGYKTKLVGDMAGGFKTISGHNTYYREEEASSWTQGDEQY,NIATNDY,GYKTK,LVGDMAGGFKTI,SGHNT,YYREEE,ASSWTQGDEQY,0
GLCTLVAML,DRGSQSIYSNGDAMNPAWGGATNKLISGHATFQNNGVASSLNRGDPEAF,DRGSQS,IYSNGD,AMNPAWGGATNKLI,SGHAT,FQNNGV,ASSLNRGDPEAF,1
GILGFVFTL,TISGNEYGLKNNITGGGADGLTLNHNVYYDKDFATSRDRLGRGKGTEAF,TISGNEY,GLKNN,ITGGGADGLT,LNHNV,YYDKDF,ATSRDRLGRGKGTEAF,0
KLGGALQAK,NSMFDYISSIKDKAPPNSGNTPLKGHDRSFDVKDTSIAPI,NSMFDY,ISSIKDK,APPNSGNTPL,KGHDR,SFDVKD,TSIAPI,0
LLWNGPMAV,VGISALSSGKAAPANTGNQFYSGHNSFNNNVPASSLLWRNNEQF,VGISA,LSSGK,AAPANTGNQFY,SGHNS,FNNNVP,ASSLLWRNNEQF,0
GPRLGVRAT,DSVNNIPSGTAVDHLMNYGGSQGNLILNHDASQIVNDASSTYSQDTQY,DSVNN,IPSGT,AVDHLMNYGGSQGNLI,LNHDA,SQIVND,ASSTYSQDTQY,0
RAKFKQLL,YGATPYYFSGDTLVAVGDNYGGSQGNLIMGHDKSYGVNSASRIGYTEAF,YGATPY,YFSGDTLV,AVGDNYGGSQGNLI,MGHDK,SYGVNS,ASRIGYTEAF,0
NLVPMVATV,TSGFNGNVLDGLAVRDSNYQLIMRHNASNTAGTASSDSTSGGNEQF,TSGFNG,NVLDGL,AVRDSNYQLI,MRHNA,SNTAGT,ASSDSTSGGNEQF,1
ELAGIGILTV,NSASDYIRSNMDKAENILSSSNTGKLISGDLSYYNGEEASQSAEASTDTQY,NSASDY,IRSNMDK,AENILSSSNTGKLI,SGDLS,YYNGEE,ASQSAEASTDTQY,0
KLGGALQAK,DSASNYIRSNVGEAATASRAGTALISGHRSYFSETQASSLEGQGGTDTQY,DSASNY,IRSNVGE,AATASRAGTALI,SGHRS,YFSETQ,ASSLEGQGGTDTQY,0
ELAGIGILTV,TISGTDYGLTSNIVMDSNYQLILNHNVYYDKDFATSRDARVTEAF,TISGTDY,GLTSN,IVMDSNYQLI,LNHNV,YYDKDF,ATSRDARVTEAF,0
GILGFVFTL,NSASDYIRSNMDKAENSGGGSQGNLILNHDASQIVNDASSFRATDTQY,NSASDY,IRSNMDK,AENSGGGSQGNLI,LNHDA,SQIVND,ASSFRATDTQY,1
ATDALMTGF,TSGFNGNVLDGLAVLDSNYQLISGHDYFNNNVPASSPSSSYEQY,TSGFNG,NVLDGL,AVLDSNYQLI,SGHDY,FNNNVP,ASSPSSSYEQY,0
KLGGALQAK,DSAIYNIQSSQREAASSVRQAGTALILNHDASQIVNDASSIGRSEQF,DSAIYN,IQSSQRE,AASSVRQAGTALI,LNHDA,SQIVND,ASSIGRSEQF,0
KSKRTPMGF,DSSSTYIFSNMDMADHGGATNKLIMGHRAYSYEKLASSTGAGVNEQY,DSSSTY,IFSNMDM,ADHGGATNKLI,MGHRA,YSYEKL,ASSTGAGVNEQY,0
KLGGALQAK,NSAFQYTYSSGNAMIKAAGNKLTMNHEYSMNVEVASSINRASEAF,NSAFQY,TYSSGN,AMIKAAGNKLT,MNHEY,SMNVEV,ASSINRASEAF,0
ELAGIGILTV,NSASDYIRSNMDKAEKDDKIISGHDNFVKESKASSFQGLGTEAF,NSASDY,IRSNMDK,AEKDDKII,SGHDN,FVKESK,ASSFQGLGTEAF,1
ELAGIGILTV,DSAIYNIQSSQREAVHTQGGSEKLVSEHNRFQNEAQASTPYRRGPHLYGYT,DSAIYN,IQSSQRE,AVHTQGGSEKLV,SEHNR,FQNEAQ,ASTPYRRGPHLYGYT,0
IVTDFSVIK,SVFSSVVTGGEVAGAIGSSNTGKLILNHDASQIVNDASSIRAAYEQY,SVFSS,VVTGGEV,AGAIGSSNTGKLI,LNHDA,SQIVND,ASSIRAAYEQY,0
AVFDRKSDAK,SSVSVYYLSGSTLVAVNNNKLIMNHNSSASEGTASSDSPNSNQPQH,SSVSVY,YLSGSTLV,AVNNNKLI,MNHNS,SASEGT,ASSDSPNSNQPQH,0
LLWNGPMAV,NSASDYIRSNMDKAEPSSASKIISGDLSYYNGEEASSEENTGELF,NSASDY,IRSNMDK,AEPSSASKII,SGDLS,YYNGEE,ASSEENTGELF,0
KLGGALQAK,TRDTTYYRNSFDEQNALSVIKAAGNKLTSGHVSFQNEAQASSPLPRLAGEETQY,TRDTTYY,RNSFDEQN,ALSVIKAAGNKLT,SGHVS,FQNEAQ,ASSPLPRLAGEETQY,1
RAKFKQLL,TSINNIRSNEREATDENNNDMRSGHATFQDESVASSLAAVSGPHTDTQY,TSINN,IRSNERE,ATDENNNDMR,SGHAT,FQDESV,ASSLAAVSGPHTDTQY,0
KLGGALQAK,NSASDYIRSNMDKADSGGGADGLTSNHLYFYNNEIASQGAHYGQY,NSASDY,IRSNMDK,ADSGGGADGLT,SNHLY,FYNNEI,ASQGAHYGQY,0
GILGFVFTL,DRGSQSIYSNGDAVKDDKIIMGHDKSYGVNSASTGTGGFSYNEQF,DRGSQS,IYSNGD,AVKDDKII,MGHDK,SYGVNS,ASTGTGGFSYNEQF,0
FEDLRLLSF,NSASQSVYSSGVVGDNNDMRSQVTMANQGSEASVEGVGTSIGEQF,NSASQS,VYSSG,VVGDNNDMR,SQVTM,ANQGSEA,SVEGVGTSIGEQF,0
RAKFKQLL,DRGSQSIYSNGDAVGSNDYKLSSGHDTYYEEEEASSFGGRSYEQY,DRGSQS,IYSNGD,AVGSNDYKLS,SGHDT,YYEEEE,ASSFGGRSYEQY,0
GLCTLVAML,TRDTTYYRNSFDEQNALKGNTGTASKLTSGDLSYYNGEEASSVELSTDTQY,TRDTTYY,RNSFDEQN,ALKGNTGTASKLT,SGDLS,YYNGEE,ASSVELSTDTQY,0
AVFDRKSDAK,SSYSPSYTSAATLVVVSERDSSYKLISGHDYFNNNVPASSRGLGETQY,SSYSPS,YTSAATLV,VVSERDSSYKLI,SGHDY,FNNNVP,ASSRGLGETQY,1
RAKFKQLL,NIATNDYGYKTKLVVEGNRDDKIISGHNSFNNNVPASREWGGSVNEQF,NIATNDY,GYKTK,LVVEGNRDDKII,SGHNS,FNNNVP,ASREWGGSVNEQF,1
GILGFVFTL,SSVPPYYTSAATLVAVSERLWDDKIILGHNTFRNRAPASGLDSSSGNTIY,SSVPPY,YTSAATLV,AVSERLWDDKII,LGHNT,FRNRAP,ASGLDSSSGNTIY,0
GILGFVFTL,TSINNIRSNEREATDADYGGSQGNLISEHNRFQNEAQASSGSSRTPNTEAF,TSINN,IRSNERE,ATDADYGGSQGNLI,SEHNR,FQNEAQ,ASSGSSRTPNTEAF,0
AVFDRKSDAK,DSAIYNIQSSQREAVFSLNNNDMRLNHDASQIVNDASSIGEFGNTEAF,DSAIYN,IQSSQRE,AVFSLNNNDMR,LNHDA,SQIVND,ASSIGEFGNTEAF,1
NLVPMVATV,TISGNEYGLKNNIVRVTMDSNYQLILGHDTYNNKELASSQDRGATDELF,TISGNEY,GLKNN,IVRVTMDSNYQLI,LGHDT,YNNKEL,ASSQDRGATDELF,0
IVTDFSVIK,DSAIYNIQSSQREAVRNQGGSEKLVLNHDASQIVNDASSARSSYEQY,DSAIYN,IQSSQRE,AVRNQGGSEKLV,LNHDA,SQIVND,ASSARSSYEQY,0
DATYQRTRALVR,YGATPYYFSGDTLVAVGEDSQLTLGHNAYSLEERASSQDSTSGYSREQF,YGATPY,YFSGDTLV,AVGEDSQLT,LGHNA,YSLEER,ASSQDSTSGYSREQF,0
LLWNGPMAV,SVFSSVVTGGEVAGARSGSQGNLILNHDASQIVNDASSVRSSYEQY,SVFSS,VVTGGEV,AGARSGSQGNLI,LNHDA,SQIVND,ASSVRSSYEQY,0
GILGFVFTL,TRDTTYYRNSFDEQNALSEAGGMGGGADGLTSGHNSFNNNVPASSFSGNTGELF,TRDTTYY,RNSFDEQN,ALSEAGGMGGGADGLT,SGHNS,FNNNVP,ASSFSGNTGELF,0
GILGFVFTL,TRDTTYYRNSFDEQNALSEANQAGTALILGHNAYSLEERASSQERGGKWAYEQY,TRDTTYY,RNSFDEQN,ALSEANQAGTALI,LGHNA,YSLEER,ASSQERGGKWAYEQY,0
LLWNGPMAV,SSYSPSYTSAATLVVVSETGTASKLTLGHDTYNNKELASSQGGQSAWTQY,SSYSPS,YTSAATLV,VVSETGTASKLT,LGHDT,YNNKEL,ASSQGGQSAWTQY,0
SLFNTVATLY,TSINNIRSNEREATPLDSWGKLQLGHDTYNNKELASSHRTTYNEQF,TSINN,IRSNERE,ATPLDSWGKLQ,LGHDT,YNNKEL,ASSHRTTYNEQF,0
KLGGALQAK,NIATNDYGYKTKLLYRDDKIISGHATFQNNGVASSLFRGGEKLF,NIATNDY,GYKTK,LLYRDDKII,SGHAT,FQNNGV,ASSLFRGGEKLF,0
KLGGALQAK,DRGSQSIYSNGDAVNKGGGSQGNLISGDLSYYNGEEASSVGGAGVSNEQF,DRGSQS,IYSNGD,AVNKGGGSQGNLI,SGDLS,YYNGEE,ASSVGGAGVSNEQF,0
GLCTLVAML,DRGSQSIYSNGDAASGGTYKYIDFQATTSNEGSKASARSQGDSSFNSPLH,DRGSQS,IYSNGD,AASGGTYKYI,DFQATT,SNEGSKA,SARSQGDSSFNSPLH,1
ELAGIGILTV,NSASQSVYSSGVVNTGFQKLVSGHRSYFSETQASSLDGGDSYEQY,NSASQS,VYSSG,VVNTGFQKLV,SGHRS,YFSETQ,ASSLDGGDSYEQY,0
ELAGIGILTV,DRGSQSIYSNGDAVLTLNARLMSGHDYFNNNVPASLPTGTNTGELF,DRGSQS,IYSNGD,AVLTLNARLM,SGHDY,FNNNVP,ASLPTGTNTGELF,0
NLVPMVATV,SVFSSVVTGGEVAGCHGSGNTGKLILNHDASQIVNDASSSRSAYEQY,SVFSS,VVTGGEV,AGCHGSGNTGKLI,LNHDA,SQIVND,ASSSRSAYEQY,0
GILGFVFTL,DSAIYNIQSSQREAVRPTGGFKTISGHATFQNNGVASSPSGQLEKLF,DSAIYN,IQSSQRE,AVRPTGGFKTI,SGHAT,FQNNGV,ASSPSGQLEKLF,0
AVFDRKSDAK,NSAFQYTYSSGNARGGGFKTISEHNRFQNEAQASSPVTGGGSGANVLT,NSAFQY,TYSSGN,ARGGGFKTI,SEHNR,FQNEAQ,ASSPVTGGGSGANVLT,0
RAKFKQLL,DSAIYNIQSSQREAVMEYGNKLVMNHEYSMNVEVASTSPKTGVYNEQF,DSAIYN,IQSSQRE,AVMEYGNKLV,MNHEY,SMNVEV,ASTSPKTGVYNEQF,0
NLVPMVATV,SSNFYAMTLNGDEAFEKLSMDHENSYDVKMASSFQGTSYEQY,SSNFYA,MTLNGDE,AFEKLS,MDHEN,SYDVKM,ASSFQGTSYEQY,0
SPRWYFYYL,NSASQSVYSSGVVESMEYGNKLVSGHKSYYEKEEASSRGRGGQYNEQF,NSASQS,VYSSG,VVESMEYGNKLV,SGHKS,YYEKEE,ASSRGRGGQYNEQF,0
RAKFKQLL,KALYSLLKGGEQGTEKARPNDYKLSMNHNYSVGAGIASSYPLPGLQLSTSTDTQY,KALYS,LLKGGEQ,GTEKARPNDYKLS,MNHNY,SVGAGI,ASSYPLPGLQLSTSTDTQY,0
KLGGALQAK,NSAFQYTYSSGNAMKSTNAGKSTDFQATTSNEGSKASARDRVGNTIY,NSAFQY,TYSSGN,AMKSTNAGKST,DFQATT,SNEGSKA,SARDRVGNTIY,0
AVFDRKSDAK,NSASDYIRSNMDKADSGGGADGLTSGHNSFNNNVPASSFSGNTGELF,NSASDY,IRSNMDK,ADSGGGADGLT,SGHNS,FNNNVP,ASSFSGNTGELF,0
GLCTLVAML,TRDTTYYRNSFDEQNALKMNAGGTSYGKLTLGHNAYSLEERASSRADLSHEQF,TRDTTYY,RNSFDEQN,ALKMNAGGTSYGKLT,LGHNA,YSLEER,ASSRADLSHEQF,0
GILGFVFTL,DSSSTYIFSNMDMAEDSNARLMSGHATFQNNGVASSLGVAGTNTGELF,DSSSTY,IFSNMDM,AEDSNARLM,SGHAT,FQNNGV,ASSLGVAGTNTGELF,0
NLVPMVATV,SIFNTLYKAGELAGGGYGGSQGNLILNHDASQIVNDASSIRSDTEAF,SIFNT,LYKAGEL,AGGGYGGSQGNLI,LNHDA,SQIVND,ASSIRSDTEAF,0
YLQPRTFLL,NSASQSVYSSGVGFSNTGNQFYSGDLSYYNGEEASSVTSSEGTIY,NSASQS,VYSSG,VGFSNTGNQFY,SGDLS,YYNGEE,ASSVTSSEGTIY,0
HPVTKYIM,VSGNPYYITGDNLVAVRDMLGFNKFYMRHNASNTAGTASSPTGSDTGELF,VSGNPY,YITGDNLV,AVRDMLGFNKFY,MRHNA,SNTAGT,ASSPTGSDTGELF,0
GILGFVFTL,DSSSTYIFSNMDMAENRCSTLTSGDLSYYNGEEASSVAGGDEQF,DSSSTY,IFSNMDM,AENRCSTLT,SGDLS,YYNGEE,ASSVAGGDEQF,0
RFPLTFGWCF,TSENNYYQEAYKQQNAFMLGAGGTSYGKLTSGHVSFNYEAQASSFLTGNTEAF,TSENNYY,QEAYKQQN,AFMLGAGGTSYGKLT,SGHVS,FNYEAQ,ASSFLTGNTEAF,0
GILGFVFTL,VTNFRSLTSSGIEAVEDYGQNFVDFQATTSNEGSKASARDRNTQGPETQY,VTNFRS,LTSSGIE,AVEDYGQNFV,DFQATT,SNEGSKA,SARDRNTQGPETQY,0
KLGGALQAK,KTLYGLQKGGEEGAEKGIQGAQKLVSGHATFQNNGVASSLAPGASGRSYNEQF,KTLYG,LQKGGEE,GAEKGIQGAQKLV,SGHAT,FQNNGV,ASSLAPGASGRSYNEQF,0
GILGFVFTL,SIFNTLYKAGELAGRELEAGGTSYGKLTSGHDTYYEEEEASSLRDGSEAF,SIFNT,LYKAGEL,AGRELEAGGTSYGKLT,SGHDT,YYEEEE,ASSLRDGSEAF,0
NLVPMVATV,TRDTTYYRNSFDEQNALSGDDYKLSSGDLSYYNGEEASSVASGRAHEQY,TRDTTYY,RNSFDEQN,ALSGDDYKLS,SGDLS,YYNGEE,ASSVASGRAHEQY,1
GILGFVFTL,DSASNYIRSNVGEAAKLSDSSYKLIDFQATTSNEGSKASAMTSGSSYEQY,DSASNY,IRSNVGE,AAKLSDSSYKLI,DFQATT,SNEGSKA,SAMTSGSSYEQY,0
CINGVCWTV,DSASNYIRSNVGEAAAETSYDKVILNHDASQIVNDASSWIAANTGELF,DSASNY,IRSNVGE,AAAETSYDKVI,LNHDA,SQIVND,ASSWIAANTGELF,0
RAKFKQLL,YGATPYYFSGDTLVAVGDNFNKFYSEHNRFQNEAQASSPVTGGGSGANVLT,YGATPY,YFSGDTLV,AVGDNFNKFY,SEHNR,FQNEAQ,ASSPVTGGGSGANVLT,0
AVFDRKSDAK,TTLSNLVKSGEVAGNYGGSQGNLISGHDTYYEEEEASSLRDGSEAF,TTLSN,LVKSGEV,AGNYGGSQGNLI,SGHDT,YYEEEE,ASSLRDGSEAF,0
IVTDFSVIK,TSGFYGNALDGLAVDDTGGGNKLTSNHLYFYNNEIASSAGQVSPGELF,TSGFYG,NALDGL,AVDDTGGGNKLT,SNHLY,FYNNEI,ASSAGQVSPGELF,0
RAKFKQLL,TSGFNGNVLDGLVQKSGGYQKVTMNHEYSVGEGTASSYPPTDTQY,TSGFNG,NVLDGL,VQKSGGYQKVT,MNHEY,SVGEGT,ASSYPPTDTQY,0
KLGGALQAK,NSAFQYTYSSGNAMSEGGTSYGKLTMGHRAYSYEKLASSQFIRGAYTEAF,NSAFQY,TYSSGN,AMSEGGTSYGKLT,MGHRA,YSYEKL,ASSQFIRGAYTEAF,0
SPRWYFYYL,TTLSNLVKSGEVAGADAGNNRKLISGHRSYFSETQASSLDQGAYEQY,TTLSN,LVKSGEV,AGADAGNNRKLI,SGHRS,YFSETQ,ASSLDQGAYEQY,0
KLGGALQAK,NSASQSVYSSGVVKAYGQNFVLNHDASQIVNDASSSRASYEQY,NSASQS,VYSSG,VVKAYGQNFV,LNHDA,SQIVND,ASSSRASYEQY,0
ATDALMTGF,DSAIYNIQSSQREAVRPTGGFKTISGHATFQNNGVASSPSGQLEKLF,DSAIYN,IQSSQRE,AVRPTGGFKTI,SGHAT,FQNNGV,ASSPSGQLEKLF,1
ATDALMTGF,DSASNYIRSNVGEAAMETSYDKVIKGHSHLQKENIASSPRKDSTGELF,DSASNY,IRSNVGE,AAMETSYDKVI,KGHSH,LQKENI,ASSPRKDSTGELF,0
IVTDFSVIK,DSVNNIPSGTAVEPLYGNKLVKGHDRSFDVKDATSDRLAGGELF,DSVNN,IPSGT,AVEPLYGNKLV,KGHDR,SFDVKD,ATSDRLAGGELF,0
KLGGALQAK,DSASNYIRSNVGEAASKWGDDMRSGHNSFNNNVPASSSLAGGSYNEQF,DSASNY,IRSNVGE,AASKWGDDMR,SGHNS,FNNNVP,ASSSLAGGSYNEQF,0
RAKFKQLL,NSASQSVYSSGVVNMDNARLMSQVTMANQGSEASAGQGPYEQY,NSASQS,VYSSG,VVNMDNARLM,SQVTM,ANQGSEA,SAGQGPYEQY,1
KLGGALQAK,DRGSQSIYSNGDAVEGRRLTGGGNKLTMNHNSSASEGTASRVGPEAF,DRGSQS,IYSNGD,AVEGRRLTGGGNKLT,MNHNS,SASEGT,ASRVGPEAF,1
RLRAEAQVK,DSASNYIRSNVGEAAMETSYDKVIKGHSHLQKENIASSPRKDSTGELF,DSASNY,IRSNVGE,AAMETSYDKVI,KGHSH,LQKENI,ASSPRKDSTGELF,0
RAKFKQLL,NSASQSVYSSGVGGLNTPLVMNHNSSASEGTASSDSGQIYEQY,NSASQS,VYSSG,VGGLNTPLV,MNHNS,SASEGT,ASSDSGQIYEQY,0
KLGGALQAK,DSASNYIRSNVGEAGEYGNKLVMNHEYSVGEGTASSYSFQGGELF,DSASNY,IRSNVGE,AGEYGNKLV,MNHEY,SVGEGT,ASSYSFQGGELF,0
KLGGALQAK,VSPFSNMTFSENTVVSQSNAGNNRKLIMNHNSSASEGTASSEPEGNYGYT,VSPFSN,MTFSENT,VVSQSNAGNNRKLI,MNHNS,SASEGT,ASSEPEGNYGYT,0
NLVPMVATV,TRDTTYYRNSFDEQNALSEIGGGADGLTLNHDASQIVNDASSPEAGTVLEAF,TRDTTYY,RNSFDEQN,ALSEIGGGADGLT,LNHDA,SQIVND,ASSPEAGTVLEAF,0
LLWNGPMAV,DRGSQSIYSNGDAVGGNNRLASNHLYFYNNEIASSEDFSGNTIY,DRGSQS,IYSNGD,AVGGNNRLA,SNHLY,FYNNEI,ASSEDFSGNTIY,0
KLGGALQAK,VSGNPYYITGDNLVAVSAASGGSYIPTSGHNSFNNNVPASSFSGNTGELF,VSGNPY,YITGDNLV,AVSAASGGSYIPT,SGHNS,FNNNVP,ASSFSGNTGELF,0
GILGFVFTL,TRDTTYYRNSFDEQNGGPSSNTGKLILNHDASQIVNDASSARSAETQY,TRDTTYY,RNSFDEQN,GGPSSNTGKLI,LNHDA,SQIVND,ASSARSAETQY,1
AVFDRKSDAK,DRGSQSIYSNGDAVEAGGTSYGKLTDFQATTSNEGSKASASDVGLNQPQH,DRGSQS,IYSNGD,AVEAGGTSYGKLT,DFQATT,SNEGSKA,SASDVGLNQPQH,0
GLCTLVAML,NSASQSVYSSGVVKAYGQNFVLNHDASQIVNDASSSRASYEQY,NSASQS,VYSSG,VVKAYGQNFV,LNHDA,SQIVND,ASSSRASYEQY,0
RAKFKQLL,YGATPYYFSGDTLVAVGAPTTSGTYKYIMGHRAYSYEKLASSHASGQGDSYEQY,YGATPY,YFSGDTLV,AVGAPTTSGTYKYI,MGHRA,YSYEKL,ASSHASGQGDSYEQY,0
GILGFVFTL,VSPFSNMTFSENTVLASGGSYIPTSGHNSFNNNVPASLAGVRTDTQY,VSPFSN,MTFSENT,VLASGGSYIPT,SGHNS,FNNNVP,ASLAGVRTDTQY,0
RAKFKQLL,VSGNPYYITGDNLVAVRDPHYGGSQGNLISGHKSYYEKEEASSTGGEVQY,VSGNPY,YITGDNLV,AVRDPHYGGSQGNLI,SGHKS,YYEKEE,ASSTGGEVQY,0
GILGFVFTL,TSGFNGNVLDGLAVMDSNYQLISGHDTYYEEEEASSLRDGSEAF,TSGFNG,NVLDGL,AVMDSNYQLI,SGHDT,YYEEEE,ASSLRDGSEAF,0
CINGVCWTV,VSGLRGLYSAGEEAVKPNYGGSQGNLIMNHNSSASEGTASSAGDGYTHTVFGNIQY,VSGLRG,LYSAGEE,AVKPNYGGSQGNLI,MNHNS,SASEGT,ASSAGDGYTHTVFGNIQY,0
NLVPMVATV,TRDTTYYRNSFDEQNALSEPNSGGGADGLTSGHTAFQGNSAASSSGVGNEQF,TRDTTYY,RNSFDEQN,ALSEPNSGGGADGLT,SGHTA,FQGNSA,ASSSGVGNEQF,0
RAKFKQLL,TRDTTYYRNSFDEQNALSEDSSASKIIMDHENSYDVKMASEPGQGPGGWSYEQY,TRDTTYY,RNSFDEQN,ALSEDSSASKII,MDHEN,SYDVKM,ASEPGQGPGGWSYEQY,0
KLGGALQAK,DRGSQSIYSNGDAVGGGSNYKLTMNHEYSVGEGTASSYQGAGGYT,DRGSQS,IYSNGD,AVGGGSNYKLT,MNHEY,SVGEGT,ASSYQGAGGYT,0
GILGFVFTL,NSAFQYTYSSGNATLLYNTDKLISGDLSYYNGEEASSPTPTGSSTDTQY,NSAFQY,TYSSGN,ATLLYNTDKLI,SGDLS,YYNGEE,ASSPTPTGSSTDTQY,0
AVFDRKSDAK,SSNFYAMTLNGDEAFSYNNNDMRMGHRAYSYEKLASSQDRFTDPYGYT,SSNFYA,MTLNGDE,AFSYNNNDMR,MGHRA,YSYEKL,ASSQDRFTDPYGYT,0
RAKFKQLL,DRGSQSIYSNGDALALGGGSQGNLILNHDASQIVNDASSGRATDTQY,DRGSQS,IYSNGD,ALALGGGSQGNLI,LNHDA,SQIVND,ASSGRATDTQY,0
KLGGALQAK,VSGNPYYITGDNLVAVRDLKANAGKSTKGHDRSFDVKDATSDISITEAF,VSGNPY,YITGDNLV,AVRDLKANAGKST,KGHDR,SFDVKD,ATSDISITEAF,0
VLFGLGFAI,TRDTTYYRNSFDEQNALSGGDSNYQLIKGHSHLQKENIASSPMGSNEQY,TRDTTYY,RNSFDEQN,ALSGGDSNYQLI,KGHSH,LQKENI,ASSPMGSNEQY,0
AVFDRKSDAK,DSAIYNIQSSQREAVCEEGSQGNLISEHNRFQNEAQASSLEGQLYEQY,DSAIYN,IQSSQRE,AVCEEGSQGNLI,SEHNR,FQNEAQ,ASSLEGQLYEQY,0
AVFDRKSDAK,DRGSQSIYSNGDAVSGQKLLDFQATTSNEGSKASASDNMVGAYEQY,DRGSQS,IYSNGD,AVSGQKLL,DFQATT,SNEGSKA,SASDNMVGAYEQY,0
RPPIFIRRL,NIATNDYGYKTKLVDGGATNKLIMGHRAYSYEKLASSHNGELF,NIATNDY,GYKTK,LVDGGATNKLI,MGHRA,YSYEKL,ASSHNGELF,0
GILGFVFTL,VSNAYNGSKPAVEEAGANNLFSGDLSYYNGEEARKKTRRISQAF,VSNAYN,GSKP,AVEEAGANNLF,SGDLS,YYNGEE,ARKKTRRISQAF,0
DATYQRTRALVR,YGGTVNYFSGDPLVAANSGGSYIPTSGHVSFQNEAQASSDSAGELF,YGGTVN,YFSGDPLV,AANSGGSYIPT,SGHVS,FQNEAQ,ASSDSAGELF,1
RAKFKQLL,DRGSQSIYSNGDAVTGYALNLNHDASQIVNDASRPGQGYEQY,DRGSQS,IYSNGD,AVTGYALN,LNHDA,SQIVND,ASRPGQGYEQY,0
RAKFKQLL,NSASDYIRSNMDKADSGGGADGLTSGHNSFNNNVPASSFSGNTGELF,NSASDY,IRSNMDK,ADSGGGADGLT,SGHNS,FNNNVP,ASSFSGNTGELF,1
IVTDFSVIK,DSASNYIRSNVGEAARETSYDKVISGHNSFNNNVPASSFSLDKPTNTGELF,DSASNY,IRSNVGE,AARETSYDKVI,SGHNS,FNNNVP,ASSFSLDKPTNTGELF,0
SPRWYFYYL,DSSSTYIFSNMDMAEMEGGSYIPTLNHDASQIVNDASSIRSSYEQY,DSSSTY,IFSNMDM,AEMEGGSYIPT,LNHDA,SQIVND,ASSIRSSYEQY,0
GLCTLVAML,NSASQSVYSSGVVNGKDSSYKLISNHLYFYNNEIASSGGAVAPSEQF,NSASQS,VYSSG,VVNGKDSSYKLI,SNHLY,FYNNEI,ASSGGAVAPSEQF,1
AVFDRKSDAK,DRGSQSIYSNGDAVGGGSNYKLTMNHEYSVGEGTASSYQGAGGYT,DRGSQS,IYSNGD,AVGGGSNYKLT,MNHEY,SVGEGT,ASSYQGAGGYT,0
SLFNTVATLY,TSINNIRSNEREATDYYGNNRLAMNHEYSVGAGIASREGQFQETQY,TSINN,IRSNERE,ATDYYGNNRLA,MNHEY,SVGAGI,ASREGQFQETQY,0
AVFDRKSDAK,DRGSQSIYSNGDAVNTPPFYLNHDASQIVNDASSIRSSYEQY,DRGSQS,IYSNGD,AVNTPPFY,LNHDA,SQIVND,ASSIRSSYEQY,0
RAKFKQLL,YGGTVNYFSGDPLVALNTGGFKTIMNHEYSMNVEVASSLFPDNYGYT,YGGTVN,YFSGDPLV,ALNTGGFKTI,MNHEY,SMNVEV,ASSLFPDNYGYT,0
KLGGALQAK,DSASNYIRSNVGEAATRNFGNEKLTSGHDTYYEEEEASSSLFPLGANVLT,DSASNY,IRSNVGE,AATRNFGNEKLT,SGHDT,YYEEEE,ASSSLFPLGANVLT,1
KLGGALQAK,TISGTDYGLTSNILRIGYDYKLSSGHVSFNYEAQASSFFVGRKNTGELF,TISGTDY,GLTSN,ILRIGYDYKLS,SGHVS,FNYEAQ,ASSFFVGRKNTGELF,0
KLGGALQAK,DSSSTYIFSNMDMAENEGGGSQGNLILNHDASQIVNDASSSRAGGEQY,DSSSTY,IFSNMDM,AENEGGGSQGNLI,LNHDA,SQIVND,ASSSRAGGEQY,0
GILGFVFTL,SVFSSVVTGGEVAGGEAGNMLTMDHENSYDVKMASLGIPYEQY,SVFSS,VVTGGEV,AGGEAGNMLT,MDHEN,SYDVKM,ASLGIPYEQY,0
KLGGALQAK,DRGSQSIYSNGDAVNDDKIILNHNVYYDKDFATGRDRAYEQY,DRGSQS,IYSNGD,AVNDDKII,LNHNV,YYDKDF,ATGRDRAYEQY,0
KLGGALQAK,DRGSQSIYSNGDAVTVSNDYKLSSGDLSYYNGEEASSDASGSIGEQF,DRGSQS,IYSNGD,AVTVSNDYKLS,SGDLS,YYNGEE,ASSDASGSIGEQF,0
SPRWYFYYL,TRDTTYYRNSFDEQNALSEDSSASKIIMDHENSYDVKMASEPGQGPGGWSYEQY,TRDTTYY,RNSFDEQN,ALSEDSSASKII,MDHEN,SYDVKM,ASEPGQGPGGWSYEQY,0
GILGFVFTL,TRDTTYYRNSFDEQNALSSPSAAGNKLTMNHEYSVGAGIASKGLAGGGSYNEQF,TRDTTYY,RNSFDEQN,ALSSPSAAGNKLT,MNHEY,SVGAGI,ASKGLAGGGSYNEQF,0
GILGFVFTL,VSGNPYYITGDNLVAVRGDERSGGYNKLIMDHENSYDVKMASSSRDRLGGEQY,VSGNPY,YITGDNLV,AVRGDERSGGYNKLI,MDHEN,SYDVKM,ASSSRDRLGGEQY,0
SPRWYFYYL,NSASQSVYSSGVVNSPNDYKLSMNHEYSVGEGTASSYPEVAPSEQF,NSASQS,VYSSG,VVNSPNDYKLS,MNHEY,SVGEGT,ASSYPEVAPSEQF,0
GILGFVFTL,DSASNYIRSNVGEAASETSYDKVISEHNRFQNEAQASSLFFGYEQY,DSASNY,IRSNVGE,AASETSYDKVI,SEHNR,FQNEAQ,ASSLFFGYEQY,0
RAKFKQLL,SSVPPYYTSAATLVAVSSRDDKLISEHNRFQNEAQASSSPGEYEKLF,SSVPPY,YTSAATLV,AVSSRDDKLI,SEHNR,FQNEAQ,ASSSPGEYEKLF,0
YLQPRTFLL,DSVNNIPSGTAGSPSNTGKLILNHDASQIVNDASSIHSGNQPQH,DSVNN,IPSGT,AGSPSNTGKLI,LNHDA,SQIVND,ASSIHSGNQPQH,0
ATDALMTGF,NSASQSVYSSGVGGLNTPLVMNHNSSASEGTASSDSGQIYEQY,NSASQS,VYSSG,VGGLNTPLV,MNHNS,SASEGT,ASSDSGQIYEQY,1
IVTDFSVIK,SSNFYAMTLNGDEAFEKLSMDHENSYDVKMASSFQGTSYEQY,SSNFYA,MTLNGDE,AFEKLS,MDHEN,SYDVKM,ASSFQGTSYEQY,0
RPPIFIRRL,SSNFYAMTLNGDEAFTTDSWGKLQLGHDTYNNKELASSQGQANEKLF,SSNFYA,MTLNGDE,AFTTDSWGKLQ,LGHDT,YNNKEL,ASSQGQANEKLF,0
GILGFVFTL,SVFSSVVTGGEVAGGGSQGNLIMNHEYSVGEGTASRASMSSYNEQF,SVFSS,VVTGGEV,AGGGSQGNLI,MNHEY,SVGEGT,ASRASMSSYNEQF,1
KLGGALQAK,DRGSQSIYSNGDAVNNARLMWSHSYSAAADIASSEGFLVADTQY,DRGSQS,IYSNGD,AVNNARLM,WSHSY,SAAADI,ASSEGFLVADTQY,0
RAKFKQLL,NIATNDYGYKTKLPSGTYKYISEHNRFQNEAQASSFMGQLDEQF,NIATNDY,GYKTK,LPSGTYKYI,SEHNR,FQNEAQ,ASSFMGQLDEQF,0
AVFDRKSDAK,TRDTTYYRNSFDEQNALSRDVANSKLTSGHVSFQNEAQASSLGGGRPQH,TRDTTYY,RNSFDEQN,ALSRDVANSKLT,SGHVS,FQNEAQ,ASSLGGGRPQH,0
NLVPMVATV,DSASNYIRSNVGEAASKASGGSYIPTSQVTMANQGSEASVEALGFQGRQQY,DSASNY,IRSNVGE,AASKASGGSYIPT,SQVTM,ANQGSEA,SVEALGFQGRQQY,0
ELAGIGILTV,YGATPYYFSGDTLVAVDDTNAGKSTLNHDASHIVNDASSLRSTDTQY,YGATPY,YFSGDTLV,AVDDTNAGKST,LNHDA,SHIVND,ASSLRSTDTQY,0
RAKFKQLL,DRGSQSIYSNGDAVSSTDKLIDFQATTSNEGSKASAPLAGGPNEQF,DRGSQS,IYSNGD,AVSSTDKLI,DFQATT,SNEGSKA,SAPLAGGPNEQF,0
RAKFKQLL,DRGSQSIYSNGDAVNIRGGSYIPTMNHEYSMNVEVASSSTGTSGNRAEQF,DRGSQS,IYSNGD,AVNIRGGSYIPT,MNHEY,SMNVEV,ASSSTGTSGNRAEQF,0
AVFDRKSDAK,TTLSNLVKSGEVAGRSRSNDYKLSSGDLSYYNGEEASSPSTGETAEAF,TTLSN,LVKSGEV,AGRSRSNDYKLS,SGDLS,YYNGEE,ASSPSTGETAEAF,1
RAKFKQLL,YGGTVNYFSGDPLVAVNAGGEYGNKLVLNHDASQIVNDASISRWAANYGYT,YGGTVN,YFSGDPLV,AVNAGGEYGNKLV,LNHDA,SQIVND,ASISRWAANYGYT,0
DATYQRTRALVR,SVFSSVVTGGEVAGESNNNDMPLGHNAYSLEERASSQEHLGLVGEQF,SVFSS,VVTGGEV,AGESNNNDMP,LGHNA,YSLEER,ASSQEHLGLVGEQF,0
YLQPRTFLL,DSVNNIPSGTAVDHLMNYGGSQGNLILNHDASQIVNDASSTYSQDTQY,DSVNN,IPSGT,AVDHLMNYGGSQGNLI,LNHDA,SQIVND,ASSTYSQDTQY,0
GILGFVFTL,TTLSNLVKSGEVAGADAGNNRKLISGHRSYFSETQASSLDQGAYEQY,TTLSN,LVKSGEV,AGADAGNNRKLI,SGHRS,YFSETQ,ASSLDQGAYEQY,0
IVTDFSVIK,VSPFSNMTFSENTVVSQSNAGNNRKLIMNHNSSASEGTASSEPEGNYGYT,VSPFSN,MTFSENT,VVSQSNAGNNRKLI,MNHNS,SASEGT,ASSEPEGNYGYT,0
RFPLTFGWCF,DRGSQSIYSNGDAVPGGGGSQGNLILNHDASQIVNDASSMRSTNEQF,DRGSQS,IYSNGD,AVPGGGGSQGNLI,LNHDA,SQIVND,ASSMRSTNEQF,0
SLFNTVATLY,DRGSQSIYSNGDAVTTDKLISGDLSYYNGEEASSVAGGAYEQY,DRGSQS,IYSNGD,AVTTDKLI,SGDLS,YYNGEE,ASSVAGGAYEQY,0
GILGFVFTL,TSGFNGNVLDGLAGSWGKLQSGHVSFQNEAQASSQRPGQGTEGKLF,TSGFNG,NVLDGL,AGSWGKLQ,SGHVS,FQNEAQ,ASSQRPGQGTEGKLF,0
KLGGALQAK,YGATPYYFSGDTLVAVGPFSGGYNKLIMNHEYSVGEGTASLPVAGGYNEQF,YGATPY,YFSGDTLV,AVGPFSGGYNKLI,MNHEY,SVGEGT,ASLPVAGGYNEQF,0
KLGGALQAK,TSENNYYQEAYKQQNAFAYNNNDMRMNHGYSAAAGDRGPSNQPQH,TSENNYY,QEAYKQQN,AFAYNNNDMR,MNHGY,SAAAG,DRGPSNQPQH,1
KLGGALQAK,SSVPPYYTSAATLVAVSDFKAAGNKLTSGHNSFNNNVPASSLTGLAGGRGQETQY,SSVPPY,YTSAATLV,AVSDFKAAGNKLT,SGHNS,FNNNVP,ASSLTGLAGGRGQETQY,1
KLGGALQAK,DRGSQSIYSNGDAVGTAWRSGGGADGLTLNHDASQIVNDASSRRSSGELF,DRGSQS,IYSNGD,AVGTAWRSGGGADGLT,LNHDA,SQIVND,ASSRRSSGELF,0
GILGFVFTL,DSAIYNIQSSQREAVNPYSGAGSYQLTSNHLYFYNNEIASSDGPAYEQY,DSAIYN,IQSSQRE,AVNPYSGAGSYQLT,SNHLY,FYNNEI,ASSDGPAYEQY,0
GILGFVFTL,SVFSSVVTGGEVWGDRKTRNSYSGHVSFQNEAQASSLGATWTSNTEAF,SVFSS,VVTGGEV,WGDRKTRNSY,SGHVS,FQNEAQ,ASSLGATWTSNTEAF,0
RAKFKQLL,TISGTDYGLTSNILRDDSGNTPLVSNHLYFYNNEIASSEGTGELYEQY,TISGTDY,GLTSN,ILRDDSGNTPLV,SNHLY,FYNNEI,ASSEGTGELYEQY,0
ATDALMTGF,SVFSSVVTGGEVALEGGGADGLTFGMNHNSSASEGTASSEAELLSSYNEQFFG,SVFSS,VVTGGEV,ALEGGGADGLTFG,MNHNS,SASEGT,ASSEAELLSSYNEQFFG,0
RAKFKQLL,TSENNYYQEAYKQQNAFMKGAGGTSYGKLTSGDLSYYNGEEASSVRSSMNTEAF,TSENNYY,QEAYKQQN,AFMKGAGGTSYGKLT,SGDLS,YYNGEE,ASSVRSSMNTEAF,0
GILGFVFTL,DRGSQSIYSNGDASVGMDSSYKLISGHNSFNNNVPASSFSGNTGELF,DRGSQS,IYSNGD,ASVGMDSSYKLI,SGHNS,FNNNVP,ASSFSGNTGELF,0
GILGFVFTL,NSASQSVYSSGVVNVGYGGSQGNLIMNHNSSASEGTASSGNGQDLQPQH,NSASQS,VYSSG,VVNVGYGGSQGNLI,MNHNS,SASEGT,ASSGNGQDLQPQH,0
CINGVCWTV,TSGFNGNVLDGLGVSGGYNKLIMNHNSSASEGTASSLGLAGDNEQF,TSGFNG,NVLDGL,GVSGGYNKLI,MNHNS,SASEGT,ASSLGLAGDNEQF,0
AVFDRKSDAK,DRGSQSIYSNGDAVNIRGPFMEYGNKLVLNHDASQIVNDASSMLVANYGYT,DRGSQS,IYSNGD,AVNIRGPFMEYGNKLV,LNHDA,SQIVND,ASSMLVANYGYT,0
SPRWYFYYL,DSASNYIRSNVGEAPWDFNKFYSGHTAFQGTGAASSLQGGTGELF,DSASNY,IRSNVGE,APWDFNKFY,SGHTA,FQGTGA,ASSLQGGTGELF,0
RAKFKQLL,DSSSTYIFSNMDMAEGYINQGGKLISGHNTYYREEEASSFTGPDEQF,DSSSTY,IFSNMDM,AEGYINQGGKLI,SGHNT,YYREEE,ASSFTGPDEQF,0
NLVPMVATV,SVFSSVVTGGEVAGAGSQGNLISGHRSYFSETQASSPGGLAGADTQY,SVFSS,VVTGGEV,AGAGSQGNLI,SGHRS,YFSETQ,ASSPGGLAGADTQY,0
KLGGALQAK,DSVNNIPSGTAAGLYSSASKIISNHLYFYNNEIASSGFSHEEGTEAF,DSVNN,IPSGT,AAGLYSSASKII,SNHLY,FYNNEI,ASSGFSHEEGTEAF,1
NLVPMVATV,NIATNDYGYKTKLVGDPFYSSASKIISGHNSFNNNVPASSFSGNTGELF,NIATNDY,GYKTK,LVGDPFYSSASKII,SGHNS,FNNNVP,ASSFSGNTGELF,0
KLGGALQAK,TTLSNLVKSGEVAVTGGFKTILGHDTYNNKELASSQGGSSSEKLF,TTLSN,LVKSGEV,AVTGGFKTI,LGHDT,YNNKEL,ASSQGGSSSEKLF,0
GLCTLVAML,YGATPYYFSGDTLVAVTRDDKIISGHNSFNNNVPASSGGVSGGAGETQY,YGATPY,YFSGDTLV,AVTRDDKII,SGHNS,FNNNVP,ASSGGVSGGAGETQY,0
KLGGALQAK,DSASNYIRSNVGEAAMETSYDKVISGHNSFNNNVPASSYTGGLRYGYT,DSASNY,IRSNVGE,AAMETSYDKVI,SGHNS,FNNNVP,ASSYTGGLRYGYT,0
RPPIFIRRL,DRGSQSIYSNGDASVGMDSSYKLISGHNSFNNNVPASSFSGNTGELF,DRGSQS,IYSNGD,ASVGMDSSYKLI,SGHNS,FNNNVP,ASSFSGNTGELF,0
LLWNGPMAV,DSASNYIRSNVGEAASETSYDKVISEHNRFQNEAQASSSLGGGNTEAF,DSASNY,IRSNVGE,AASETSYDKVI,SEHNR,FQNEAQ,ASSSLGGGNTEAF,0
VLFGLGFAI,VSGLRGLYSAGEEAVKPNYGGSQGNLIMNHNSSASEGTASSAGDGYTHTVFGNIQY,VSGLRG,LYSAGEE,AVKPNYGGSQGNLI,MNHNS,SASEGT,ASSAGDGYTHTVFGNIQY,0
GPRLGVRAT,TRDTTYYRNSFDEQNALSLKYNFNKFYSGHNSFNNNVPASSLARTEDNYEQY,TRDTTYY,RNSFDEQN,ALSLKYNFNKFY,SGHNS,FNNNVP,ASSLARTEDNYEQY,0
ELAGIGILTV,TSGFNGNVLDGLAVNEGDYKLSDFQATTSNEGSKASARHLSGIEQF,TSGFNG,NVLDGL,AVNEGDYKLS,DFQATT,SNEGSKA,SARHLSGIEQF,0
AVFDRKSDAK,NSAFQYTYSSGNAMEGGANNLFLNHDASQIVNDASTSVMTDSIYGYT,NSAFQY,TYSSGN,AMEGGANNLF,LNHDA,SQIVND,ASTSVMTDSIYGYT,0
RAKFKQLL,DSAIYNIQSSQREAVRMDSNYQLISGHNSFNNNVPASSLGDRAGGYT,DSAIYN,IQSSQRE,AVRMDSNYQLI,SGHNS,FNNNVP,ASSLGDRAGGYT,1
RLRAEAQVK,TRDTTYYRNSFDEQNALSGPGTSFLGSARQLTSGHDTYYEEEEASSLRDGSEAF,TRDTTYY,RNSFDEQN,ALSGPGTSFLGSARQLT,SGHDT,YYEEEE,ASSLRDGSEAF,0
NLVPMVATV,DRGSQSIYSNGDAVNADKIIMDHENSYDVKMASTQIFGNYGYT,DRGSQS,IYSNGD,AVNADKII,MDHEN,SYDVKM,ASTQIFGNYGYT,0
AVFDRKSDAK,DSSSTYIFSNMDMAESEGPTYTDKLILGHNAYNFKEQASSQRPSEVGELF,DSSSTY,IFSNMDM,AESEGPTYTDKLI,LGHNA,YNFKEQ,ASSQRPSEVGELF,0
SPRWYFYYL,DRGSQSIYSNGDAVNPLRDSNYQLIMGHRAYSYEKLASSQTRGAGNTIY,DRGSQS,IYSNGD,AVNPLRDSNYQLI,MGHRA,YSYEKL,ASSQTRGAGNTIY,0
RAKFKQLL,TRDTTYYRNSFDEQNALSGTRSGNTPLVLNHDASQIVNDASSGGQAAWGSVGSGELF,TRDTTYY,RNSFDEQN,ALSGTRSGNTPLV,LNHDA,SQIVND,ASSGGQAAWGSVGSGELF,0
GILGFVFTL,SSYSPSYTSAATLVVVSEWAAGNKLTSGHDNFVKESKASSQEQGDIQY,SSYSPS,YTSAATLV,VVSEWAAGNKLT,SGHDN,FVKESK,ASSQEQGDIQY,0
ELAGIGILTV,SSYSPSYTSAATLVVVSERDSSYKLISGHDYFNNNVPASSRGLGETQY,SSYSPS,YTSAATLV,VVSERDSSYKLI,SGHDY,FNNNVP,ASSRGLGETQY,0
VLFGLGFAI,YGATPYYFSGDTLVAVGFNNNDMRWNHNNSYGVQDASSESRLDGYT,YGATPY,YFSGDTLV,AVGFNNNDMR,WNHNN,SYGVQD,ASSESRLDGYT,0
DATYQRTRALVR,DRGSQSIYSNGDAANGGNDMRENHRYSYGVKDAISESATVSYGYT,DRGSQS,IYSNGD,AANGGNDMR,ENHRY,SYGVKD,AISESATVSYGYT,0
GILGFVFTL,VSPFSNMTFSENTVVSQSNAGNNRKLIMNHNSSASEGTASSEPEGNYGYT,VSPFSN,MTFSENT,VVSQSNAGNNRKLI,MNHNS,SASEGT,ASSEPEGNYGYT,0
NLVPMVATV,TSGFNGNVLDGLAVKDSNYQLIMDHENSYDVKMASSFGRLSGANVLT,TSGFNG,NVLDGL,AVKDSNYQLI,MDHEN,SYDVKM,ASSFGRLSGANVLT,0
RAKFKQLL,DSSSTYIFSNMDMAENEGGGSQGNLILNHDASQIVNDASSSRAGGEQY,DSSSTY,IFSNMDM,AENEGGGSQGNLI,LNHDA,SQIVND,ASSSRAGGEQY,0
GILGFVFTL,SSYSPSYTSAATLVVVSVYSGGGADGLTMNHEYSVGAGIASSYRPGQYTEAF,SSYSPS,YTSAATLV,VVSVYSGGGADGLT,MNHEY,SVGAGI,ASSYRPGQYTEAF,0
KLGGALQAK,VSPFSNMTFSENTVVSAIGDYKLSMDHENSYDVKMASTFDGTYGYT,VSPFSN,MTFSENT,VVSAIGDYKLS,MDHEN,SYDVKM,ASTFDGTYGYT,0
GILGFVFTL,TTSDRLLSNGAVAVDPPVGTYKYISGHDYFNNNVPASSDPQEGQLEGSGYT,TTSDR,LLSNGAV,AVDPPVGTYKYI,SGHDY,FNNNVP,ASSDPQEGQLEGSGYT,0
GLCTLVAML,NIATNDYGYKTKLVGEGPSGGYQKVTLNHNVYYDKDFATGTSGKDNEQF,NIATNDY,GYKTK,LVGEGPSGGYQKVT,LNHNV,YYDKDF,ATGTSGKDNEQF,0
GILGFVFTL,DSSSTYIFSNMDMAEMEGGSYIPTPRHDTFYEKMQASSLMRGGTYNSPLH,DSSSTY,IFSNMDM,AEMEGGSYIPT,PRHDT,FYEKMQ,ASSLMRGGTYNSPLH,0
GILGFVFTL,NSASDYIRSNMDKAEKDDKIISGHDNFVKESKASSFQGLGTEAF,NSASDY,IRSNMDK,AEKDDKII,SGHDN,FVKESK,ASSFQGLGTEAF,0
KSKRTPMGF,TRDTTYYRNSFDEQNALSSPSAAGNKLTMNHEYSVGAGIASKGLAGGGSYNEQF,TRDTTYY,RNSFDEQN,ALSSPSAAGNKLT,MNHEY,SVGAGI,ASKGLAGGGSYNEQF,0
GILGFVFTL,DSSSTYIFSNMDMAEGGNTGKLISGHDTYYEEEEASSWNRDRYNTEAF,DSSSTY,IFSNMDM,AEGGNTGKLI,SGHDT,YYEEEE,ASSWNRDRYNTEAF,0
ELAGIGILTV,DRGSQSIYSNGDAVNRGFGNVLHSGHRSYFSETQASSLGTGDGYT,DRGSQS,IYSNGD,AVNRGFGNVLH,SGHRS,YFSETQ,ASSLGTGDGYT,1
CINGVCWTV,NYSPAYIRENEKEALVAPGGSYIPTKGHDRSFDVKDATAPGTGRTLKLI,NYSPAY,IRENEKE,ALVAPGGSYIPT,KGHDR,SFDVKD,ATAPGTGRTLKLI,0
AVFDRKSDAK,DSASNYIRSNVGEAAQPPTGNQFYSGHATFQNNGVASSFLTGQGETQY,DSASNY,IRSNVGE,AAQPPTGNQFY,SGHAT,FQNNGV,ASSFLTGQGETQY,0
KLGGALQAK,TSDPSYGQGSYDQQNAMRDGGGSQGNLILNHDASQIVNDASSIRSGAEQY,TSDPSYG,QGSYDQQN,AMRDGGGSQGNLI,LNHDA,SQIVND,ASSIRSGAEQY,0
KLGGALQAK,VSGLRGLYSAGEEAVPPKANNLFSGHNSFNNNVPASTPGRSDTGELF,VSGLRG,LYSAGEE,AVPPKANNLF,SGHNS,FNNNVP,ASTPGRSDTGELF,0
IVTDFSVIK,NSASDYIRSNMDKATDSWGKLQSEHNRFQNEAQASSSKETGAWGDTQY,NSASDY,IRSNMDK,ATDSWGKLQ,SEHNR,FQNEAQ,ASSSKETGAWGDTQY,0
RAKFKQLL,DRGSQSIYSNGDAVAAYKYIMNHNSSASEGTASSGGQAYEQY,DRGSQS,IYSNGD,AVAAYKYI,MNHNS,SASEGT,ASSGGQAYEQY,0
FEDLRLLSF,DRGSQSIYSNGDAVTARLMMGHRAYSYEKLASRAEDSGVHEQF,DRGSQS,IYSNGD,AVTARLM,MGHRA,YSYEKL,ASRAEDSGVHEQF,0
NLVPMVATV,NIATNDYGYKTKLVERNNDMRMNHNSSASEGTASSELWGSEPSPLH,NIATNDY,GYKTK,LVERNNDMR,MNHNS,SASEGT,ASSELWGSEPSPLH,0
ATDALMTGF,DRGSQSIYSNGDAVTVSNDYKLSSGDLSYYNGEEASSDASGSIGEQF,DRGSQS,IYSNGD,AVTVSNDYKLS,SGDLS,YYNGEE,ASSDASGSIGEQF,0
NLVPMVATV,TISGNEYGLKNNIVRVGYTGFQKLVMGHRAYSYEKLASRGTGGGSGQPQH,TISGNEY,GLKNN,IVRVGYTGFQKLV,MGHRA,YSYEKL,ASRGTGGGSGQPQH,1
SPRWYFYYL,VSGLRGLYSAGEEAVQALRAAGNKLTSGHRSYFSETQASRGSSSISGANVLT,VSGLRG,LYSAGEE,AVQALRAAGNKLT,SGHRS,YFSETQ,ASRGSSSISGANVLT,0
KLGGALQAK,KALYSLLKGGEQGTENSGGSNYKLTSNHLYFYNNEIATETGSPL,KALYS,LLKGGEQ,GTENSGGSNYKLT,SNHLY,FYNNEI,ATETGSPL,0
RAKFKQLL,DSASNYIRSNVGEAGEYGNKLVMNHEYSVGEGTASSYSFQGGELF,DSASNY,IRSNVGE,AGEYGNKLV,MNHEY,SVGEGT,ASSYSFQGGELF,0
SPRWYFYYL,VSGNPYYITGDNLVAVRLHNYGQNFVDFQATTSNEGSKASAPARSEPYEQY,VSGNPY,YITGDNLV,AVRLHNYGQNFV,DFQATT,SNEGSKA,SAPARSEPYEQY,0
RAKFKQLL,DSASNYIRSNVGEAASETSYDKVIDFQATTSNEGSKASARALPVGNTIY,DSASNY,IRSNVGE,AASETSYDKVI,DFQATT,SNEGSKA,SARALPVGNTIY,0
KLGGALQAK,SVFSSVVTGGEVAGCHGSGNTGKLILNHDASQIVNDASSSRSAYEQY,SVFSS,VVTGGEV,AGCHGSGNTGKLI,LNHDA,SQIVND,ASSSRSAYEQY,0
KLGGALQAK,NSAFQYTYSSGNAVNWEEQGGSYIPTSGHDTYYEEEEASSLRDSPVETQY,NSAFQY,TYSSGN,AVNWEEQGGSYIPT,SGHDT,YYEEEE,ASSLRDSPVETQY,1
RFPLTFGWCF,VSGLRGLYSAGEEAVKPNYGGSQGNLIMNHNSSASEGTASSAGDGYTHTVFGNIQY,VSGLRG,LYSAGEE,AVKPNYGGSQGNLI,MNHNS,SASEGT,ASSAGDGYTHTVFGNIQY,0
YLQPRTFLL,SVFSSVVTGGEVAGGGFADYGGSQGNLILNHDASQIVNDASSLYSNQPQH,SVFSS,VVTGGEV,AGGGFADYGGSQGNLI,LNHDA,SQIVND,ASSLYSNQPQH,0
HPVTKYIM,TTLSNLVKSGEVAGRRGAGKSTSGHDTYYEEEEASSAYAGLAGVRETQY,TTLSN,LVKSGEV,AGRRGAGKST,SGHDT,YYEEEE,ASSAYAGLAGVRETQY,0
KLGGALQAK,NSASDYIRSNMDKAENEGGGSQGNLILNHDASQIVNDASSLYASYEQY,NSASDY,IRSNMDK,AENEGGGSQGNLI,LNHDA,SQIVND,ASSLYASYEQY,0
RAKFKQLL,DSSSTYIFSNMDMAESGGSQGNLISGHTAFQGNSAASSLRTQGTGELF,DSSSTY,IFSNMDM,AESGGSQGNLI,SGHTA,FQGNSA,ASSLRTQGTGELF,0
CINGVCWTV,SSVPPYYTSAATLVAVSRDMNYGGSQGNLILGHDTYNNKELASSQDLRGADTQY,SSVPPY,YTSAATLV,AVSRDMNYGGSQGNLI,LGHDT,YNNKEL,ASSQDLRGADTQY,0
CINGVCWTV,DSVNNIPSGTAVEAAAGNKLTMDHENSYDVKMASSSGQGNIQY,DSVNN,IPSGT,AVEAAAGNKLT,MDHEN,SYDVKM,ASSSGQGNIQY,1
GILGFVFTL,DRGSQSIYSNGDAVILTGGGNKLTMDHENSYDVKMASTPSFEGTYEQY,DRGSQS,IYSNGD,AVILTGGGNKLT,MDHEN,SYDVKM,ASTPSFEGTYEQY,0
SPRWYFYYL,TISGTDYGLTSNILRPREDRGSTLGRLYSQVTMANQGSEASVRQGARDNEQF,TISGTDY,GLTSN,ILRPREDRGSTLGRLY,SQVTM,ANQGSEA,SVRQGARDNEQF,0
DATYQRTRALVR,TISGNEYGLKNNIVRVAVKTSYDKVISEHNRFQNEAQASISLISTKGRKDTQY,TISGNEY,GLKNN,IVRVAVKTSYDKVI,SEHNR,FQNEAQ,ASISLISTKGRKDTQY,0
LLWNGPMAV,NSASDYIRSNMDKATDSWGKLQSEHNRFQNEAQASSSKETGAWGDTQY,NSASDY,IRSNMDK,ATDSWGKLQ,SEHNR,FQNEAQ,ASSSKETGAWGDTQY,0
CINGVCWTV,DRGSQSIYSNGDASVGMDSSYKLISGHNSFNNNVPASSFSGNTGELF,DRGSQS,IYSNGD,ASVGMDSSYKLI,SGHNS,FNNNVP,ASSFSGNTGELF,0
KLGGALQAK,NSMFDYISSIKDKAASDGAGGTSYGKLTSGHTSYDEGEEASSLWTGSHEQY,NSMFDY,ISSIKDK,AASDGAGGTSYGKLT,SGHTS,YDEGEE,ASSLWTGSHEQY,0
GILGFVFTL,DRGSQSIYSNGDAVNQGGGSQGNLILNHDASQIVNDASSFRAPYGYT,DRGSQS,IYSNGD,AVNQGGGSQGNLI,LNHDA,SQIVND,ASSFRAPYGYT,1
SPRWYFYYL,DSAIYNIQSSQREAVDLMKTSYDKVILNHDASQIVNDASSITWTGNMNTEAF,DSAIYN,IQSSQRE,AVDLMKTSYDKVI,LNHDA,SQIVND,ASSITWTGNMNTEAF,0
LLWNGPMAV,SSVPPYYTSAATLVAVTFTGNTPLVLNHDASQIVNDASSTRSQETQY,SSVPPY,YTSAATLV,AVTFTGNTPLV,LNHDA,SQIVND,ASSTRSQETQY,0
FEDLRVLSF,DSAIYNIQSSQREATLNAGGTSYGKLTKGHDRSFDVKDATSDLRDRGYEQY,DSAIYN,IQSSQRE,ATLNAGGTSYGKLT,KGHDR,SFDVKD,ATSDLRDRGYEQY,0
LLWNGPMAV,NSASDYIRSNMDKADSGGGADGLTSGHDTYYEEEEASSSTLYGSYNEQF,NSASDY,IRSNMDK,ADSGGGADGLT,SGHDT,YYEEEE,ASSSTLYGSYNEQF,0
KLGGALQAK,TSGFNGNVLDGLADANNDMRDFQATTSNEGSKASARDRTDSYNSPLH,TSGFNG,NVLDGL,ADANNDMR,DFQATT,SNEGSKA,SARDRTDSYNSPLH,0
ELAGIGILTV,DSAIYNIQSSQREDRGRGTSYDKVIMNHEYSVGEGTASTLGEGSEAF,DSAIYN,IQSSQRE,DRGRGTSYDKVI,MNHEY,SVGEGT,ASTLGEGSEAF,1
GILGFVFTL,YGGTVNYFSGDPLVAVRETSYDKVIKGHSHLQKENIASSPWADVVTDTQY,YGGTVN,YFSGDPLV,AVRETSYDKVI,KGHSH,LQKENI,ASSPWADVVTDTQY,0
ATDALMTGF,SSYSPSYTSAATLVVVSDHYSNSGYALNSEHNRFQNEAQASSPPVISNNEQY,SSYSPS,YTSAATLV,VVSDHYSNSGYALN,SEHNR,FQNEAQ,ASSPPVISNNEQY,1
RAKFKQLL,SSYSPSYTSAATLVVVTSYGGATNKLIMNHNSSASEGTASSLPGLAIPYEQY,SSYSPS,YTSAATLV,VVTSYGGATNKLI,MNHNS,SASEGT,ASSLPGLAIPYEQY,0
GILGFVFTL,TSINNIRSNEREARSRNKQGGIFFMNHEYSMNVEVASSLMGQGINQPQH,TSINN,IRSNERE,ARSRNKQGGIFF,MNHEY,SMNVEV,ASSLMGQGINQPQH,1
AVFDRKSDAK,SSYSPSYTSAATLVVVRPAGKSTMNHEYSMNVEVASSLFLAAQETQY,SSYSPS,YTSAATLV,VVRPAGKST,MNHEY,SMNVEV,ASSLFLAAQETQY,1
NLVPMVATV,VSGNPYYITGDNLVAVRDREKAAGNKLTMNHNSSASEGTASSEFGNEQF,VSGNPY,YITGDNLV,AVRDREKAAGNKLT,MNHNS,SASEGT,ASSEFGNEQF,0
IVTDFSVIK,DSSSTYIFSNMDMAEISPSGGSYIPTKGHDRSFDVKDATSDLKVHSGNYGYT,DSSSTY,IFSNMDM,AEISPSGGSYIPT,KGHDR,SFDVKD,ATSDLKVHSGNYGYT,0
GLCTLVAML,DSSSTYIFSNMDMAEDSNARLMSGHATFQNNGVASSLGVAGTNTGELF,DSSSTY,IFSNMDM,AEDSNARLM,SGHAT,FQNNGV,ASSLGVAGTNTGELF,1
RAKFKQLL,TRDTTYYRNSFDEQNALVVRDDKIISGHKSYYEKEEASSFTDRGRDEQY,TRDTTYY,RNSFDEQN,ALVVRDDKII,SGHKS,YYEKEE,ASSFTDRGRDEQY,0
ELAGIGILTV,DSASNYIRSNVGEAAAETSYDKVILNHDASQIVNDASSWIAANTGELF,DSASNY,IRSNVGE,AAAETSYDKVI,LNHDA,SQIVND,ASSWIAANTGELF,0
NLVPMVATV,VSGLRGLYSAGEEAVVDQAGTALIMGHRAYSYEKLASSAGGGSYNEQF,VSGLRG,LYSAGEE,AVVDQAGTALI,MGHRA,YSYEKL,ASSAGGGSYNEQF,1
GLCTLVAML,DRGSQSIYSNGDAGRNYNQGGKLISGHVSFQNEAQASSSPEGQPLNTGELF,DRGSQS,IYSNGD,AGRNYNQGGKLI,SGHVS,FQNEAQ,ASSSPEGQPLNTGELF,1
KLGGALQAK,TSDPSYGQGSYDQQNAMSPEGGGSYIPTSGHKSYYEKEEASSPRRTGYTGELF,TSDPSYG,QGSYDQQN,AMSPEGGGSYIPT,SGHKS,YYEKEE,ASSPRRTGYTGELF,0
KLGGALQAK,DRGSQSIYSNGDAVSGTDKLISGHKSYYEKEEASSLGGLGSPLH,DRGSQS,IYSNGD,AVSGTDKLI,SGHKS,YYEKEE,ASSLGGLGSPLH,0
LLWNGPMAV,DRGSQSIYSNGDAVRDNQGGKLISGHDTYYEEEEASSTRDRQGLPYEQY,DRGSQS,IYSNGD,AVRDNQGGKLI,SGHDT,YYEEEE,ASSTRDRQGLPYEQY,0
RAKFKQLL,DSASNYIRSNVGEAAINTGTASKLTMNHEYSMNVEVASSSPGPREKLF,DSASNY,IRSNVGE,AAINTGTASKLT,MNHEY,SMNVEV,ASSSPGPREKLF,0
KLGGALQAK,SSVSVYYLSGSTLVAVNNNKLIMNHNSSASEGTASSDSPNSNQPQH,SSVSVY,YLSGSTLV,AVNNNKLI,MNHNS,SASEGT,ASSDSPNSNQPQH,1
GILGFVFTL,DRGSQSIYSNGDAVNWEEQGGSYIPTMDHENSYDVKMASSLRGGGSYT,DRGSQS,IYSNGD,AVNWEEQGGSYIPT,MDHEN,SYDVKM,ASSLRGGGSYT,0
ELAGIGILTV,NYSPAYIRENEKEALVAPGGSYIPTKGHDRSFDVKDATAPGTGRTLKLI,NYSPAY,IRENEKE,ALVAPGGSYIPT,KGHDR,SFDVKD,ATAPGTGRTLKLI,0
CINGVCWTV,DSSSTYIFSNMDMAEEGNTGKLISGHTAFQGTGAASSTPLENEQF,DSSSTY,IFSNMDM,AEEGNTGKLI,SGHTA,FQGTGA,ASSTPLENEQF,0
ATDALMTGF,YGATPYYFSGDTLVAVTRDDKIILNHDASQIVNDASSIYSNQPQH,YGATPY,YFSGDTLV,AVTRDDKII,LNHDA,SQIVND,ASSIYSNQPQH,0
GILGFVFTL,TSGFYGNALDGLAVIEDTGKLISEHNRFQNEAQASSLVLGRETEAF,TSGFYG,NALDGL,AVIEDTGKLI,SEHNR,FQNEAQ,ASSLVLGRETEAF,0
AVFDRKSDAK,NSAFQYTYSSGNATLLYNTDKLISGDLSYYNGEEASSPTPTGSSTDTQY,NSAFQY,TYSSGN,ATLLYNTDKLI,SGDLS,YYNGEE,ASSPTPTGSSTDTQY,1
GILGFVFTL,NSASQSVYSSGVVNGGDSSYKLISQVTMANQGSEASAGQGPYEQY,NSASQS,VYSSG,VVNGGDSSYKLI,SQVTM,ANQGSEA,SAGQGPYEQY,0
GILGFVFTL,DSSSTYIFSNMDMAESGGSQGNLIMGHRAYSYEKLASSQAENTEAF,DSSSTY,IFSNMDM,AESGGSQGNLI,MGHRA,YSYEKL,ASSQAENTEAF,0
DATYQRTRALVR,DSSSTYIFSNMDMADHGGATNKLIMGHRAYSYEKLASSTGAGVNEQY,DSSSTY,IFSNMDM,ADHGGATNKLI,MGHRA,YSYEKL,ASSTGAGVNEQY,0
KSKRTPMGF,DSAIYNIQSSQREAVHTQGGSEKLVSEHNRFQNEAQASTPYRRGPHLYGYT,DSAIYN,IQSSQRE,AVHTQGGSEKLV,SEHNR,FQNEAQ,ASTPYRRGPHLYGYT,0
RAKFKQLL,TISGNEYGLKNNIVRVPSGGGNKLTSGHNTYYREEEASSSGGPVDTQY,TISGNEY,GLKNN,IVRVPSGGGNKLT,SGHNT,YYREEE,ASSSGGPVDTQY,0
AVFDRKSDAK,VGISALSSGKAVLKTSYDKVILNHDASQIVNDASSFFLAAGYP,VGISA,LSSGK,AVLKTSYDKVI,LNHDA,SQIVND,ASSFFLAAGYP,0
KSKRTPMGF,YGGTVNYFSGDPLVAVIPGSNYQLILNHDASQIVNDASSDRSNTEAF,YGGTVN,YFSGDPLV,AVIPGSNYQLI,LNHDA,SQIVND,ASSDRSNTEAF,0
GILGFVFTL,SSVPPYYTSAATLVAVSRDMNYGGSQGNLILGHDTYNNKELASSQDLRGADTQY,SSVPPY,YTSAATLV,AVSRDMNYGGSQGNLI,LGHDT,YNNKEL,ASSQDLRGADTQY,0
KLGGALQAK,NIATNDYGYKTKLVGDQGGKLIMGHRAYSYEKLASSQVRGPQF,NIATNDY,GYKTK,LVGDQGGKLI,MGHRA,YSYEKL,ASSQVRGPQF,0
CINGVCWTV,TSDPSYGQGSYDQQNAMREDNGARLMLNHDASQIVNDASSKFSINEQF,TSDPSYG,QGSYDQQN,AMREDNGARLM,LNHDA,SQIVND,ASSKFSINEQF,0
CINGVCWTV,DRGSQSIYSNGDAVSGNEKLTSGDLSYYNGEEASSVYLSGNTIY,DRGSQS,IYSNGD,AVSGNEKLT,SGDLS,YYNGEE,ASSVYLSGNTIY,0
LLWNGPMAV,DSAIYNIQSSQREATLNAGGTSYGKLTKGHDRSFDVKDATSDLRDRGYEQY,DSAIYN,IQSSQRE,ATLNAGGTSYGKLT,KGHDR,SFDVKD,ATSDLRDRGYEQY,0
NLVPMVATV,DSAIYNIQSSQREAEDSGNTPLVSEHNRFQNEAQASSLLGVSYYNEQF,DSAIYN,IQSSQRE,AEDSGNTPLV,SEHNR,FQNEAQ,ASSLLGVSYYNEQF,1
ELAGIGILTV,SSVPPYYTSAATLVAVSDHSGGSNYKLTLGHNAYSLEERASSLTGAGYEQY,SSVPPY,YTSAATLV,AVSDHSGGSNYKLT,LGHNA,YSLEER,ASSLTGAGYEQY,0
GLCTLVAML,DSSSTYIFSNMDMAESIGKLISQVTMANQGSEASVGAGGTNEKLF,DSSSTY,IFSNMDM,AESIGKLI,SQVTM,ANQGSEA,SVGAGGTNEKLF,1
ELAGIGILTV,TISGTDYGLTSNILSTYNNNDMRMNHEYSVGAGIASSYEGSQGNEQF,TISGTDY,GLTSN,ILSTYNNNDMR,MNHEY,SVGAGI,ASSYEGSQGNEQF,0
AVFDRKSDAK,TSENNYYQEAYKQQNAFMSVDRGSTLGRLYMDHENSYDVKMASSYITDQETQY,TSENNYY,QEAYKQQN,AFMSVDRGSTLGRLY,MDHEN,SYDVKM,ASSYITDQETQY,0
SPRWYFYYL,TRDTTYYRNSFDEQNALSEAKDEGSEKLVLNHDASQIVNDASSARSSYEQY,TRDTTYY,RNSFDEQN,ALSEAKDEGSEKLV,LNHDA,SQIVND,ASSARSSYEQY,0
KLGGALQAK,DSVNNIPSGTAVSPVTQGGSEKLVDFQATTSNEGSKASARVIPREAF,DSVNN,IPSGT,AVSPVTQGGSEKLV,DFQATT,SNEGSKA,SARVIPREAF,0
FEDLRVLSF,DRGSQSIYSNGDAVTARLMMGHRAYSYEKLASRAEDSGVHEQF,DRGSQS,IYSNGD,AVTARLM,MGHRA,YSYEKL,ASRAEDSGVHEQF,0
RFPLTFGWCF,SVFSSVVTGGEVAGESNNNDMPLGHNAYSLEERASSQEHLGLVGEQF,SVFSS,VVTGGEV,AGESNNNDMP,LGHNA,YSLEER,ASSQEHLGLVGEQF,1
ELAGIGILTV,DRGSQSIYSNGDAVGMYSGGGADGLTMNHEYSVGEGTASSYGVGQPQH,DRGSQS,IYSNGD,AVGMYSGGGADGLT,MNHEY,SVGEGT,ASSYGVGQPQH,1
RAKFKQLL,DSASNYIRSNVGEAASEGGFKTISGHATFQNNGVASSLGTGENEQY,DSASNY,IRSNVGE,AASEGGFKTI,SGHAT,FQNNGV,ASSLGTGENEQY,1
RFPLTFGWCF,NSASQSVYSSGVVGNYGQNFVLGHNAYSLEERASSQVLSGELF,NSASQS,VYSSG,VVGNYGQNFV,LGHNA,YSLEER,ASSQVLSGELF,0
FEDLRLLSF,DSASNYIRSNVGEAASGPGDDKIIMNHEYSMNVEVASSPHFQVDTGELF,DSASNY,IRSNVGE,AASGPGDDKII,MNHEY,SMNVEV,ASSPHFQVDTGELF,0
KSKRTPMGF,YSGSPEHISRALVTFTGGGNKLTSGHNTYYREEEASSSTGGGEKDQPQH,YSGSPE,HISR,ALVTFTGGGNKLT,SGHNT,YYREEE,ASSSTGGGEKDQPQH,0
KLGGALQAK,DSASNYIRSNVGEAASETSYDKVIMGHRAYSYEKLASSTSTGTGYGYT,DSASNY,IRSNVGE,AASETSYDKVI,MGHRA,YSYEKL,ASSTSTGTGYGYT,0
GPRLGVRAT,TSINNIRSNEREASTGTASKLTSGDLSYYNGEEASSVGTSDTDTQY,TSINN,IRSNERE,ASTGTASKLT,SGDLS,YYNGEE,ASSVGTSDTDTQY,1
RAKFKQLL,SSNFYAMTLNGDEAFTAGGADGLTMRHNASNTAGTASSDTGVLNSPLH,SSNFYA,MTLNGDE,AFTAGGADGLT,MRHNA,SNTAGT,ASSDTGVLNSPLH,0
GILGFVFTL,DSASNYIRSNVGEAALAGTASKLTSQVTMANQGSEASVVPLAGPYEQY,DSASNY,IRSNVGE,AALAGTASKLT,SQVTM,ANQGSEA,SVVPLAGPYEQY,0
RAKFKQLL,DSASNYIRSNVGEAARVRGFGNVLHSGDLSYYNGEEASSLSSGTYEQY,DSASNY,IRSNVGE,AARVRGFGNVLH,SGDLS,YYNGEE,ASSLSSGTYEQY,0
KLGGALQAK,SVFSSVVTGGEVAGELSHADSWGKLQLGHDTYNNKELASSQYLQVSAGNTIY,SVFSS,VVTGGEV,AGELSHADSWGKLQ,LGHDT,YNNKEL,ASSQYLQVSAGNTIY,1
GILGFVFTL,SSNFYAMTLNGDEASAGSGNTGKLILNHDASQIVNDASSTRSGTEAF,SSNFYA,MTLNGDE,ASAGSGNTGKLI,LNHDA,SQIVND,ASSTRSGTEAF,1
ELAGIGILTV,SSYSPSYTSAATLVVLTGANNLFSGHTAFQGTGAASSLGTAAYNEQF,SSYSPS,YTSAATLV,VLTGANNLF,SGHTA,FQGTGA,ASSLGTAAYNEQF,0
GILGFVFTL,DSAIYNIQSSQREAVASFYGNNRLAMDHENSYDVKMASNRDRDYGYT,DSAIYN,IQSSQRE,AVASFYGNNRLA,MDHEN,SYDVKM,ASNRDRDYGYT,0
VLFGLGFAI,VSGNPYYITGDNLVAVRDMLGFNKFYMRHNASNTAGTASSPTGSDTGELF,VSGNPY,YITGDNLV,AVRDMLGFNKFY,MRHNA,SNTAGT,ASSPTGSDTGELF,0
RAKFKQLL,NSASDYIRSNMDKAETALGNTGKLIMGHRAYSYEKLASSHGKGGNEQF,NSASDY,IRSNMDK,AETALGNTGKLI,MGHRA,YSYEKL,ASSHGKGGNEQF,0
NLVPMVATV,NIATNDYGYKTKLVGPGMLGHNAYNFKEQASSQEIAQGTNTGELF,NIATNDY,GYKTK,LVGPGM,LGHNA,YNFKEQ,ASSQEIAQGTNTGELF,0
AVFDRKSDAK,TSINNIRSNEREASPHQKVTLNHDASQIVNDASSQRSTDTQY,TSINN,IRSNERE,ASPHQKVT,LNHDA,SQIVND,ASSQRSTDTQY,0
KLGGALQAK,NSASDYIRSNMDKAETVYNTDKLIMNHEYSMNVEVASSLSDNSEQF,NSASDY,IRSNMDK,AETVYNTDKLI,MNHEY,SMNVEV,ASSLSDNSEQF,1
IVTDFSVIK,TTLSNLVKSGEVAGATDSWGKLQSGHATFQNNGVASSWGGGSHYGYT,TTLSN,LVKSGEV,AGATDSWGKLQ,SGHAT,FQNNGV,ASSWGGGSHYGYT,1
HPVTKYIM,DRGSQSIYSNGDASVGMDSSYKLISGHNSFNNNVPASSFSGNTGELF,DRGSQS,IYSNGD,ASVGMDSSYKLI,SGHNS,FNNNVP,ASSFSGNTGELF,0
RAKFKQLL,DSAIYNIQSSQREAVNSGGGADGLTMNHNSSASEGTASSEDPATNEKLF,DSAIYN,IQSSQRE,AVNSGGGADGLT,MNHNS,SASEGT,ASSEDPATNEKLF,0
NLVPMVATV,DSSSTYIFSNMDMAETQDSNYQLIMNHEYSMNVEVASGQGSQPQH,DSSSTY,IFSNMDM,AETQDSNYQLI,MNHEY,SMNVEV,ASGQGSQPQH,0
IVTDFSVIK,NSASQSVYSSGVVNTGFQKLVSGHRSYFSETQASSLDGGDSYEQY,NSASQS,VYSSG,VVNTGFQKLV,SGHRS,YFSETQ,ASSLDGGDSYEQY,0
SLFNTVATLY,YSGSPEHISRALRYGNNRLASEHNRFQNEAQASGAGELF,YSGSPE,HISR,ALRYGNNRLA,SEHNR,FQNEAQ,ASGAGELF,0
ELAGIGILTV,DSASNYIRSNVGEAARETSYDKVISGHNSFNNNVPASSFSLDKPTNTGELF,DSASNY,IRSNVGE,AARETSYDKVI,SGHNS,FNNNVP,ASSFSLDKPTNTGELF,0
RAKFKQLL,SSVPPYYTSAATLVAGLSGGSYIPTSGHDNFVKESKASSQDWGAGTQY,SSVPPY,YTSAATLV,AGLSGGSYIPT,SGHDN,FVKESK,ASSQDWGAGTQY,0
KLGGALQAK,DSASNYIRSNVGEAVVPGNTGKLILNHDASQIVNDASSIRSGESRAF,DSASNY,IRSNVGE,AVVPGNTGKLI,LNHDA,SQIVND,ASSIRSGESRAF,0
RAKFKQLL,TSENNYYQEAYKQQNAFMTHTGTASKLTLNHDASQIVNDASSIGPTDTQY,TSENNYY,QEAYKQQN,AFMTHTGTASKLT,LNHDA,SQIVND,ASSIGPTDTQY,0
RAKFKQLL,TSDQSYGQGSYDEQNAMREHFTGNQFYMDHENSYDVKMASSLLIGGALKETQY,TSDQSYG,QGSYDEQN,AMREHFTGNQFY,MDHEN,SYDVKM,ASSLLIGGALKETQY,0
GPRLGVRAT,DRGSQSIYSNGDAVNRGFGNVLHSGHRSYFSETQASSLGTGDGYT,DRGSQS,IYSNGD,AVNRGFGNVLH,SGHRS,YFSETQ,ASSLGTGDGYT,0
GILGFVFTL,TSGFNGNVLDGLAVRAGGGNKLTDFQATTSNEGSKASARDLGGPNTGELF,TSGFNG,NVLDGL,AVRAGGGNKLT,DFQATT,SNEGSKA,SARDLGGPNTGELF,0
ELAGIGILTV,DRGSQSIYSNGDAVRTYKYILGHNAYNFKEQASSQEEGPSNQPQH,DRGSQS,IYSNGD,AVRTYKYI,LGHNA,YNFKEQ,ASSQEEGPSNQPQH,1
SPRWYFYYL,DSVNNIPSGTAVSPVTQGGSEKLVDFQATTSNEGSKASARVIPREAF,DSVNN,IPSGT,AVSPVTQGGSEKLV,DFQATT,SNEGSKA,SARVIPREAF,0
ELAGIGILTV,DRGSQSIYSNGDALTPRDDMRSGHATFQNNGVASSLGVAGTNTGELF,DRGSQS,IYSNGD,ALTPRDDMR,SGHAT,FQNNGV,ASSLGVAGTNTGELF,1
ATDALMTGF,SSVPPYYTSAATLVAVSDFKAAGNKLTSGHNSFNNNVPASSLTGLAGGRGQETQY,SSVPPY,YTSAATLV,AVSDFKAAGNKLT,SGHNS,FNNNVP,ASSLTGLAGGRGQETQY,0
AVFDRKSDAK,DSSSTYIFSNMDMAESINTGGFKTILNHDASQIVNDASSIRGAETQY,DSSSTY,IFSNMDM,AESINTGGFKTI,LNHDA,SQIVND,ASSIRGAETQY,0
RAKFKQLL,TTLSNLVKSGEVAGATDSWGKLQSGHATFQNNGVASSWGGGSHYGYT,TTLSN,LVKSGEV,AGATDSWGKLQ,SGHAT,FQNNGV,ASSWGGGSHYGYT,0
ELAGIGILTV,DSAIYNIQSSQREAVRNQGGSEKLVLNHDASQIVNDASSARSSYEQY,DSAIYN,IQSSQRE,AVRNQGGSEKLV,LNHDA,SQIVND,ASSARSSYEQY,0
LLWNGPMAV,DSSSTYIFSNMDMAEMEGGSYIPTLGHNAYNFKEQASSQEWLAVSTDTQY,DSSSTY,IFSNMDM,AEMEGGSYIPT,LGHNA,YNFKEQ,ASSQEWLAVSTDTQY,0
GILGFVFTL,DSAIYNIQSSQREAVNNRTGGFKTIMDHENSYDVKMASSLYSATGELF,DSAIYN,IQSSQRE,AVNNRTGGFKTI,MDHEN,SYDVKM,ASSLYSATGELF,0
GLCTLVAML,DRGSQSIYSNGDAVRDNQGGKLISGHDTYYEEEEASSTRDRQGLPYEQY,DRGSQS,IYSNGD,AVRDNQGGKLI,SGHDT,YYEEEE,ASSTRDRQGLPYEQY,0
ELAGIGILTV,YGATPYYFSGDTLVAVVDNYGQNFVSGHRSYFSETQASSLDGNNEQF,YGATPY,YFSGDTLV,AVVDNYGQNFV,SGHRS,YFSETQ,ASSLDGNNEQF,0
RFPLTFGWCF,DRGSQSIYSNGDAVPSGGYNKLILGHNTFRNRAPASGLDSSSGNTIY,DRGSQS,IYSNGD,AVPSGGYNKLI,LGHNT,FRNRAP,ASGLDSSSGNTIY,0
GILGFVFTL,SVFSSVVTGGEVAGNSGNTGKLISQVTMANQGSEASACRDREPDTQY,SVFSS,VVTGGEV,AGNSGNTGKLI,SQVTM,ANQGSEA,SACRDREPDTQY,1
RAKFKQLL,DRGSQSIYSNGDAVELLDFQATTSNEGSKASAREAQGQPQH,DRGSQS,IYSNGD,AVELL,DFQATT,SNEGSKA,SAREAQGQPQH,0
AVFDRKSDAK,SSVSVYYLSGSTLVAVSDRRSASKIIMNHEYSVGAGIASSYEDKYQPQH,SSVSVY,YLSGSTLV,AVSDRRSASKII,MNHEY,SVGAGI,ASSYEDKYQPQH,0
GILGFVFTL,VSGLRGLYSAGEEAVQARNNAGNMLTLNHDASQIVNDASSIVKLAGGTYEQY,VSGLRG,LYSAGEE,AVQARNNAGNMLT,LNHDA,SQIVND,ASSIVKLAGGTYEQY,0
GILGFVFTL,VSGLRGLYSAGEEAADSGSARQLTLGHDTYNNKELASSRDRGNTEAF,VSGLRG,LYSAGEE,AADSGSARQLT,LGHDT,YNNKEL,ASSRDRGNTEAF,0
KLGGALQAK,TSGFNGNVLDGLAVMDSNYQLISGHDTYYEEEEASSLRDGSEAF,TSGFNG,NVLDGL,AVMDSNYQLI,SGHDT,YYEEEE,ASSLRDGSEAF,0
AVFDRKSDAK,DRGSQSIYSNGDAVGTAWRSGGGADGLTFGLNHDASQIVNDASSRRSSGELFFG,DRGSQS,IYSNGD,AVGTAWRSGGGADGLTFG,LNHDA,SQIVND,ASSRRSSGELFFG,0
NLVPMVATV,TISGTDYGLTSNILRPREDRGSTLGRLYSQVTMANQGSEASVRQGARDNEQF,TISGTDY,GLTSN,ILRPREDRGSTLGRLY,SQVTM,ANQGSEA,SVRQGARDNEQF,0
KLGGALQAK,TSGFYGNALDGLAVRDQEGNTPLVSGHNSFNNNVPASSSVNEQY,TSGFYG,NALDGL,AVRDQEGNTPLV,SGHNS,FNNNVP,ASSSVNEQY,0
RAKFKQLL,NSASDYIRSNMDKAENLGDSSYKLISGHDYFNNNVPASRPSGGAETQY,NSASDY,IRSNMDK,AENLGDSSYKLI,SGHDY,FNNNVP,ASRPSGGAETQY,0
AVFDRKSDAK,DSSSTYIFSNMDMAERGTGGFKTILGHDTYNNKELASSQVFWTESNTDTQY,DSSSTY,IFSNMDM,AERGTGGFKTI,LGHDT,YNNKEL,ASSQVFWTESNTDTQY,1
LLWNGPMAV,SIFNTLYKAGELAGLYNNNDMRSGHRSYFSETQASSLGQGVFYT,SIFNT,LYKAGEL,AGLYNNNDMR,SGHRS,YFSETQ,ASSLGQGVFYT,0
GLCTLVAML,SSVSVYYLSGSTLVAVKIKAAGNKLTPRHDTFYEKMQASSSTGGKETQY,SSVSVY,YLSGSTLV,AVKIKAAGNKLT,PRHDT,FYEKMQ,ASSSTGGKETQY,0
RAKFKQLL,VSGNPYYITGDNLVAVAKDLQNSGGGADGLTLNHNVYYDKDFATSYEDNSGANVLT,VSGNPY,YITGDNLV,AVAKDLQNSGGGADGLT,LNHNV,YYDKDF,ATSYEDNSGANVLT,0
KLGGALQAK,DSASNYIRSNVGEAARVRGFGNVLHSGDLSYYNGEEASSLSSGTYEQY,DSASNY,IRSNVGE,AARVRGFGNVLH,SGDLS,YYNGEE,ASSLSSGTYEQY,0
AVFDRKSDAK,SSVPPYYTSAATLVAVSEGGNKLVMDHENSYDVKMASSLSQGALYEQY,SSVPPY,YTSAATLV,AVSEGGNKLV,MDHEN,SYDVKM,ASSLSQGALYEQY,0
RFPLTFGWCF,NIATNDYGYKTKLVGVPSGGYNKLIGTSNPNSVGIGAWSPITSNYGYT,NIATNDY,GYKTK,LVGVPSGGYNKLI,GTSNPN,SVGIG,AWSPITSNYGYT,0
KLGGALQAK,DRGSQSIYSNGDAVSDYKLSSQVTMANQGSEASVGGGGAGVETQY,DRGSQS,IYSNGD,AVSDYKLS,SQVTM,ANQGSEA,SVGGGGAGVETQY,0
RAKFKQLL,TRDTTYYRNSFDEQNALGILTGANSKLTSGHNSFNNNVPASSFSGNTGELF,TRDTTYY,RNSFDEQN,ALGILTGANSKLT,SGHNS,FNNNVP,ASSFSGNTGELF,1
ELAGIGILTV,DSAIYNIQSSQREATYLCAAGDDKIISGHVSFQNEAQASSLQNTGELF,DSAIYN,IQSSQRE,ATYLCAAGDDKII,SGHVS,FQNEAQ,ASSLQNTGELF,0
RPPIFIRRL,SVFSSVVTGGEVAGGGFADYGGSQGNLILNHDASQIVNDASSLYSNQPQH,SVFSS,VVTGGEV,AGGGFADYGGSQGNLI,LNHDA,SQIVND,ASSLYSNQPQH,0
NLVPMVATV,SIFNTLYKAGELAGQLPPWETSGSRLTLNHDASQIVNDASSRLQGANSPLH,SIFNT,LYKAGEL,AGQLPPWETSGSRLT,LNHDA,SQIVND,ASSRLQGANSPLH,0
FEDLRVLSF,SSNFYAMTLNGDEAFSYNNNDMRMGHRAYSYEKLASSQDRFTDPYGYT,SSNFYA,MTLNGDE,AFSYNNNDMR,MGHRA,YSYEKL,ASSQDRFTDPYGYT,0
AVFDRKSDAK,DSAIYNIQSSQREAGGNTNAGKSTSEHNRFQNEAQASSIFGQGNYGYT,DSAIYN,IQSSQRE,AGGNTNAGKST,SEHNR,FQNEAQ,ASSIFGQGNYGYT,1
KLGGALQAK,TSENNYYQEAYKQQNAFTRDNYGQNFVSGHATFQNNGVASSLVRAATGELF,TSENNYY,QEAYKQQN,AFTRDNYGQNFV,SGHAT,FQNNGV,ASSLVRAATGELF,1
ELAGIGILTV,DRGSQSIYSNGDAVNKGGGSQGNLISGDLSYYNGEEASSVGGAGVSNEQF,DRGSQS,IYSNGD,AVNKGGGSQGNLI,SGDLS,YYNGEE,ASSVGGAGVSNEQF,0
LLWNGPMAV,DRGSQSIYSNGDAVTGDDKIIMNHNYSVGAGIASTRQGAYEQY,DRGSQS,IYSNGD,AVTGDDKII,MNHNY,SVGAGI,ASTRQGAYEQY,1
KLGGALQAK,DSAIYNIQSSQREAVDSNAGNMLTMNHEYSMNVEVASSPPGGAYEQY,DSAIYN,IQSSQRE,AVDSNAGNMLT,MNHEY,SMNVEV,ASSPPGGAYEQY,0
IVTDFSVIK,SIFNTLYKAGELAGHTGNQFYSEHNRFQNEAQASSPVTGGGSGANVLT,SIFNT,LYKAGEL,AGHTGNQFY,SEHNR,FQNEAQ,ASSPVTGGGSGANVLT,1
ELAGIGILTV,NIATNDYGYKTKLVGDMAGGFKTISGHNTYYREEEASSWTQGDEQY,NIATNDY,GYKTK,LVGDMAGGFKTI,SGHNT,YYREEE,ASSWTQGDEQY,0
AVFDRKSDAK,SSNFYAMTLNGDEAFRYWSWGKLQKGHDRSFDVKDATMNGLSSYNEQF,SSNFYA,MTLNGDE,AFRYWSWGKLQ,KGHDR,SFDVKD,ATMNGLSSYNEQF,0
GLCTLVAML,TSINNIRSNEREATDRDQGAQKLVLGHNAYNFKEQASSQEVGIWQTQY,TSINN,IRSNERE,ATDRDQGAQKLV,LGHNA,YNFKEQ,ASSQEVGIWQTQY,0
AVFDRKSDAK,DSVNNIPSGTAGSPSNTGKLISEHNRFQNEAQASSTSEGGLFYEQY,DSVNN,IPSGT,AGSPSNTGKLI,SEHNR,FQNEAQ,ASSTSEGGLFYEQY,0
AVFDRKSDAK,DRGSQSIYSNGDAVSASKIISGHATFQNNGVASNTGTDSYEQY,DRGSQS,IYSNGD,AVSASKII,SGHAT,FQNNGV,ASNTGTDSYEQY,0
GILGFVFTL,YSGSPEHISRALPNAGGTSYGKLTDFQATTSNEGSKASAYKLAGIGADTQY,YSGSPE,HISR,ALPNAGGTSYGKLT,DFQATT,SNEGSKA,SAYKLAGIGADTQY,0
CINGVCWTV,TISGNEYGLKNNIVRVRGGSNYKLTSGHDNFVKESKASSQLLAGGFSQTDTQY,TISGNEY,GLKNN,IVRVRGGSNYKLT,SGHDN,FVKESK,ASSQLLAGGFSQTDTQY,1
GILGFVFTL,SVFSSVVTGGEVAGAGHGGSQGNLILNHDASQIVNDASSYYSNQPQH,SVFSS,VVTGGEV,AGAGHGGSQGNLI,LNHDA,SQIVND,ASSYYSNQPQH,1
VLFGLGFAI,DSVNNIPSGTAVDHLMNYGGSQGNLILNHDASQIVNDASSTYSQDTQY,DSVNN,IPSGT,AVDHLMNYGGSQGNLI,LNHDA,SQIVND,ASSTYSQDTQY,0
NLVPMVATV,DRGSQSIYSNGDAVGTAWRSGGGADGLTLNHDASQIVNDASSRRSSGELF,DRGSQS,IYSNGD,AVGTAWRSGGGADGLT,LNHDA,SQIVND,ASSRRSSGELF,0
AVFDRKSDAK,DSVNNIPSGTAVERDTGGFKTISNHLYFYNNEIASPTKRGGNNEQF,DSVNN,IPSGT,AVERDTGGFKTI,SNHLY,FYNNEI,ASPTKRGGNNEQF,1
IVTDFSVIK,TSINNIRSNEREATPLDSWGKLQLGHDTYNNKELASSHRTTYNEQF,TSINN,IRSNERE,ATPLDSWGKLQ,LGHDT,YNNKEL,ASSHRTTYNEQF,0
LLWNGPMAV,TSESDYYQEAYKQQNALMSARLMSGHNSFNNNVPASSFARAQADTQY,TSESDYY,QEAYKQQN,ALMSARLM,SGHNS,FNNNVP,ASSFARAQADTQY,0
GILGFVFTL,NSASQSVYSSGVARYNFNKFYGTSNPNSVGIGAWSVLGGNTEAF,NSASQS,VYSSG,VARYNFNKFY,GTSNPN,SVGIG,AWSVLGGNTEAF,0
ELAGIGILTV,SSVPPYYTSAATLVAVSDFKAAGNKLTSGHNSFNNNVPASSLTGLAGGRGQETQY,SSVPPY,YTSAATLV,AVSDFKAAGNKLT,SGHNS,FNNNVP,ASSLTGLAGGRGQETQY,0
YLQPRTFLL,DRGSQSIYSNGDAGLEYGNKLVSGDLSYYNGEEASSVGVLAGNEQF,DRGSQS,IYSNGD,AGLEYGNKLV,SGDLS,YYNGEE,ASSVGVLAGNEQF,0
RAKFKQLL,TRDTTYYRNSFDEQNALSETLTSGTYKYISGDLSYYNGEEASSVEVGTGDNEQF,TRDTTYY,RNSFDEQN,ALSETLTSGTYKYI,SGDLS,YYNGEE,ASSVEVGTGDNEQF,0
KLGGALQAK,NSASDYIRSNMDKAENGGGGADGLTSQVTMANQGSEASVGSGDYEQY,NSASDY,IRSNMDK,AENGGGGADGLT,SQVTM,ANQGSEA,SVGSGDYEQY,0
KLGGALQAK,VSGNPYYITGDNLVAVTPAGGSQGNLILNHDASQIVNDASSTRSTDTQY,VSGNPY,YITGDNLV,AVTPAGGSQGNLI,LNHDA,SQIVND,ASSTRSTDTQY,0
GLCTLVAML,NSMFDYISSIKDKAASDQTGANNLFMNHEYSVGAGIASSLQGASGYT,NSMFDY,ISSIKDK,AASDQTGANNLF,MNHEY,SVGAGI,ASSLQGASGYT,0
GLCTLVAML,NSASQSVYSSGVVNRVENSGYSTLTMNHNSSASEGTASSGNEQDLQPQH,NSASQS,VYSSG,VVNRVENSGYSTLT,MNHNS,SASEGT,ASSGNEQDLQPQH,0
NLVPMVATV,DSSSTYIFSNMDMAEISPSGGSYIPTKGHDRSFDVKDATSDLKVHSGNYGYT,DSSSTY,IFSNMDM,AEISPSGGSYIPT,KGHDR,SFDVKD,ATSDLKVHSGNYGYT,1
RAKFKQLL,DSVNNIPSGTAVDHLMNYGGSQGNLILNHDASQIVNDASSTYSQDTQY,DSVNN,IPSGT,AVDHLMNYGGSQGNLI,LNHDA,SQIVND,ASSTYSQDTQY,0
CTELKLSDY,TTLSNLVKSGEVAGPNQAGTALISGHTAFQGTGAASSLTGTGSYNEQF,TTLSN,LVKSGEV,AGPNQAGTALI,SGHTA,FQGTGA,ASSLTGTGSYNEQF,1
IVTDFSVIK,YGGTVNYFSGDPLVAVSARLNTDKLISGHNSFNNNVPASSFSGNTGELF,YGGTVN,YFSGDPLV,AVSARLNTDKLI,SGHNS,FNNNVP,ASSFSGNTGELF,0
GILGFVFTL,DRGSQSIYSNGDAVPGGGGSQGNLILNHDASQIVNDASSMRSTNEQF,DRGSQS,IYSNGD,AVPGGGGSQGNLI,LNHDA,SQIVND,ASSMRSTNEQF,1
KLGGALQAK,NSASDYIRSNMDKAENNDMRLGHDTYNNKELASSPYIQGNEQY,NSASDY,IRSNMDK,AENNDMR,LGHDT,YNNKEL,ASSPYIQGNEQY,1
AVFDRKSDAK,SIFNTLYKAGELAGQENYGQNFVLGHNTFRNRAPARRVVTGGPRNNEQF,SIFNT,LYKAGEL,AGQENYGQNFV,LGHNT,FRNRAP,ARRVVTGGPRNNEQF,0
KSKRTPMGF,TRDTTYYRNSFDEQNALSEAKDEGSEKLVLNHDASQIVNDASSARSSYEQY,TRDTTYY,RNSFDEQN,ALSEAKDEGSEKLV,LNHDA,SQIVND,ASSARSSYEQY,0
AVFDRKSDAK,ATGYPSATKADDKALDNTGKLISGHATFQNNGVASSWNRASSYEQY,ATGYPS,ATKADDK,ALDNTGKLI,SGHAT,FQNNGV,ASSWNRASSYEQY,0
AVFDRKSDAK,DRGSQSIYSNGDAVPLGGGSQGNLILNHDASQIVNDASSIRAATEAF,DRGSQS,IYSNGD,AVPLGGGSQGNLI,LNHDA,SQIVND,ASSIRAATEAF,0
KLGGALQAK,NSASQSVYSSGVVESMEYGNKLVSGHKSYYEKEEASSRGRGGQYNEQF,NSASQS,VYSSG,VVESMEYGNKLV,SGHKS,YYEKEE,ASSRGRGGQYNEQF,0
SPRWYFYYL,NSMFDYISSIKDKAASPSGAGNMLTMDHENSYDVKMASSQLTTGTFTGELF,NSMFDY,ISSIKDK,AASPSGAGNMLT,MDHEN,SYDVKM,ASSQLTTGTFTGELF,0
ELAGIGILTV,YGATPYYFSGDTLVAVGAPTTSGTYKYIMGHRAYSYEKLASSHASGQGDSYEQY,YGATPY,YFSGDTLV,AVGAPTTSGTYKYI,MGHRA,YSYEKL,ASSHASGQGDSYEQY,0
KLGGALQAK,DRGSQSIYSNGDAVGNSGGYQKVTLGHNAYSLEERASSQDHNRGQGYT,DRGSQS,IYSNGD,AVGNSGGYQKVT,LGHNA,YSLEER,ASSQDHNRGQGYT,0
LLWNGPMAV,NSASDYIRSNMDKAETHSGGSNYKLTDFQATTSNEGSKASARDLGTSKQYEQY,NSASDY,IRSNMDK,AETHSGGSNYKLT,DFQATT,SNEGSKA,SARDLGTSKQYEQY,0
AVFDRKSDAK,TRDTTYYRNSFDEQNALKHNNARLMSGHVSFNYEAQASSPLAGVSDTQY,TRDTTYY,RNSFDEQN,ALKHNNARLM,SGHVS,FNYEAQ,ASSPLAGVSDTQY,1
KLGGALQAK,DSASNYIRSNVGEAAKEGYSTLTSGDLSYYNGEEASSEGDRVTEAF,DSASNY,IRSNVGE,AAKEGYSTLT,SGDLS,YYNGEE,ASSEGDRVTEAF,0
RAKFKQLL,DRGSQSIYSNGDAVTHTGGFKTIKGHSHLQKENIASSPPGGGNTGELF,DRGSQS,IYSNGD,AVTHTGGFKTI,KGHSH,LQKENI,ASSPPGGGNTGELF,1
RFPLTFGWCF,SVFSSVVTGGEVAGGGFADYGGSQGNLILNHDASQIVNDASSLYSNQPQH,SVFSS,VVTGGEV,AGGGFADYGGSQGNLI,LNHDA,SQIVND,ASSLYSNQPQH,0
RAKFKQLL,DRGSQSIYSNGDAGDSGGGSQGNLILNHDASQIVNDASSIRSNTEAF,DRGSQS,IYSNGD,AGDSGGGSQGNLI,LNHDA,SQIVND,ASSIRSNTEAF,0
AVFDRKSDAK,DRGSQSIYSNGDAVPLTGGGNKLTSGHATFQNNGVASSLGVAGTNTGELF,DRGSQS,IYSNGD,AVPLTGGGNKLT,SGHAT,FQNNGV,ASSLGVAGTNTGELF,0
SPRWYFYYL,NIATNDYGYKTKLVGAANQAGTALISGHATFQNNGVASSLEASGSWGELF,NIATNDY,GYKTK,LVGAANQAGTALI,SGHAT,FQNNGV,ASSLEASGSWGELF,0
CTELKLSDY,TRDTTYYRNSFDEQNARDNAGNMLTMNHNYSVGAGIASSYSAWNEQF,TRDTTYY,RNSFDEQN,ARDNAGNMLT,MNHNY,SVGAGI,ASSYSAWNEQF,1
CTELKLSDY,TRDTTYYRNSFDEQNALKHNNARLMSGHVSFNYEAQASSPLAGVSDTQY,TRDTTYY,RNSFDEQN,ALKHNNARLM,SGHVS,FNYEAQ,ASSPLAGVSDTQY,0
KLGGALQAK,DSASNYIRSNVGEAASIAGYSTLTSQVTMANQGSEASVEDRHPPKNIQY,DSASNY,IRSNVGE,AASIAGYSTLT,SQVTM,ANQGSEA,SVEDRHPPKNIQY,0
SPRWYFYYL,SSVSVYYLSGSTLVAVSETGPARLMSEHNRFQNEAQASSPGTSGRPYEQY,SSVSVY,YLSGSTLV,AVSETGPARLM,SEHNR,FQNEAQ,ASSPGTSGRPYEQY,1
IVTDFSVIK,NSASDYIRSNMDKADSGGGADGLTSEHNRFQNEAQASSLDTQY,NSASDY,IRSNMDK,ADSGGGADGLT,SEHNR,FQNEAQ,ASSLDTQY,0
NLVPMVATV,SIFNTLYKAGELAGLETSGTYKYISGHNTYYREEEASSYKPGQRDYT,SIFNT,LYKAGEL,AGLETSGTYKYI,SGHNT,YYREEE,ASSYKPGQRDYT,0
NLVPMVATV,YGGTVNYFSGDPLVAVIAMNRDDKIIMNHEYSVGEGTASRPGPATSADYTDTQY,YGGTVN,YFSGDPLV,AVIAMNRDDKII,MNHEY,SVGEGT,ASRPGPATSADYTDTQY,0
ELAGIGILTV,NSMFDYISSIKDKAASGGSNYKLTSGHTSYDEGEEASSSAVIRGLDWCYT,NSMFDY,ISSIKDK,AASGGSNYKLT,SGHTS,YDEGEE,ASSSAVIRGLDWCYT,0
GILGFVFTL,YGATPYYFSGDTLVAVDYAGEGGGADGLTMNHEYSMNVEVASSLGPVNTEAF,YGATPY,YFSGDTLV,AVDYAGEGGGADGLT,MNHEY,SMNVEV,ASSLGPVNTEAF,0
ATDALMTGF,KTLYGLQKGGEEGADPQGGDNNARLMDFQATTSNEGSKASARPRESSNQPQH,KTLYG,LQKGGEE,GADPQGGDNNARLM,DFQATT,SNEGSKA,SARPRESSNQPQH,1
GILGFVFTL,TRDTTYYRNSFDEQNALSEAGSGYSTLTLGHNAYNFKEQASSQTYPGAYNEQF,TRDTTYY,RNSFDEQN,ALSEAGSGYSTLT,LGHNA,YNFKEQ,ASSQTYPGAYNEQF,0
LLWNGPMAV,NIATNDYGYKTKLAGGDKIISNHLYFYNNEIASRTPWDSDSYNEQF,NIATNDY,GYKTK,LAGGDKII,SNHLY,FYNNEI,ASRTPWDSDSYNEQF,0
FEDLRLLSF,VSGLRGLYSAGEEAVQARNNAGNMLTLNHDASQIVNDASSIVKLAGGTYEQY,VSGLRG,LYSAGEE,AVQARNNAGNMLT,LNHDA,SQIVND,ASSIVKLAGGTYEQY,0
GILGFVFTL,YGATPYYFSGDTLVAVGTFSNSGYALNMGHRAYSYEKLASSQDGIYEQY,YGATPY,YFSGDTLV,AVGTFSNSGYALN,MGHRA,YSYEKL,ASSQDGIYEQY,0
RAKFKQLL,DSASNYIRSNVGEAAQGSQGNLILNHDASQIVNDASSTFGANVLT,DSASNY,IRSNVGE,AAQGSQGNLI,LNHDA,SQIVND,ASSTFGANVLT,0
ELAGIGILTV,TTLSNLVKSGEVAGPQDGGSQGNLILNHDASQIVNDASSYYSNQPQH,TTLSN,LVKSGEV,AGPQDGGSQGNLI,LNHDA,SQIVND,ASSYYSNQPQH,0
IVTDFSVIK,TRDTTYYRNSFDEQNALSEDSSASKIIMDHENSYDVKMASEPGQGPGGWSYEQY,TRDTTYY,RNSFDEQN,ALSEDSSASKII,MDHEN,SYDVKM,ASEPGQGPGGWSYEQY,0
GILGFVFTL,DRGSQSIYSNGDAVNWEEQGGSYIPTKGHDRSFDVKDATSDRLAGGELF,DRGSQS,IYSNGD,AVNWEEQGGSYIPT,KGHDR,SFDVKD,ATSDRLAGGELF,0
RAKFKQLL,TSGFNGNVLDGLAVMDSNYQLISGHDTYYEEEEASSLRDGSEAF,TSGFNG,NVLDGL,AVMDSNYQLI,SGHDT,YYEEEE,ASSLRDGSEAF,1
GILGFVFTL,TRDTTYYRNSFDEQNALSEAYSSASKIIMNHEYSMNVEVASSLVAGSSNEQF,TRDTTYY,RNSFDEQN,ALSEAYSSASKII,MNHEY,SMNVEV,ASSLVAGSSNEQF,0
AVFDRKSDAK,TRDTTYYRNSFDEQNALSEDSSASKIIMDHENSYDVKMASEPGQGPGGWSYEQY,TRDTTYY,RNSFDEQN,ALSEDSSASKII,MDHEN,SYDVKM,ASEPGQGPGGWSYEQY,0
LLWNGPMAV,DSSSTYIFSNMDMAEEGNTGKLISGHTAFQGTGAASSTPLENEQF,DSSSTY,IFSNMDM,AEEGNTGKLI,SGHTA,FQGTGA,ASSTPLENEQF,0
RAKFKQLL,DRGSQSIYSNGDAVRDNQGGKLISGHDTYYEEEEASSTRDRQGLPYEQY,DRGSQS,IYSNGD,AVRDNQGGKLI,SGHDT,YYEEEE,ASSTRDRQGLPYEQY,0
GILGFVFTL,TTLSNLVKSGEVAGPQDGGSQGNLILNHDASQIVNDASSYYSNQPQH,TTLSN,LVKSGEV,AGPQDGGSQGNLI,LNHDA,SQIVND,ASSYYSNQPQH,1
ELAGIGILTV,DRGSQSIYSNGDAVNWEEQGGSYIPTKGHDRSFDVKDATSDRLAGGELF,DRGSQS,IYSNGD,AVNWEEQGGSYIPT,KGHDR,SFDVKD,ATSDRLAGGELF,0
KLGGALQAK,ATGYPSATKADDKALSTTSGTYKYIMNHEYSMNVEVASSPLAGGEEKKETQY,ATGYPS,ATKADDK,ALSTTSGTYKYI,MNHEY,SMNVEV,ASSPLAGGEEKKETQY,0
NLVPMVATV,TRDTTYYRNSFDEQNALITALNNAGNMLTSGHDTYYEEEEASSSQGWGRVYSEQF,TRDTTYY,RNSFDEQN,ALITALNNAGNMLT,SGHDT,YYEEEE,ASSSQGWGRVYSEQF,1
RAKFKQLL,SVFSSVVTGGEVAGGGSSNTGKLISGHDTYYEEEEASSLRDGSEAF,SVFSS,VVTGGEV,AGGGSSNTGKLI,SGHDT,YYEEEE,ASSLRDGSEAF,1
RAKFKQLL,NSMFDYISSIKDKAARANNARLMSEHNRFQNEAQASSLEYSPRPYEQY,NSMFDY,ISSIKDK,AARANNARLM,SEHNR,FQNEAQ,ASSLEYSPRPYEQY,0
ELAGIGILTV,TSGFNGNVLDGLAVLDSNYQLISGHDYFNNNVPASSPSSSYEQY,TSGFNG,NVLDGL,AVLDSNYQLI,SGHDY,FNNNVP,ASSPSSSYEQY,0
ELAGIGILTV,TISGTDYGLTSNILRGNQFYSGHRSYFSETQASSPSLLEGNSYEQY,TISGTDY,GLTSN,ILRGNQFY,SGHRS,YFSETQ,ASSPSLLEGNSYEQY,0
AVFDRKSDAK,DSSSTYIFSNMDMAESIGKLISQVTMANQGSEASVGAGGTNEKLF,DSSSTY,IFSNMDM,AESIGKLI,SQVTM,ANQGSEA,SVGAGGTNEKLF,0
IVTDFSVIK,DSSSTYIFSNMDMAINQGGGATNKLIWNHNNSYGVQDASSPGRTGELF,DSSSTY,IFSNMDM,AINQGGGATNKLI,WNHNN,SYGVQD,ASSPGRTGELF,0
CINGVCWTV,YGATPYYFSGDTLVAVGEDSQLTLGHNAYSLEERASSQDSTSGYSREQF,YGATPY,YFSGDTLV,AVGEDSQLT,LGHNA,YSLEER,ASSQDSTSGYSREQF,0
RAKFKQLL,SVFSSVVTGGEVAGGLGGGSQGNLILNHDASQIVNDASSIRAAYEQY,SVFSS,VVTGGEV,AGGLGGGSQGNLI,LNHDA,SQIVND,ASSIRAAYEQY,0
LLWNGPMAV,SSNFYAMTLNGDEAFEKLSMDHENSYDVKMASSFQGTSYEQY,SSNFYA,MTLNGDE,AFEKLS,MDHEN,SYDVKM,ASSFQGTSYEQY,0
ELAGIGILTV,DSAIYNIQSSQREAVVGSDYKLSMNHEYSMNVEVASSSGTPLNGYT,DSAIYN,IQSSQRE,AVVGSDYKLS,MNHEY,SMNVEV,ASSSGTPLNGYT,0
KLGGALQAK,DSASNYIRSNVGEAPRETSYDKVISGHNSFNNNVPASSFSSGPDTQY,DSASNY,IRSNVGE,APRETSYDKVI,SGHNS,FNNNVP,ASSFSSGPDTQY,0
GILGFVFTL,NIATNDYGYKTKLVGPFMRLGHNAYNFKEQASSQDPDTQY,NIATNDY,GYKTK,LVGPFMR,LGHNA,YNFKEQ,ASSQDPDTQY,0
CINGVCWTV,DRGSQSIYSNGDALNTGGFKTILGHNAYNFKEQASSQETSGGASQF,DRGSQS,IYSNGD,ALNTGGFKTI,LGHNA,YNFKEQ,ASSQETSGGASQF,0
ATDALMTGF,DSSSTYIFSNMDMAEDNNARLMSNHLYFYNNEIASSPGSTAPGELF,DSSSTY,IFSNMDM,AEDNNARLM,SNHLY,FYNNEI,ASSPGSTAPGELF,0
RAKFKQLL,YGGTVNYFSGDPLVAVIAMNRDDKIIMNHEYSVGEGTASRPGPATSADYTDTQY,YGGTVN,YFSGDPLV,AVIAMNRDDKII,MNHEY,SVGEGT,ASRPGPATSADYTDTQY,0
KLGGALQAK,DRGSQSIYSNGDAVSGNEKLTSGDLSYYNGEEASSVYLSGNTIY,DRGSQS,IYSNGD,AVSGNEKLT,SGDLS,YYNGEE,ASSVYLSGNTIY,0
KLGGALQAK,DRGSQSIYSNGDAVTGDKLISGHDYFNNNVPALSDLGGSGNTGKLI,DRGSQS,IYSNGD,AVTGDKLI,SGHDY,FNNNVP,ALSDLGGSGNTGKLI,0
RAKFKQLL,ATGYPSATKADDKALYNTDKLILGHDTYNNKELASSPTSGSVYEQY,ATGYPS,ATKADDK,ALYNTDKLI,LGHDT,YNNKEL,ASSPTSGSVYEQY,0
RAKFKQLL,SIFNTLYKAGELAGRPEVDSQGNLILNHDASQIVNDASSIFSVSNEQY,SIFNT,LYKAGEL,AGRPEVDSQGNLI,LNHDA,SQIVND,ASSIFSVSNEQY,0
SLFNTVATLY,DSVNNIPSGTAVDHLMNYGGSQGNLILNHDASQIVNDASSTYSQDTQY,DSVNN,IPSGT,AVDHLMNYGGSQGNLI,LNHDA,SQIVND,ASSTYSQDTQY,0
KLGGALQAK,DSSSTYIFSNMDMAEISPSGGSYIPTKGHDRSFDVKDATSDLKVHSGNYGYT,DSSSTY,IFSNMDM,AEISPSGGSYIPT,KGHDR,SFDVKD,ATSDLKVHSGNYGYT,0
CINGVCWTV,NIATNDYGYKTKLVGTYNFNKFYLGHNAYNFKEQASSQEVAAGGGDEQF,NIATNDY,GYKTK,LVGTYNFNKFY,LGHNA,YNFKEQ,ASSQEVAAGGGDEQF,1
NLVPMVATV,TSGFNGNVLDGLAVLDSNYQLISGDLSYYNGEEASSSGRLTNTEAF,TSGFNG,NVLDGL,AVLDSNYQLI,SGDLS,YYNGEE,ASSSGRLTNTEAF,0
IVTDFSVIK,NSASQSVYSSGVVNNGDKLISGHVSFNYEAQASSPGTTLAKNIQY,NSASQS,VYSSG,VVNNGDKLI,SGHVS,FNYEAQ,ASSPGTTLAKNIQY,0
RLRAEAQVK,DSASNYIRSNVGEAASETSYDKVISEHNRFQNEAQASSLLGQPNTEAF,DSASNY,IRSNVGE,AASETSYDKVI,SEHNR,FQNEAQ,ASSLLGQPNTEAF,0
AVFDRKSDAK,DSASNYIRSNVGEAASETSYDKVISGHNSFNNNVPASTQQGSYGYT,DSASNY,IRSNVGE,AASETSYDKVI,SGHNS,FNNNVP,ASTQQGSYGYT,0
ELAGIGILTV,SVFSSVVTGGEVAGGGSQGNLISEHNRFQNEAQASSLLSGTSHEQY,SVFSS,VVTGGEV,AGGGSQGNLI,SEHNR,FQNEAQ,ASSLLSGTSHEQY,0
GILGFVFTL,TSINNIRSNEREATDRDQGAQKLVLGHNAYNFKEQASSQEVGIWQTQY,TSINN,IRSNERE,ATDRDQGAQKLV,LGHNA,YNFKEQ,ASSQEVGIWQTQY,0
SPRWYFYYL,DRGSQSIYSNGDAVNQGGKLISGHDYFNNNVPASTPSPSRPPL,DRGSQS,IYSNGD,AVNQGGKLI,SGHDY,FNNNVP,ASTPSPSRPPL,0
RAKFKQLL,DSAIYNIQSSQREATLNAGGTSYGKLTKGHDRSFDVKDATSDLRDRGYEQY,DSAIYN,IQSSQRE,ATLNAGGTSYGKLT,KGHDR,SFDVKD,ATSDLRDRGYEQY,0
RAKFKQLL,DSASNYIRSNVGEAATPPPSYDKVISGHDYFNNNVPASSPGTFRYT,DSASNY,IRSNVGE,AATPPPSYDKVI,SGHDY,FNNNVP,ASSPGTFRYT,0
RAKFKQLL,SVFSSVVTGGEVAGGGSQGNLIDFQATTSNEGSKASARDLTAGSYEQY,SVFSS,VVTGGEV,AGGGSQGNLI,DFQATT,SNEGSKA,SARDLTAGSYEQY,0
AVFDRKSDAK,DSAIYNIQSSQREAVRNTGGFKTISGHATFQNNGVASSLSGQLDTQY,DSAIYN,IQSSQRE,AVRNTGGFKTI,SGHAT,FQNNGV,ASSLSGQLDTQY,0
GILGFVFTL,SIFNTLYKAGELAGQLWTGTASKLTSGHNTYYREEEASSLGRGIYEQY,SIFNT,LYKAGEL,AGQLWTGTASKLT,SGHNT,YYREEE,ASSLGRGIYEQY,0
GILGFVFTL,DSAIYNIQSSQREAVSGFGNVLHDFQATTSNEGSKASARSRVYQETQY,DSAIYN,IQSSQRE,AVSGFGNVLH,DFQATT,SNEGSKA,SARSRVYQETQY,0
KLGGALQAK,YGGTVNYFSGDPLVAVNAGGEYGNKLVLNHDASQIVNDASISRWAANYGYT,YGGTVN,YFSGDPLV,AVNAGGEYGNKLV,LNHDA,SQIVND,ASISRWAANYGYT,0
ELAGIGILTV,DSASNYIRSNVGEAASIAGGYQKVTSEHNRFQNEAQASSLGQGVFYEQF,DSASNY,IRSNVGE,AASIAGGYQKVT,SEHNR,FQNEAQ,ASSLGQGVFYEQF,0
ELAGIGILTV,SSVSVYYLSGSTLVAVNNNKLIMNHNSSASEGTASSDSPNSNQPQH,SSVSVY,YLSGSTLV,AVNNNKLI,MNHNS,SASEGT,ASSDSPNSNQPQH,0
NLVPMVATV,NSASDYIRSNMDKAENSSLAGKSTMGHRAYSYEKLASSQDRGGPGELF,NSASDY,IRSNMDK,AENSSLAGKST,MGHRA,YSYEKL,ASSQDRGGPGELF,0
GILGFVFTL,TTLSNLVKSGEVAGPEEGGSQGNLILNHDASQIVNDASSGRSTDTQY,TTLSN,LVKSGEV,AGPEEGGSQGNLI,LNHDA,SQIVND,ASSGRSTDTQY,1
RAKFKQLL,DRGSQSIYSNGDAVNIGGGSQGNLISGHTAFQGNSAASSLYEQY,DRGSQS,IYSNGD,AVNIGGGSQGNLI,SGHTA,FQGNSA,ASSLYEQY,0
CINGVCWTV,DSAIYNIQSSQREAVRNQGGSEKLVLNHDASQIVNDASSARSSYEQY,DSAIYN,IQSSQRE,AVRNQGGSEKLV,LNHDA,SQIVND,ASSARSSYEQY,0
SPRWYFYYL,SVFSSVVTGGEVWGDRKTRNSYSGHVSFQNEAQASSLGATWTSNTEAF,SVFSS,VVTGGEV,WGDRKTRNSY,SGHVS,FQNEAQ,ASSLGATWTSNTEAF,0
ELAGIGILTV,DSSSTYIFSNMDMAEWDAGKSTSGHVSFQNEAQASSLEAGNTEAF,DSSSTY,IFSNMDM,AEWDAGKST,SGHVS,FQNEAQ,ASSLEAGNTEAF,0
KLGGALQAK,NSASQSVYSSGVVNDPYTGGFKTISNHLYFYNNEIASSELGQLNEQF,NSASQS,VYSSG,VVNDPYTGGFKTI,SNHLY,FYNNEI,ASSELGQLNEQF,0
RAKFKQLL,TSGFNGNVLDGLAEDQGGKLILNHDASQIVNDATGTGDSNQPQH,TSGFNG,NVLDGL,AEDQGGKLI,LNHDA,SQIVND,ATGTGDSNQPQH,0
CINGVCWTV,SVFSSVVTGGEVAGDDQGGKLILNHDASHIVNDASSIRSSYEQY,SVFSS,VVTGGEV,AGDDQGGKLI,LNHDA,SHIVND,ASSIRSSYEQY,0
ELAGIGILTV,DRGSQSIYSNGDAAGGSGYALNMRHNASNTAGTASSDAVGQGTDTQY,DRGSQS,IYSNGD,AAGGSGYALN,MRHNA,SNTAGT,ASSDAVGQGTDTQY,1
AVFDRKSDAK,VSGLRGLYSAGEEAVQAGYNTDKLISGHRSYFSETQASSLSWQELYGYT,VSGLRG,LYSAGEE,AVQAGYNTDKLI,SGHRS,YFSETQ,ASSLSWQELYGYT,1
ATDALMTGF,NSASQSVYSSGVVNMGDFGNEKLTLGHNAYNFKEQASSPRLAARSDTQY,NSASQS,VYSSG,VVNMGDFGNEKLT,LGHNA,YNFKEQ,ASSPRLAARSDTQY,0
AVFDRKSDAK,DRGSQSIYSNGDASVGMDSSYKLISGHNSFNNNVPASSFSGNTGELF,DRGSQS,IYSNGD,ASVGMDSSYKLI,SGHNS,FNNNVP,ASSFSGNTGELF,0
FEDLRLLSF,VGISALSSGKAAPANTGNQFYSGHNSFNNNVPASSLLWRNNEQF,VGISA,LSSGK,AAPANTGNQFY,SGHNS,FNNNVP,ASSLLWRNNEQF,1
SPRWYFYYL,DSSSTYIFSNMDMAETQDSNYQLIMNHEYSMNVEVASGQGSQPQH,DSSSTY,IFSNMDM,AETQDSNYQLI,MNHEY,SMNVEV,ASGQGSQPQH,0
GILGFVFTL,DSAIYNIQSSQREAVPNFGNEKLTLGHDTYNNKELASSQDFTQGFAYEQY,DSAIYN,IQSSQRE,AVPNFGNEKLT,LGHDT,YNNKEL,ASSQDFTQGFAYEQY,0
AVFDRKSDAK,DRGSQSIYSNGDAVKDTGRRALTDFQATTSNEGSKASARDRSRQGADGYT,DRGSQS,IYSNGD,AVKDTGRRALT,DFQATT,SNEGSKA,SARDRSRQGADGYT,1
RAKFKQLL,TSGFNGNVLDGLAVLDSNYQLISGHDYFNNNVPASSPSSSYEQY,TSGFNG,NVLDGL,AVLDSNYQLI,SGHDY,FNNNVP,ASSPSSSYEQY,1
KLGGALQAK,DSASNYIRSNVGEAASATNAGGTSYGKLTSGDLSYYNGEEASSASSGGVSDTQY,DSASNY,IRSNVGE,AASATNAGGTSYGKLT,SGDLS,YYNGEE,ASSASSGGVSDTQY,1
KLGGALQAK,TSINNIRSNEREATDAKGGSNYKLTSQVTMANQGSEASVGSGDGGEQF,TSINN,IRSNERE,ATDAKGGSNYKLT,SQVTM,ANQGSEA,SVGSGDGGEQF,0
KLGGALQAK,VSGNPYYITGDNLVAVRDIGGTALIMNHNSSASEGTASSDLDSNQPQH,VSGNPY,YITGDNLV,AVRDIGGTALI,MNHNS,SASEGT,ASSDLDSNQPQH,0
IVTDFSVIK,TISGTDYGLTSNILNRDDKIIDFQATTSNEGSKASALYPLAGPGNEQF,TISGTDY,GLTSN,ILNRDDKII,DFQATT,SNEGSKA,SALYPLAGPGNEQF,0
KLGGALQAK,DRGSQSIYSNGDAVGGGADGLTFGMNHEYSVGAGIASSYSATGGEQYFG,DRGSQS,IYSNGD,AVGGGADGLTFG,MNHEY,SVGAGI,ASSYSATGGEQYFG,0
RFPLTFGWCF,YGATPYYFSGDTLVAVGNLDGGSQGNLISGHKSYYEKEEASVGSYNEQF,YGATPY,YFSGDTLV,AVGNLDGGSQGNLI,SGHKS,YYEKEE,ASVGSYNEQF,0
GLCTLVAML,TTLSNLVKSGEVAGPNQAGTALISGHTAFQGTGAASSLTGTGSYNEQF,TTLSN,LVKSGEV,AGPNQAGTALI,SGHTA,FQGTGA,ASSLTGTGSYNEQF,0
KLGGALQAK,DRGSQSIYSNGDAVTTDKLISGDLSYYNGEEASSVAGGAYEQY,DRGSQS,IYSNGD,AVTTDKLI,SGDLS,YYNGEE,ASSVAGGAYEQY,0
KLGGALQAK,NSASQSVYSSGVVNMAGGGNKLTMGHDKSYGVNSASSGKDSFYEQY,NSASQS,VYSSG,VVNMAGGGNKLT,MGHDK,SYGVNS,ASSGKDSFYEQY,0
GLCTLVAML,YGGTVNYFSGDPLVALNTGGFKTIMNHEYSMNVEVASSLFPDNYGYT,YGGTVN,YFSGDPLV,ALNTGGFKTI,MNHEY,SMNVEV,ASSLFPDNYGYT,0
RAKFKQLL,DRGSQSIYSNGDAVSNTDKLILGHDTYNNKELASSPTPAGGAYEQY,DRGSQS,IYSNGD,AVSNTDKLI,LGHDT,YNNKEL,ASSPTPAGGAYEQY,0
AVFDRKSDAK,DRGSQSIYSNGDAVKGGAAGNKLTSGHTAFQGNSAASSLDSAYEQY,DRGSQS,IYSNGD,AVKGGAAGNKLT,SGHTA,FQGNSA,ASSLDSAYEQY,0
RAKFKQLL,TSINNIRSNEREATASSTDSWGKLQSGHRSYFSETQASNLRTGGTDTQY,TSINN,IRSNERE,ATASSTDSWGKLQ,SGHRS,YFSETQ,ASNLRTGGTDTQY,0
KLGGALQAK,DSASNYIRSNVGEAASGGGSQGNLIMGHRAYSYEKLASSQEAGALGETQY,DSASNY,IRSNVGE,AASGGGSQGNLI,MGHRA,YSYEKL,ASSQEAGALGETQY,0
LLWNGPMAV,DRGSQSIYSNGDAVNGGNQFYLGHNAYNFKEQASSLEMGAGTEAF,DRGSQS,IYSNGD,AVNGGNQFY,LGHNA,YNFKEQ,ASSLEMGAGTEAF,0
AVFDRKSDAK,DRGSQSIYSNGDAVAAYKYIMNHNSSASEGTASSGGQAYEQY,DRGSQS,IYSNGD,AVAAYKYI,MNHNS,SASEGT,ASSGGQAYEQY,0
ELAGIGILTV,TSDQSYGQGSYDEQNAMREHFTGNQFYMDHENSYDVKMASSLLIGGALKETQY,TSDQSYG,QGSYDEQN,AMREHFTGNQFY,MDHEN,SYDVKM,ASSLLIGGALKETQY,0
NLVPMVATV,DSVNNIPSGTAGSPSNTGKLILNHDASQIVNDASSIHSGNQPQH,DSVNN,IPSGT,AGSPSNTGKLI,LNHDA,SQIVND,ASSIHSGNQPQH,0
GILGFVFTL,TSENNYYQEAYKQQNALLPGSGTASKLTSGHVSFQNEAQASSYGTGDLSYNEQF,TSENNYY,QEAYKQQN,ALLPGSGTASKLT,SGHVS,FQNEAQ,ASSYGTGDLSYNEQF,0
GLCTLVAML,NIATNDYGYKTKLVGPFMRLGHNAYNFKEQASSQDPDTQY,NIATNDY,GYKTK,LVGPFMR,LGHNA,YNFKEQ,ASSQDPDTQY,0
GLCTLVAML,DRGSQSIYSNGDAVSGNEKLTSGDLSYYNGEEASSVYLSGNTIY,DRGSQS,IYSNGD,AVSGNEKLT,SGDLS,YYNGEE,ASSVYLSGNTIY,0
KLGGALQAK,YGGTVNYFSGDPLVAVSARLNTDKLISGHNSFNNNVPASSFSGNTGELF,YGGTVN,YFSGDPLV,AVSARLNTDKLI,SGHNS,FNNNVP,ASSFSGNTGELF,0
KLGGALQAK,NIATNDYGYKTKLVVGRYAGNMLTSNHLYFYNNEIASSLNRELF,NIATNDY,GYKTK,LVVGRYAGNMLT,SNHLY,FYNNEI,ASSLNRELF,0
ELAGIGILTV,YGGTVNYFSGDPLVAANSGGSYIPTSGHVSFQNEAQASSDSAGELF,YGGTVN,YFSGDPLV,AANSGGSYIPT,SGHVS,FQNEAQ,ASSDSAGELF,0
KLGGALQAK,ATGYPSATKADDKALQGSQGNLILNHDASHIVNDASSSRSGVEQY,ATGYPS,ATKADDK,ALQGSQGNLI,LNHDA,SHIVND,ASSSRSGVEQY,0
CTELKLSDY,VSGLRGLYSAGEEAVQARNNAGNMLTLNHDASQIVNDASSIVKLAGGTYEQY,VSGLRG,LYSAGEE,AVQARNNAGNMLT,LNHDA,SQIVND,ASSIVKLAGGTYEQY,1
AVFDRKSDAK,DRGSQSIYSNGDALNTGGFKTILGHNAYNFKEQASSQETSGGASQF,DRGSQS,IYSNGD,ALNTGGFKTI,LGHNA,YNFKEQ,ASSQETSGGASQF,0
KLGGALQAK,SIFNTLYKAGELAGQLAGGSQGNLILNHDASQIVNDASSISSINEQF,SIFNT,LYKAGEL,AGQLAGGSQGNLI,LNHDA,SQIVND,ASSISSINEQF,0
GLCTLVAML,TTLSNLVKSGEVAGSIMNYGGSQGNLISGDLSYYNGEEASSVSSGLYYEQY,TTLSN,LVKSGEV,AGSIMNYGGSQGNLI,SGDLS,YYNGEE,ASSVSSGLYYEQY,0
GILGFVFTL,DRGSQSIYSNGDAVEGRRLTGGGNKLTMNHNSSASEGTASRVGPEAF,DRGSQS,IYSNGD,AVEGRRLTGGGNKLT,MNHNS,SASEGT,ASRVGPEAF,0
GILGFVFTL,NSAFQYTYSSGNAMGGGGGSQGNLILNHDASQIVNDASSFRSSETQY,NSAFQY,TYSSGN,AMGGGGGSQGNLI,LNHDA,SQIVND,ASSFRSSETQY,1
GLCTLVAML,DSASNYIRSNVGEAASETSYDKVISEHNRFQNEAQASSLLGQPNTEAF,DSASNY,IRSNVGE,AASETSYDKVI,SEHNR,FQNEAQ,ASSLLGQPNTEAF,0
ELAGIGILTV,DRGSQSIYSNGDAVGGGGADGLTMDHENSYDVKMASSYGEFGNQPQH,DRGSQS,IYSNGD,AVGGGGADGLT,MDHEN,SYDVKM,ASSYGEFGNQPQH,1
KLGGALQAK,TSINNIRSNEREATASTSGTYKYIPRHDTFYEKMQASSLGGQGSNEQF,TSINN,IRSNERE,ATASTSGTYKYI,PRHDT,FYEKMQ,ASSLGGQGSNEQF,0
RAKFKQLL,DRGSQSIYSNGDAAVASKIILGHDTYNNKELASSIKPDGYEQY,DRGSQS,IYSNGD,AAVASKII,LGHDT,YNNKEL,ASSIKPDGYEQY,0
NLVPMVATV,NSMFDYISSIKDKAASDQTGANNLFMNHEYSVGAGIASSLQGASGYT,NSMFDY,ISSIKDK,AASDQTGANNLF,MNHEY,SVGAGI,ASSLQGASGYT,1
ATDALMTGF,YGGTVNYFSGDPLVAVIPGSNYQLILNHDASQIVNDASSDRSNTEAF,YGGTVN,YFSGDPLV,AVIPGSNYQLI,LNHDA,SQIVND,ASSDRSNTEAF,0
RFPLTFGWCF,NSASQSVYSSGVVNRVENSGYSTLTMNHNSSASEGTASSGNEQDLQPQH,NSASQS,VYSSG,VVNRVENSGYSTLT,MNHNS,SASEGT,ASSGNEQDLQPQH,0
LLWNGPMAV,SSNFYAMTLNGDEAFELILGAQKLVMNHEYSVGEGTASSYSWTGSNYGYT,SSNFYA,MTLNGDE,AFELILGAQKLV,MNHEY,SVGEGT,ASSYSWTGSNYGYT,0
DATYQRTRALVR,TISGTDYGLTSNILNRDDKIIDFQATTSNEGSKASALYPLAGPGNEQF,TISGTDY,GLTSN,ILNRDDKII,DFQATT,SNEGSKA,SALYPLAGPGNEQF,1
KLGGALQAK,SSVSVYYLSGSTLVAVSDKLVGAAGNKLTMGHRAYSYEKLASSQHGGDYEQY,SSVSVY,YLSGSTLV,AVSDKLVGAAGNKLT,MGHRA,YSYEKL,ASSQHGGDYEQY,1
IVTDFSVIK,DRGSQSIYSNGDAVNQGGKLISGHDYFNNNVPASTPSPSRPPL,DRGSQS,IYSNGD,AVNQGGKLI,SGHDY,FNNNVP,ASTPSPSRPPL,0
CTELKLSDY,TRDTTYYRNSFDEQNALSLKYNFNKFYSGHNSFNNNVPASSLARTEDNYEQY,TRDTTYY,RNSFDEQN,ALSLKYNFNKFY,SGHNS,FNNNVP,ASSLARTEDNYEQY,0
GILGFVFTL,DSASNYIRSNVGEAASNILTGGGNKLTLGHNAYSLEERASSQVVGQRNTEAF,DSASNY,IRSNVGE,AASNILTGGGNKLT,LGHNA,YSLEER,ASSQVVGQRNTEAF,0
RAKFKQLL,VSNAYNGSKPAVENDKIIDFQATTSNEGSKASALLLAPRSEQF,VSNAYN,GSKP,AVENDKII,DFQATT,SNEGSKA,SALLLAPRSEQF,0
KLGGALQAK,TSENNYYQEAYKQQNAFMKLESYMDSNYQLIMNHEYSVGEGTASSYLGDIQFNQPQH,TSENNYY,QEAYKQQN,AFMKLESYMDSNYQLI,MNHEY,SVGEGT,ASSYLGDIQFNQPQH,0
KLGGALQAK,DRGSQSIYSNGDAVFRDNYGQNFVSGHRSYFSETQASATGTSYNEQF,DRGSQS,IYSNGD,AVFRDNYGQNFV,SGHRS,YFSETQ,ASATGTSYNEQF,1
KLGGALQAK,YGATPYYFSGDTLVAVDAQAGTALILGHDTYNNKELASSQTIAYEQY,YGATPY,YFSGDTLV,AVDAQAGTALI,LGHDT,YNNKEL,ASSQTIAYEQY,0
KLGGALQAK,YGATPYYFSGDTLVAVAWGGGADGLTSGHNTYYREEEASSSTGGGEKDQPQH,YGATPY,YFSGDTLV,AVAWGGGADGLT,SGHNT,YYREEE,ASSSTGGGEKDQPQH,0
AVFDRKSDAK,TRDTTYYRNSFDEQNALSEASGNAGNMLTMNHEYSMNVEVASSSPTSGDYEQY,TRDTTYY,RNSFDEQN,ALSEASGNAGNMLT,MNHEY,SMNVEV,ASSSPTSGDYEQY,0
SPRWYFYYL,VSGNPYYITGDNLVAVAKDLQNSGGGADGLTLNHNVYYDKDFATSYEDNSGANVLT,VSGNPY,YITGDNLV,AVAKDLQNSGGGADGLT,LNHNV,YYDKDF,ATSYEDNSGANVLT,0
RAKFKQLL,NSAFQYTYSSGNAMSASNFGNEKLTSGHTAFQGNSAASSSIRGPLSGNTIY,NSAFQY,TYSSGN,AMSASNFGNEKLT,SGHTA,FQGNSA,ASSSIRGPLSGNTIY,0
IVTDFSVIK,SSYSPSYTSAATLVVVSDPGFGNEKLTSGDLSYYNGEEASSVGADPPNTEAF,SSYSPS,YTSAATLV,VVSDPGFGNEKLT,SGDLS,YYNGEE,ASSVGADPPNTEAF,0
AVFDRKSDAK,VSPFSNMTFSENTVLASGGSYIPTSGHNSFNNNVPASLAGVRTDTQY,VSPFSN,MTFSENT,VLASGGSYIPT,SGHNS,FNNNVP,ASLAGVRTDTQY,0
AVFDRKSDAK,SVFSSVVTGGEVAGEGDYKLSLNHDASQIVNDASSRDFQETQY,SVFSS,VVTGGEV,AGEGDYKLS,LNHDA,SQIVND,ASSRDFQETQY,0
KLGGALQAK,DSASNYIRSNVGEAAKLSDSSYKLIDFQATTSNEGSKASAMTSGSSYEQY,DSASNY,IRSNVGE,AAKLSDSSYKLI,DFQATT,SNEGSKA,SAMTSGSSYEQY,1
AVFDRKSDAK,SSNFYAMTLNGDEAFTAGGADGLTMRHNASNTAGTASSDTGVLNSPLH,SSNFYA,MTLNGDE,AFTAGGADGLT,MRHNA,SNTAGT,ASSDTGVLNSPLH,1
RLPGVLPRA,TSGFNGNVLDGLAVNEGDYKLSDFQATTSNEGSKASARHLSGIEQF,TSGFNG,NVLDGL,AVNEGDYKLS,DFQATT,SNEGSKA,SARHLSGIEQF,0
IVTDFSVIK,DRGSQSIYSNGDAVKWEYGNKLVMNHEYSMNVEVASSLIANEKLF,DRGSQS,IYSNGD,AVKWEYGNKLV,MNHEY,SMNVEV,ASSLIANEKLF,1
GILGFVFTL,TTLSNLVKSGEVAGPNQAGTALISGHTAFQGTGAASSLTGTGSYNEQF,TTLSN,LVKSGEV,AGPNQAGTALI,SGHTA,FQGTGA,ASSLTGTGSYNEQF,0
LLWNGPMAV,VSGLRGLYSAGEEAVQAGYNTDKLISGHRSYFSETQASSLSWQELYGYT,VSGLRG,LYSAGEE,AVQAGYNTDKLI,SGHRS,YFSETQ,ASSLSWQELYGYT,0
SLFNTVATLY,TTLSNLVKSGEVAGADAGNNRKLISGHRSYFSETQASSLDQGAYEQY,TTLSN,LVKSGEV,AGADAGNNRKLI,SGHRS,YFSETQ,ASSLDQGAYEQY,0
GLCTLVAML,NSASQSVYSSGVVWGGSYIPTMDHENSYDVKMASSFPPDLNTGELF,NSASQS,VYSSG,VVWGGSYIPT,MDHEN,SYDVKM,ASSFPPDLNTGELF,0
ELAGIGILTV,TSINNIRSNEREAPEIQGAQKLVMNHNYSVGAGIASENRNTGELF,TSINN,IRSNERE,APEIQGAQKLV,MNHNY,SVGAGI,ASENRNTGELF,0
DATYQRTRALVR,DRGSQSIYSNGDAVRDNQGGKLISGHDTYYEEEEASSTRDRQGLPYEQY,DRGSQS,IYSNGD,AVRDNQGGKLI,SGHDT,YYEEEE,ASSTRDRQGLPYEQY,0
GILGFVFTL,TISGTDYGLTSNILRDVSGGGFKTIDFQATTSNEGSKASARDEGTGIGREKLF,TISGTDY,GLTSN,ILRDVSGGGFKTI,DFQATT,SNEGSKA,SARDEGTGIGREKLF,0
RAKFKQLL,NSASQSVYSSGVVNRVENSGYSTLTMNHNSSASEGTASSGNEQDLQPQH,NSASQS,VYSSG,VVNRVENSGYSTLT,MNHNS,SASEGT,ASSGNEQDLQPQH,0
SPRWYFYYL,DSSSTYIFSNMDMAEGYINQGGKLISGHNTYYREEEASSFTGPDEQF,DSSSTY,IFSNMDM,AEGYINQGGKLI,SGHNT,YYREEE,ASSFTGPDEQF,0
ELAGIGILTV,DRGSQSIYSNGDAVNPLRDSNYQLIMGHRAYSYEKLASSQTRGAGNTIY,DRGSQS,IYSNGD,AVNPLRDSNYQLI,MGHRA,YSYEKL,ASSQTRGAGNTIY,0
GILGFVFTL,TTSDRLLSNGAVAVAILTGGGNKLTLGHNAYNFKEQASKPGQGGYEQY,TTSDR,LLSNGAV,AVAILTGGGNKLT,LGHNA,YNFKEQ,ASKPGQGGYEQY,1
CINGVCWTV,TRDTTYYRNSFDEQNALSEAKDEGSEKLVLNHDASQIVNDASSARSSYEQY,TRDTTYY,RNSFDEQN,ALSEAKDEGSEKLV,LNHDA,SQIVND,ASSARSSYEQY,0
SPRWYFYYL,VGISALSSGKAVRKFGNEKLTLNHDASHIVNDASSIGLYGYT,VGISA,LSSGK,AVRKFGNEKLT,LNHDA,SHIVND,ASSIGLYGYT,0
RPPIFIRRL,YGGTVNYFSGDPLVAANSGGSYIPTSGHVSFQNEAQASSDSAGELF,YGGTVN,YFSGDPLV,AANSGGSYIPT,SGHVS,FQNEAQ,ASSDSAGELF,0
RAKFKQLL,DRGSQSIYSNGDAVNKGGGSQGNLISGDLSYYNGEEASSVGGAGVSNEQF,DRGSQS,IYSNGD,AVNKGGGSQGNLI,SGDLS,YYNGEE,ASSVGGAGVSNEQF,0
AVFDRKSDAK,TRDTTYYRNSFDEQNALGVGSGAGSYQLTMGHRAYSYEKLASSQSKGQGNEKLF,TRDTTYY,RNSFDEQN,ALGVGSGAGSYQLT,MGHRA,YSYEKL,ASSQSKGQGNEKLF,1
GILGFVFTL,DSASNYIRSNVGEAAKEGYSTLTMGHRAYSYEKLASSLLWAEYNEQF,DSASNY,IRSNVGE,AAKEGYSTLT,MGHRA,YSYEKL,ASSLLWAEYNEQF,0
RAKFKQLL,DRGSQSIYSNGDAVKGGAAGNKLTSGHTAFQGNSAASSLDSAYEQY,DRGSQS,IYSNGD,AVKGGAAGNKLT,SGHTA,FQGNSA,ASSLDSAYEQY,0
KLGGALQAK,NSASQSVYSSGVVNVGYGGSQGNLIMNHNSSASEGTASSGNGQDLQPQH,NSASQS,VYSSG,VVNVGYGGSQGNLI,MNHNS,SASEGT,ASSGNGQDLQPQH,0
GILGFVFTL,VGISALSSGKAVTAYNTDKLISGHNSFNNNVPASSFSGNTGELF,VGISA,LSSGK,AVTAYNTDKLI,SGHNS,FNNNVP,ASSFSGNTGELF,0
HPVTKYIM,DSASNYIRSNVGEAATASRAGTALISGHRSYFSETQASSLEGQGGTDTQY,DSASNY,IRSNVGE,AATASRAGTALI,SGHRS,YFSETQ,ASSLEGQGGTDTQY,1
KLGGALQAK,TISGTDYGLTSNILPLAGGTSYGKLTLNHDASQIVNDASSISSINEQF,TISGTDY,GLTSN,ILPLAGGTSYGKLT,LNHDA,SQIVND,ASSISSINEQF,0
RPPIFIRRL,TTLSNLVKSGEVAGADAGNNRKLISGHRSYFSETQASSLDQGAYEQY,TTLSN,LVKSGEV,AGADAGNNRKLI,SGHRS,YFSETQ,ASSLDQGAYEQY,0
GILGFVFTL,NSASDYIRSNMDKADSGGGADGLTMNHEYSMNVEVASSVTGGDTEAF,NSASDY,IRSNMDK,ADSGGGADGLT,MNHEY,SMNVEV,ASSVTGGDTEAF,0
NLVPMVATV,DRGSQSIYSNGDAFSGYALNMNHEYSVGEGTASSYTGTGSQPQH,DRGSQS,IYSNGD,AFSGYALN,MNHEY,SVGEGT,ASSYTGTGSQPQH,0
GILGFVFTL,TSGFYGNALDGLAVRDQEGNTPLVSGHNSFNNNVPASSSVNEQY,TSGFYG,NALDGL,AVRDQEGNTPLV,SGHNS,FNNNVP,ASSSVNEQY,0
SLFNTVATLY,VGISALSSGKAVRKFGNEKLTLNHDASHIVNDASSIGLYGYT,VGISA,LSSGK,AVRKFGNEKLT,LNHDA,SHIVND,ASSIGLYGYT,0
KLGGALQAK,DRGSQSIYSNGDAVKWEYGNKLVMNHEYSMNVEVASSLIANEKLF,DRGSQS,IYSNGD,AVKWEYGNKLV,MNHEY,SMNVEV,ASSLIANEKLF,0
AVFDRKSDAK,DSASNYIRSNVGEAASETSYDKVIMGHRAYSYEKLASSPLAGIYNEQF,DSASNY,IRSNVGE,AASETSYDKVI,MGHRA,YSYEKL,ASSPLAGIYNEQF,0
RAKFKQLL,TISGTDYGLTSNILRIGYDYKLSSGHVSFNYEAQASSFFVGRKNTGELF,TISGTDY,GLTSN,ILRIGYDYKLS,SGHVS,FNYEAQ,ASSFFVGRKNTGELF,0
NLVPMVATV,TISGNEYGLKNNIVRGSGNTGKLISGHATFQNNGVASSLVRGGHYNEQF,TISGNEY,GLKNN,IVRGSGNTGKLI,SGHAT,FQNNGV,ASSLVRGGHYNEQF,0
KLGGALQAK,TISGTDYGLTSNILRETSYDKVILNHDASQIVNDASSYHSNQPQH,TISGTDY,GLTSN,ILRETSYDKVI,LNHDA,SQIVND,ASSYHSNQPQH,0
GILGFVFTL,DRGSQSIYSNGDAVNIGGGSQGNLISGHTAFQGNSAASSLYEQY,DRGSQS,IYSNGD,AVNIGGGSQGNLI,SGHTA,FQGNSA,ASSLYEQY,1
RAKFKQLL,DRGSQSIYSNGDAVSASKIISGHATFQNNGVASNTGTDSYEQY,DRGSQS,IYSNGD,AVSASKII,SGHAT,FQNNGV,ASNTGTDSYEQY,0
AVFDRKSDAK,NSASDYIRSNMDKADSGGGADGLTSEHNRFQNEAQASSLDTQY,NSASDY,IRSNMDK,ADSGGGADGLT,SEHNR,FQNEAQ,ASSLDTQY,0
KLGGALQAK,SVFSSVVTGGEVSGTPGLPRDDKIIMGHRAYSYEKLASSYDRGPREGYT,SVFSS,VVTGGEV,SGTPGLPRDDKII,MGHRA,YSYEKL,ASSYDRGPREGYT,0
KLGGALQAK,DSASNYIRSNVGEAASEGGFKTISGHATFQNNGVASSLGTGENEQY,DSASNY,IRSNVGE,AASEGGFKTI,SGHAT,FQNNGV,ASSLGTGENEQY,0
KLGGALQAK,DSASNYIRSNVGEAAKEGYSTLTSGHDTYYEEEEASSLRDGSEAF,DSASNY,IRSNVGE,AAKEGYSTLT,SGHDT,YYEEEE,ASSLRDGSEAF,0
RAKFKQLL,TRDTTYYRNSFDEQNALKLGNAGNMLTSGDLSYYNGEEASSVNPNPIRDRDNEKLF,TRDTTYY,RNSFDEQN,ALKLGNAGNMLT,SGDLS,YYNGEE,ASSVNPNPIRDRDNEKLF,1
KLGGALQAK,DSAIYNIQSSQREAVYAGGADGLTSGHTAFQGTGAASSPTPSGYEQY,DSAIYN,IQSSQRE,AVYAGGADGLT,SGHTA,FQGTGA,ASSPTPSGYEQY,0
AVFDRKSDAK,NIATNDYGYKTKLVGDQILTGGGNKLTSGHTAFQGNSAASSLATGSGNQPQH,NIATNDY,GYKTK,LVGDQILTGGGNKLT,SGHTA,FQGNSA,ASSLATGSGNQPQH,0
KLGGALQAK,DSSSTYIFSNMDMAEDSNARLMDFQATTSNEGSKASARDPYRASNQPQH,DSSSTY,IFSNMDM,AEDSNARLM,DFQATT,SNEGSKA,SARDPYRASNQPQH,0
GILGFVFTL,YGATPYYFSGDTLVAVGDNFNKFYSGHRSYFSETQASSYGTGENTEAF,YGATPY,YFSGDTLV,AVGDNFNKFY,SGHRS,YFSETQ,ASSYGTGENTEAF,0
KLGGALQAK,SVFSSVVTGGEVAGASSGGGADGLTMNHEYSVGAGIASSPENSPLH,SVFSS,VVTGGEV,AGASSGGGADGLT,MNHEY,SVGAGI,ASSPENSPLH,0
GILGFVFTL,TSGFNGNVLDGLAVNRDNARLMSGHNSFNNNVPASRKQGSDTGELF,TSGFNG,NVLDGL,AVNRDNARLM,SGHNS,FNNNVP,ASRKQGSDTGELF,0
IVTDFSVIK,SSVSVYYLSGSTLVAVSVRMDSSYKLIMGHRAYSYEKLASSQDPGYEQY,SSVSVY,YLSGSTLV,AVSVRMDSSYKLI,MGHRA,YSYEKL,ASSQDPGYEQY,0
GLCTLVAML,DSAIYNIQSSQREAVRNQGGSEKLVLNHDASQIVNDASSARSSYEQY,DSAIYN,IQSSQRE,AVRNQGGSEKLV,LNHDA,SQIVND,ASSARSSYEQY,0
ELAGIGILTV,SVFSSVVTGGEVAGARSGSQGNLILNHDASQIVNDASSVRSSYEQY,SVFSS,VVTGGEV,AGARSGSQGNLI,LNHDA,SQIVND,ASSVRSSYEQY,0
RAKFKQLL,NSASDYIRSNMDKAENSSLAGKSTMGHRAYSYEKLASSQDRGGPGELF,NSASDY,IRSNMDK,AENSSLAGKST,MGHRA,YSYEKL,ASSQDRGGPGELF,1
RAKFKQLL,TRDTTYYRNSFDEQNALSGGNTGANSKLTGTSNPNSVGIGAGLGANVLT,TRDTTYY,RNSFDEQN,ALSGGNTGANSKLT,GTSNPN,SVGIG,AGLGANVLT,0
KLGGALQAK,TRDTTYYRNSFDEQNALSETLTSGTYKYISGDLSYYNGEEASSVEVGTGDNEQF,TRDTTYY,RNSFDEQN,ALSETLTSGTYKYI,SGDLS,YYNGEE,ASSVEVGTGDNEQF,0
IVTDFSVIK,DRGSQSIYSNGDAVNGASKIIMNHEYSMNVEVASGSGRLAEQY,DRGSQS,IYSNGD,AVNGASKII,MNHEY,SMNVEV,ASGSGRLAEQY,0
ELAGIGILTV,TRDTTYYRNSFDEQNALSEAGRGGSYIPTLNHDASQIVNDASSIFGGAEAF,TRDTTYY,RNSFDEQN,ALSEAGRGGSYIPT,LNHDA,SQIVND,ASSIFGGAEAF,0
GILGFVFTL,DRGSQSIYSNGDAVTHTGGFKTIKGHSHLQKENIASSPPGGGNTGELF,DRGSQS,IYSNGD,AVTHTGGFKTI,KGHSH,LQKENI,ASSPPGGGNTGELF,0
KLGGALQAK,NSAFQYTYSSGNAMSGEGGSQGNLIGTSNPNSVGIGATNGRGGYYNEQF,NSAFQY,TYSSGN,AMSGEGGSQGNLI,GTSNPN,SVGIG,ATNGRGGYYNEQF,0
AVFDRKSDAK,DRGSQSIYSNGDALTSGTYKYISGHATFQDESVASSLGQGAAEAF,DRGSQS,IYSNGD,ALTSGTYKYI,SGHAT,FQDESV,ASSLGQGAAEAF,0
KLGGALQAK,DRGSQSIYSNGDAGDSGGGSQGNLILNHDASQIVNDASSIRSNTEAF,DRGSQS,IYSNGD,AGDSGGGSQGNLI,LNHDA,SQIVND,ASSIRSNTEAF,0
GILGFVFTL,TTLSNLVKSGEVAGKNSNDYKLSMNHEYSMNVEVASSPIRQDMGGYT,TTLSN,LVKSGEV,AGKNSNDYKLS,MNHEY,SMNVEV,ASSPIRQDMGGYT,0
GILGFVFTL,TISGTDYGLTSNILGSNDYKLSSQVTMANQGSEASPGTDLYEQY,TISGTDY,GLTSN,ILGSNDYKLS,SQVTM,ANQGSEA,SPGTDLYEQY,0
ELAGIGILTV,TRDTTYYRNSFDEQNALSEASLVDSNYQLILNHDASQIVNDASSPTSGGYNEQF,TRDTTYY,RNSFDEQN,ALSEASLVDSNYQLI,LNHDA,SQIVND,ASSPTSGGYNEQF,0
RAKFKQLL,DRGSQSIYSNGDAAPYSGGGADGLTKGHDRSFDVKDATSDYVSGTLQETQY,DRGSQS,IYSNGD,AAPYSGGGADGLT,KGHDR,SFDVKD,ATSDYVSGTLQETQY,0
NLVPMVATV,SVFSSVVTGGEVSGTPGLPRDDKIIMGHRAYSYEKLASSYDRGPREGYT,SVFSS,VVTGGEV,SGTPGLPRDDKII,MGHRA,YSYEKL,ASSYDRGPREGYT,1
GILGFVFTL,DRGSQSIYSNGDAVNKGGGSQGNLISGDLSYYNGEEASSVGGAGVSNEQF,DRGSQS,IYSNGD,AVNKGGGSQGNLI,SGDLS,YYNGEE,ASSVGGAGVSNEQF,1
ATDALMTGF,SVFSSVVTGGEVAGGGFADYGGSQGNLILNHDASQIVNDASSLYSNQPQH,SVFSS,VVTGGEV,AGGGFADYGGSQGNLI,LNHDA,SQIVND,ASSLYSNQPQH,0
KLGGALQAK,NSMFDYISSIKDKAASGGNNNDMRMRHNASNTAGTASSVTPSSYNEQF,NSMFDY,ISSIKDK,AASGGNNNDMR,MRHNA,SNTAGT,ASSVTPSSYNEQF,0
KLGGALQAK,NSASDYIRSNMDKADSGGGADGLTMNHEYSMNVEVASSPHFQVDTGELF,NSASDY,IRSNMDK,ADSGGGADGLT,MNHEY,SMNVEV,ASSPHFQVDTGELF,0
NLVPMVATV,NSASDYIRSNMDKAETWNNFNKFYSGHDTYYEEEEASSLGPITGLPYNEQF,NSASDY,IRSNMDK,AETWNNFNKFY,SGHDT,YYEEEE,ASSLGPITGLPYNEQF,0
CINGVCWTV,NSASDYIRSNMDKAEPSSASKIISGDLSYYNGEEASSEENTGELF,NSASDY,IRSNMDK,AEPSSASKII,SGDLS,YYNGEE,ASSEENTGELF,0
KSKRTPMGF,TSGFNGNVLDGLAAMDSNYQLIMNHNSSASEGTASNEDSNYGYT,TSGFNG,NVLDGL,AAMDSNYQLI,MNHNS,SASEGT,ASNEDSNYGYT,0
NLVPMVATV,SVFSSVVTGGEVAGVGVNTGKLIMNHNYSVGAGIASSPFFRNSASTDTQY,SVFSS,VVTGGEV,AGVGVNTGKLI,MNHNY,SVGAGI,ASSPFFRNSASTDTQY,0
KLGGALQAK,ATGYPSATKADDKARAPLSGSSASKIISGHTAFQGNSAASSLGTSGGETQY,ATGYPS,ATKADDK,ARAPLSGSSASKII,SGHTA,FQGNSA,ASSLGTSGGETQY,0
YLQPRTFLL,YGATPYYFSGDTLVAVTRDDKIILNHDASQIVNDASSIYSNQPQH,YGATPY,YFSGDTLV,AVTRDDKII,LNHDA,SQIVND,ASSIYSNQPQH,0
RAKFKQLL,DRGSQSIYSNGDAVNGNNNDMRLNHDASQIVNDASAWGGMTNEQY,DRGSQS,IYSNGD,AVNGNNNDMR,LNHDA,SQIVND,ASAWGGMTNEQY,0
GILGFVFTL,DSAIYNIQSSQREAVTTQGGSEKLVMNHEYSMNVEVASSLSTGVLFEQY,DSAIYN,IQSSQRE,AVTTQGGSEKLV,MNHEY,SMNVEV,ASSLSTGVLFEQY,0
RLRAEAQVK,TSGFYGNALDGLAVRDQDYGQNFVSGHDTYYEEEEASRDRGVGSPLH,TSGFYG,NALDGL,AVRDQDYGQNFV,SGHDT,YYEEEE,ASRDRGVGSPLH,0
IVTDFSVIK,TISGTDYGLTSNILRPREDRGSTLGRLYSQVTMANQGSEASVRQGARDNEQF,TISGTDY,GLTSN,ILRPREDRGSTLGRLY,SQVTM,ANQGSEA,SVRQGARDNEQF,0
CTELKLSDY,TSINNIRSNEREATDYYGNNRLAMNHEYSVGAGIASREGQFQETQY,TSINN,IRSNERE,ATDYYGNNRLA,MNHEY,SVGAGI,ASREGQFQETQY,0
KLGGALQAK,DSASNYIRSNVGEAASFFSGGYNKLILGHNAYNFKEQASSPDRDQTYEQY,DSASNY,IRSNVGE,AASFFSGGYNKLI,LGHNA,YNFKEQ,ASSPDRDQTYEQY,1
CINGVCWTV,DSASNYIRSNVGEAATPPPSYDKVISGHDYFNNNVPASSPGTFRYT,DSASNY,IRSNVGE,AATPPPSYDKVI,SGHDY,FNNNVP,ASSPGTFRYT,0
CINGVCWTV,TRDTTYYRNSFDEQNALKLGNAGNMLTSGDLSYYNGEEASSVNPNPIRDRDNEKLF,TRDTTYY,RNSFDEQN,ALKLGNAGNMLT,SGDLS,YYNGEE,ASSVNPNPIRDRDNEKLF,0
KLGGALQAK,DRGSQSIYSNGDAVSNTDKLILGHDTYNNKELASSPTPAGGAYEQY,DRGSQS,IYSNGD,AVSNTDKLI,LGHDT,YNNKEL,ASSPTPAGGAYEQY,0
GLCTLVAML,TRDTTYYRNSFDEQNALSEAKDEGSEKLVLNHDASQIVNDASSARSSYEQY,TRDTTYY,RNSFDEQN,ALSEAKDEGSEKLV,LNHDA,SQIVND,ASSARSSYEQY,0
GILGFVFTL,NYSPAYIRENEKEALVAPGGSYIPTKGHDRSFDVKDATAPGTGRTLKLI,NYSPAY,IRENEKE,ALVAPGGSYIPT,KGHDR,SFDVKD,ATAPGTGRTLKLI,0
AVFDRKSDAK,DSSSTYIFSNMDMAEIPNYGGSQGNLIMDHENSYDVKMASSFQGYTEAF,DSSSTY,IFSNMDM,AEIPNYGGSQGNLI,MDHEN,SYDVKM,ASSFQGYTEAF,0
GILGFVFTL,DRGSQSIYSNGDAVIQARLMLGHDTYNNKELASSQDTSGLYNEQF,DRGSQS,IYSNGD,AVIQARLM,LGHDT,YNNKEL,ASSQDTSGLYNEQF,0
ELAGIGILTV,TSINNIRSNEREAPSLMDTGRRALTSGHNSFNNNVPASSFGGDGYNEQF,TSINN,IRSNERE,APSLMDTGRRALT,SGHNS,FNNNVP,ASSFGGDGYNEQF,0
GILGFVFTL,SVFSSVVTGGEVAGGGFADYGGSQGNLILNHDASQIVNDASSLYSNQPQH,SVFSS,VVTGGEV,AGGGFADYGGSQGNLI,LNHDA,SQIVND,ASSLYSNQPQH,1
CINGVCWTV,YGATPYYFSGDTLVAVDDTNAGKSTLNHDASHIVNDASSLRSTDTQY,YGATPY,YFSGDTLV,AVDDTNAGKST,LNHDA,SHIVND,ASSLRSTDTQY,0
RAKFKQLL,TSGFNGNVLDGLAVFRGRDDKIIMNHEYSMNVEVASSARQGIYYEQY,TSGFNG,NVLDGL,AVFRGRDDKII,MNHEY,SMNVEV,ASSARQGIYYEQY,0
NLVPMVATV,SSYSPSYTSAATLVVVSAGSIVSGGYNKLIENHRYSYGVKDAIRDKMNTEAF,SSYSPS,YTSAATLV,VVSAGSIVSGGYNKLI,ENHRY,SYGVKD,AIRDKMNTEAF,1
GILGFVFTL,VSPFSNMTFSENTVVSSYSSASKIIKGHDRSFDVKDATSDLPGKAGYT,VSPFSN,MTFSENT,VVSSYSSASKII,KGHDR,SFDVKD,ATSDLPGKAGYT,0
KLGGALQAK,DSAIYNIQSSQREAAALYNNAGNMLTLNHDASQIVNDASSIYSNQPQH,DSAIYN,IQSSQRE,AAALYNNAGNMLT,LNHDA,SQIVND,ASSIYSNQPQH,0
GILGFVFTL,VSGLRGLYSAGEEAALLDFGNEKLTMGHRAYSYEKLASSLLWAEYNEQF,VSGLRG,LYSAGEE,AALLDFGNEKLT,MGHRA,YSYEKL,ASSLLWAEYNEQF,0
AVFDRKSDAK,SSYSPSYTSAATLVVVSVYSGGGADGLTMNHEYSVGAGIASSYRPGQYTEAF,SSYSPS,YTSAATLV,VVSVYSGGGADGLT,MNHEY,SVGAGI,ASSYRPGQYTEAF,0
RAKFKQLL,TISGNEYGLKNNIVRVTMDSNYQLILGHDTYNNKELASSQDRGATDELF,TISGNEY,GLKNN,IVRVTMDSNYQLI,LGHDT,YNNKEL,ASSQDRGATDELF,0
GILGFVFTL,NIATNDYGYKTKLVGDRSDGQKLLENHRYSYGVKDAINTGDSNQPQH,NIATNDY,GYKTK,LVGDRSDGQKLL,ENHRY,SYGVKD,AINTGDSNQPQH,0
KLGGALQAK,TRDTTYYRNSFDEQNALSDPYSGAGSYQLTSGHVSFQNEAQASSLAVLGETQY,TRDTTYY,RNSFDEQN,ALSDPYSGAGSYQLT,SGHVS,FQNEAQ,ASSLAVLGETQY,0
GILGFVFTL,TTLSNLVKSGEVAGYGSDGQKLLMNHEYSMNVEVASSFTLPGTGPYEQY,TTLSN,LVKSGEV,AGYGSDGQKLL,MNHEY,SMNVEV,ASSFTLPGTGPYEQY,0
RAKFKQLL,DRGSQSIYSNGDAAQGGKLIMNHEYSMNVEVASSSGTGVFLAEAF,DRGSQS,IYSNGD,AAQGGKLI,MNHEY,SMNVEV,ASSSGTGVFLAEAF,0
GILGFVFTL,DRGSQSIYSNGDAVKGGGADGLTLGHNAYSLEERASSQVEGLETQY,DRGSQS,IYSNGD,AVKGGGADGLT,LGHNA,YSLEER,ASSQVEGLETQY,0
IVTDFSVIK,VSGNPYYITGDNLVAVAKDLQNSGGGADGLTLNHNVYYDKDFATSYEDNSGANVLT,VSGNPY,YITGDNLV,AVAKDLQNSGGGADGLT,LNHNV,YYDKDF,ATSYEDNSGANVLT,0
RAKFKQLL,DSSSTYIFSNMDMAETQDSNYQLIMNHEYSMNVEVASGQGSQPQH,DSSSTY,IFSNMDM,AETQDSNYQLI,MNHEY,SMNVEV,ASGQGSQPQH,1
NLVPMVATV,DSSSTYIFSNMDMAHLGGSSNTGKLIMDHENSYDVKMAVNGGSNYGYT,DSSSTY,IFSNMDM,AHLGGSSNTGKLI,MDHEN,SYDVKM,AVNGGSNYGYT,1
SPRWYFYYL,NSASDYIRSNMDKADSGGGADGLTSGHDTYYEEEEASSSTLYGSYNEQF,NSASDY,IRSNMDK,ADSGGGADGLT,SGHDT,YYEEEE,ASSSTLYGSYNEQF,0
GILGFVFTL,DSASNYIRSNVGEAARVRGFGNVLHSGDLSYYNGEEASSLSSGTYEQY,DSASNY,IRSNVGE,AARVRGFGNVLH,SGDLS,YYNGEE,ASSLSSGTYEQY,0
RAKFKQLL,DRGSQSIYSNGDAVGGGSNYKLTMNHEYSVGEGTASSYQGAGGYT,DRGSQS,IYSNGD,AVGGGSNYKLT,MNHEY,SVGEGT,ASSYQGAGGYT,0
RLRAEAQVK,VSGNPYYITGDNLVAVRDMLGFNKFYMRHNASNTAGTASSPTGSDTGELF,VSGNPY,YITGDNLV,AVRDMLGFNKFY,MRHNA,SNTAGT,ASSPTGSDTGELF,0
NLVPMVATV,VGISALSSGKAVRSNFGNEKLTFGTMNHEYSMNVEVASSFWDRVSGANVLTFG,VGISA,LSSGK,AVRSNFGNEKLTFGT,MNHEY,SMNVEV,ASSFWDRVSGANVLTFG,1
NLVPMVATV,SVFSSVVTGGEVAGARSGSQGNLILNHDASQIVNDASSVRSSYEQY,SVFSS,VVTGGEV,AGARSGSQGNLI,LNHDA,SQIVND,ASSVRSSYEQY,0
AVFDRKSDAK,DSASNYIRSNVGEAATNSGGSNYKLTSGHNTYYREEEASSFQGWELF,DSASNY,IRSNVGE,AATNSGGSNYKLT,SGHNT,YYREEE,ASSFQGWELF,1
ELAGIGILTV,TSGFYGNALDGLAVIEDTGKLISEHNRFQNEAQASSLVLGRETEAF,TSGFYG,NALDGL,AVIEDTGKLI,SEHNR,FQNEAQ,ASSLVLGRETEAF,0
RAKFKQLL,DSASNYIRSNVGEAPRETSYDKVISGHNSFNNNVPASSFSSGPDTQY,DSASNY,IRSNVGE,APRETSYDKVI,SGHNS,FNNNVP,ASSFSSGPDTQY,1
DATYQRTRALVR,TTLSNLVKSGEVAGNYGGSQGNLISGHDTYYEEEEASSLRDGSEAF,TTLSN,LVKSGEV,AGNYGGSQGNLI,SGHDT,YYEEEE,ASSLRDGSEAF,0
LLWNGPMAV,DRGSQSIYSNGDAVSASKIISGHATFQNNGVASNTGTDSYEQY,DRGSQS,IYSNGD,AVSASKII,SGHAT,FQNNGV,ASNTGTDSYEQY,1
AVFDRKSDAK,DSASNYIRSNVGEAASETSYDKVIDFQATTSNEGSKASAEQAYEQY,DSASNY,IRSNVGE,AASETSYDKVI,DFQATT,SNEGSKA,SAEQAYEQY,0
GILGFVFTL,TSGFNGNVLDGLAVEAAGNKLTLGHNAYNFKEQASSQTTRQSNTEAF,TSGFNG,NVLDGL,AVEAAGNKLT,LGHNA,YNFKEQ,ASSQTTRQSNTEAF,0
GILGFVFTL,VSGNPYYITGDNLVAVRDIGEYGNKLVLNHDASQIVNDASGGLVHEQF,VSGNPY,YITGDNLV,AVRDIGEYGNKLV,LNHDA,SQIVND,ASGGLVHEQF,1
RFPLTFGWCF,TRDTTYYRNSFDEQNALSLKYNFNKFYSGHNSFNNNVPASSLARTEDNYEQY,TRDTTYY,RNSFDEQN,ALSLKYNFNKFY,SGHNS,FNNNVP,ASSLARTEDNYEQY,0
SPRWYFYYL,TRDTTYYRNSFDEQNALSGEGGSEKLVMGHDKSYGVNSASSETGFGNQPQH,TRDTTYY,RNSFDEQN,ALSGEGGSEKLV,MGHDK,SYGVNS,ASSETGFGNQPQH,0
AVFDRKSDAK,TRDTTYYRNSFDEQNALSDAYNFNKFYPRHDTFYEKMQASSDDRVRYGYT,TRDTTYY,RNSFDEQN,ALSDAYNFNKFY,PRHDT,FYEKMQ,ASSDDRVRYGYT,0
KLGGALQAK,VSGNPYYITGDNLVAVRGPMNTGFQKLVMNHEYSMNVEVASSPPQFTEAF,VSGNPY,YITGDNLV,AVRGPMNTGFQKLV,MNHEY,SMNVEV,ASSPPQFTEAF,0
GILGFVFTL,SVFSSVVTGGEVAGAVWNFNKFYLGHDTYNNKELASSPRGRGEDGYT,SVFSS,VVTGGEV,AGAVWNFNKFY,LGHDT,YNNKEL,ASSPRGRGEDGYT,0
RAKFKQLL,TRDTTYYRNSFDEQNALSEGVGKLILNHDASQIVNDASSIRSSYEQY,TRDTTYY,RNSFDEQN,ALSEGVGKLI,LNHDA,SQIVND,ASSIRSSYEQY,0
ELAGIGILTV,DRGSQSIYSNGDAANGGNDMRENHRYSYGVKDAISESATVSYGYT,DRGSQS,IYSNGD,AANGGNDMR,ENHRY,SYGVKD,AISESATVSYGYT,1
ELAGIGILTV,VSGNPYYITGDNLVAVRGTNARLMSGHNSFNNNVPASSVVTEAF,VSGNPY,YITGDNLV,AVRGTNARLM,SGHNS,FNNNVP,ASSVVTEAF,0
IVTDFSVIK,SSVSVYYLSGSTLVAVSGYGGYNKLIMGHRAYSYEKLASSQEGPDRSGI,SSVSVY,YLSGSTLV,AVSGYGGYNKLI,MGHRA,YSYEKL,ASSQEGPDRSGI,1
YLQPRTFLL,NSASQSVYSSGVVNGEDDMRSGHNTYYREEEASIRDHNTGELF,NSASQS,VYSSG,VVNGEDDMR,SGHNT,YYREEE,ASIRDHNTGELF,1
AVFDRKSDAK,VSPFSNMTFSENTVVSDEYGNKLVMRHNASNTAGTASSVWTGHDEQF,VSPFSN,MTFSENT,VVSDEYGNKLV,MRHNA,SNTAGT,ASSVWTGHDEQF,0
ELAGIGILTV,YGATPYYFSGDTLVAVGAPERTSGTYKYIPRHDTFYEKMQASSPGTAAGLTYEQY,YGATPY,YFSGDTLV,AVGAPERTSGTYKYI,PRHDT,FYEKMQ,ASSPGTAAGLTYEQY,0
RAKFKQLL,TRDTTYYRNSFDEQNALSVHLPNAGNNRKLILGHNAYNFKEQASSFIGSAGANVLT,TRDTTYY,RNSFDEQN,ALSVHLPNAGNNRKLI,LGHNA,YNFKEQ,ASSFIGSAGANVLT,0
GILGFVFTL,DSASNYIRSNVGEAASRKPDKIISGHATFQNNGVASSVISLGYGYT,DSASNY,IRSNVGE,AASRKPDKII,SGHAT,FQNNGV,ASSVISLGYGYT,0
RFPLTFGWCF,DRGSQSIYSNGDAVNWEEQGGSYIPTKGHDRSFDVKDATSDRLAGGELF,DRGSQS,IYSNGD,AVNWEEQGGSYIPT,KGHDR,SFDVKD,ATSDRLAGGELF,0
GILGFVFTL,ATGYPSATKADDKARAPLSGSSASKIISGHTAFQGNSAASSLGTSGGETQY,ATGYPS,ATKADDK,ARAPLSGSSASKII,SGHTA,FQGNSA,ASSLGTSGGETQY,1
ELAGIGILTV,NSASDYIRSNMDKADPTDSWGKLQSGHDNFVKESKASSLIGLAEQF,NSASDY,IRSNMDK,ADPTDSWGKLQ,SGHDN,FVKESK,ASSLIGLAEQF,0
RAKFKQLL,TSENNYYQEAYKQQNALHTGANSKLTSGHATFQNNGVASSWGGGSHYGYT,TSENNYY,QEAYKQQN,ALHTGANSKLT,SGHAT,FQNNGV,ASSWGGGSHYGYT,0
ATDALMTGF,SSVPPYYTSAATLVAVSQDSNYQLISGHATFQNNGVASSWGGGSHYGYT,SSVPPY,YTSAATLV,AVSQDSNYQLI,SGHAT,FQNNGV,ASSWGGGSHYGYT,0
IVTDFSVIK,VSGNPYYITGDNLVAVSYSGAGSYQLTSGDLSYYNGEEASSGGGLAYNEQF,VSGNPY,YITGDNLV,AVSYSGAGSYQLT,SGDLS,YYNGEE,ASSGGGLAYNEQF,1
KLGGALQAK,TTLSNLVKSGEVAVSYGGSQGNLILNHDASQIVNDASSGRPTETQY,TTLSN,LVKSGEV,AVSYGGSQGNLI,LNHDA,SQIVND,ASSGRPTETQY,0
RLRAEAQVK,TSGFYGNALDGLVLDSNYQLISGHNTYYREEEASSLEWGWPPYYEQY,TSGFYG,NALDGL,VLDSNYQLI,SGHNT,YYREEE,ASSLEWGWPPYYEQY,1
GILGFVFTL,YSGSPEHISRALGGAQKLVLNHDASQIVNDASSVRSTGELF,YSGSPE,HISR,ALGGAQKLV,LNHDA,SQIVND,ASSVRSTGELF,1
GILGFVFTL,DRGSQSIYSNGDAVPLTGGGNKLTSGHATFQNNGVASSLGVAGTNTGELF,DRGSQS,IYSNGD,AVPLTGGGNKLT,SGHAT,FQNNGV,ASSLGVAGTNTGELF,0
KLGGALQAK,SVFSSVVTGGEVAGVGVNTGKLIMNHNYSVGAGIASSPFFRNSASTDTQY,SVFSS,VVTGGEV,AGVGVNTGKLI,MNHNY,SVGAGI,ASSPFFRNSASTDTQY,0
RAKFKQLL,NSMFDYISSIKDKAASGGSNYKLTSGHTSYDEGEEASSSAVIRGLDWCYT,NSMFDY,ISSIKDK,AASGGSNYKLT,SGHTS,YDEGEE,ASSSAVIRGLDWCYT,0
LLWNGPMAV,TSGFNGNVLDGLAVRGLGGSQGNLISGHTSYDEGEEASSLVGEQF,TSGFNG,NVLDGL,AVRGLGGSQGNLI,SGHTS,YDEGEE,ASSLVGEQF,0
GPRLGVRAT,NSASQSVYSSGVGFSNTGNQFYSGDLSYYNGEEASSVTSSEGTIY,NSASQS,VYSSG,VGFSNTGNQFY,SGDLS,YYNGEE,ASSVTSSEGTIY,0
ELAGIGILTV,NSAFQYTYSSGNAVTSNSNSGYALNMDHENSYDVKMASSPQGVGQPQH,NSAFQY,TYSSGN,AVTSNSNSGYALN,MDHEN,SYDVKM,ASSPQGVGQPQH,1
NLVPMVATV,SSVSVYYLSGSTLVAVKIKAAGNKLTPRHDTFYEKMQASSSTGGKETQY,SSVSVY,YLSGSTLV,AVKIKAAGNKLT,PRHDT,FYEKMQ,ASSSTGGKETQY,0
RAKFKQLL,TSINNIRSNEREATADSWGKLQSGHRSYFSETQASSLESGDSYNEQF,TSINN,IRSNERE,ATADSWGKLQ,SGHRS,YFSETQ,ASSLESGDSYNEQF,0
NLVPMVATV,NSASDYIRSNMDKAETALGNTGKLIMGHRAYSYEKLASSHGKGGNEQF,NSASDY,IRSNMDK,AETALGNTGKLI,MGHRA,YSYEKL,ASSHGKGGNEQF,0
KLGGALQAK,TRDTTYYRNSFDEQNALRGSLSGGSEKLVSGDLSYYNGEEASGSGQGAWGYT,TRDTTYY,RNSFDEQN,ALRGSLSGGSEKLV,SGDLS,YYNGEE,ASGSGQGAWGYT,1
ELAGIGILTV,VSGNPYYITGDNLVAVTPAGGSQGNLILNHDASQIVNDASSTRSTDTQY,VSGNPY,YITGDNLV,AVTPAGGSQGNLI,LNHDA,SQIVND,ASSTRSTDTQY,0
KLGGALQAK,SSVPPYYTSAATLVAVSDHSGGSNYKLTLGHNAYSLEERASSLTGAGYEQY,SSVPPY,YTSAATLV,AVSDHSGGSNYKLT,LGHNA,YSLEER,ASSLTGAGYEQY,0
RFPLTFGWCF,VSGNPYYITGDNLVAVRDREKAAGNKLTMNHNSSASEGTASSEFGNEQF,VSGNPY,YITGDNLV,AVRDREKAAGNKLT,MNHNS,SASEGT,ASSEFGNEQF,0
GILGFVFTL,SVFSSVVTGGEVAGEGDYKLSLNHDASQIVNDASSRDFQETQY,SVFSS,VVTGGEV,AGEGDYKLS,LNHDA,SQIVND,ASSRDFQETQY,0
GILGFVFTL,DRGSQSIYSNGDAVTVSNDYKLSSGDLSYYNGEEASSDASGSIGEQF,DRGSQS,IYSNGD,AVTVSNDYKLS,SGDLS,YYNGEE,ASSDASGSIGEQF,0
KLGGALQAK,DSASNYIRSNVGEAASETSYDKVISEHNRFQNEAQASSSLGTAKSPLH,DSASNY,IRSNVGE,AASETSYDKVI,SEHNR,FQNEAQ,ASSSLGTAKSPLH,0
KLGGALQAK,SSVSVYYLSGSTLVAVSETGPARLMSEHNRFQNEAQASSPGTSGRPYEQY,SSVSVY,YLSGSTLV,AVSETGPARLM,SEHNR,FQNEAQ,ASSPGTSGRPYEQY,0
AVFDRKSDAK,DSASNYIRSNVGEAASEGAPDKLISGHDYFNNNVPASSLVAGASNQPQH,DSASNY,IRSNVGE,AASEGAPDKLI,SGHDY,FNNNVP,ASSLVAGASNQPQH,0
KSKRTPMGF,DRGSQSIYSNGDAVNSGNQFYFGMNHEYSMNVEVASRPTGMGQPQHFG,DRGSQS,IYSNGD,AVNSGNQFYFG,MNHEY,SMNVEV,ASRPTGMGQPQHFG,0
NLVPMVATV,DRGSQSIYSNGDAVNGNNDMRDFQATTSNEGSKASASQDPYEQY,DRGSQS,IYSNGD,AVNGNNDMR,DFQATT,SNEGSKA,SASQDPYEQY,0
SPRWYFYYL,DSAIYNIQSSQREAVPEMRRDDKIIMNHEYSMNVEVASSSLTSGGARYTQY,DSAIYN,IQSSQRE,AVPEMRRDDKII,MNHEY,SMNVEV,ASSSLTSGGARYTQY,1
KLGGALQAK,VSGNPYYITGDNLVAVRDGTGANNLFLNHDASQIVNDASNPSSTDTQY,VSGNPY,YITGDNLV,AVRDGTGANNLF,LNHDA,SQIVND,ASNPSSTDTQY,0
GILGFVFTL,YGATPYYFSGDTLVAVTRDDKIISGHNSFNNNVPASSGGVSGGAGETQY,YGATPY,YFSGDTLV,AVTRDDKII,SGHNS,FNNNVP,ASSGGVSGGAGETQY,0
KLGGALQAK,DSASNYIRSNVGEAASETSYDKVIMNHNYSVGAGIASSWDGNTEAF,DSASNY,IRSNVGE,AASETSYDKVI,MNHNY,SVGAGI,ASSWDGNTEAF,0
AVFDRKSDAK,NIATNDYGYKTKLVVRDDKIISGHTAFQGNSAASSFPGDRMNTGELF,NIATNDY,GYKTK,LVVRDDKII,SGHTA,FQGNSA,ASSFPGDRMNTGELF,0
AVFDRKSDAK,TRDTTYYRNSFDEQNALSGGNTGANSKLTGTSNPNSVGIGAGLGANVLT,TRDTTYY,RNSFDEQN,ALSGGNTGANSKLT,GTSNPN,SVGIG,AGLGANVLT,0
NLVPMVATV,DSSSTYIFSNMDMAEWGNTGRRALTSEHNRFQNEAQASSFIDNEQF,DSSSTY,IFSNMDM,AEWGNTGRRALT,SEHNR,FQNEAQ,ASSFIDNEQF,0
CINGVCWTV,ATGYPSATKADDKAQKGGGSNYKLTKGHSHLQKENIASSPQGYEQY,ATGYPS,ATKADDK,AQKGGGSNYKLT,KGHSH,LQKENI,ASSPQGYEQY,0
ELAGIGILTV,TRDTTYYRNSFDEQNALKGNTGTASKLTSGDLSYYNGEEASSVELSTDTQY,TRDTTYY,RNSFDEQN,ALKGNTGTASKLT,SGDLS,YYNGEE,ASSVELSTDTQY,0
SLFNTVATLY,VGISALSSGKAVRVLMEYGNKLVMNHEYSVGEGTASSPGLASPYSYNEQF,VGISA,LSSGK,AVRVLMEYGNKLV,MNHEY,SVGEGT,ASSPGLASPYSYNEQF,0
GILGFVFTL,DSVNNIPSGTAGSPSNTGKLISEHNRFQNEAQASSTSEGGLFYEQY,DSVNN,IPSGT,AGSPSNTGKLI,SEHNR,FQNEAQ,ASSTSEGGLFYEQY,1
GILGFVFTL,NIATNDYGYKTKLVVSPSGGSYIPTSQVTMANQGSEASVGSRESSYNEQF,NIATNDY,GYKTK,LVVSPSGGSYIPT,SQVTM,ANQGSEA,SVGSRESSYNEQF,0
IVTDFSVIK,DRGSQSIYSNGDAVNKVTSGGSNYKLTSGHNSFNNNVPASSFLDRGPNTEAF,DRGSQS,IYSNGD,AVNKVTSGGSNYKLT,SGHNS,FNNNVP,ASSFLDRGPNTEAF,0
NLVPMVATV,DSASNYIRSNVGEAYGGSQGNLISNHLYFYNNEIASSEGQVSPGELF,DSASNY,IRSNVGE,AYGGSQGNLI,SNHLY,FYNNEI,ASSEGQVSPGELF,0
GILGFVFTL,SSYSPSYTSAATLVVVANGFKTISGHDNFVKESKASSRLAGGNTGELF,SSYSPS,YTSAATLV,VVANGFKTI,SGHDN,FVKESK,ASSRLAGGNTGELF,0
CTELKLSDY,TTLSNLVKSGEVAVTGGFKTILGHDTYNNKELASSQGGSSSEKLF,TTLSN,LVKSGEV,AVTGGFKTI,LGHDT,YNNKEL,ASSQGGSSSEKLF,0
GILGFVFTL,SSNFYAMTLNGDEAFRYWSWGKLQKGHDRSFDVKDATMNGLSSYNEQF,SSNFYA,MTLNGDE,AFRYWSWGKLQ,KGHDR,SFDVKD,ATMNGLSSYNEQF,0
GILGFVFTL,NIATNDYGYKTKLVGASNTGNQFYLGHDTYNNKELASSQEAGAWGEQY,NIATNDY,GYKTK,LVGASNTGNQFY,LGHDT,YNNKEL,ASSQEAGAWGEQY,0
AVFDRKSDAK,DRGSQSIYSNGDAVNKGGGSQGNLISGHTSYYEKEEASSLVSLNYGYT,DRGSQS,IYSNGD,AVNKGGGSQGNLI,SGHTS,YYEKEE,ASSLVSLNYGYT,0
GILGFVFTL,VSGNPYYITGDNLVAVRDLNARLMDFQATTSNEGSKASAREEGTQAWETQY,VSGNPY,YITGDNLV,AVRDLNARLM,DFQATT,SNEGSKA,SAREEGTQAWETQY,0
RAKFKQLL,SVFSSVVTGGEVAGVNTGFQKLVMGHDKSYGVNSASSMNVGTKF,SVFSS,VVTGGEV,AGVNTGFQKLV,MGHDK,SYGVNS,ASSMNVGTKF,0
IVTDFSVIK,DSASNYIRSNVGEAATPPPSYDKVISGHDYFNNNVPASSPGTFRYT,DSASNY,IRSNVGE,AATPPPSYDKVI,SGHDY,FNNNVP,ASSPGTFRYT,0
ELAGIGILTV,TSDQSYGQGSYDEQNAMRELTSGTYKYILGHDTYNNKELASSQPLGLAEKETQY,TSDQSYG,QGSYDEQN,AMRELTSGTYKYI,LGHDT,YNNKEL,ASSQPLGLAEKETQY,0
KSKRTPMGF,YGATPYYFSGDTLVAVTRDDKIILNHDASQIVNDASSIYSNQPQH,YGATPY,YFSGDTLV,AVTRDDKII,LNHDA,SQIVND,ASSIYSNQPQH,0
AVFDRKSDAK,DSAIYNIQSSQREATLNAGGTSYGKLTKGHDRSFDVKDATSDLRDRGYEQY,DSAIYN,IQSSQRE,ATLNAGGTSYGKLT,KGHDR,SFDVKD,ATSDLRDRGYEQY,0
KLGGALQAK,DSASNYIRSNVGEAAARMDSSYKLIDFQATTSNEGSKASASPGDYEQY,DSASNY,IRSNVGE,AAARMDSSYKLI,DFQATT,SNEGSKA,SASPGDYEQY,0
IVTDFSVIK,DRGSQSIYSNGDAVSGGADGLTMGHRAYSYEKLASSQDLAGGLKF,DRGSQS,IYSNGD,AVSGGADGLT,MGHRA,YSYEKL,ASSQDLAGGLKF,0
NLVPMVATV,DSSSTYIFSNMDMAPGGYNKLIMDHENSYDVKMASSSGAGELF,DSSSTY,IFSNMDM,APGGYNKLI,MDHEN,SYDVKM,ASSSGAGELF,0
KLGGALQAK,DRGSQSIYSNGDAAGFMNYGGSQGNLILNHDASQIVNDASSLTSVYNEQF,DRGSQS,IYSNGD,AAGFMNYGGSQGNLI,LNHDA,SQIVND,ASSLTSVYNEQF,1
RAKFKQLL,NSASDYIRSNMDKAETETSYDKVISEHNRFQNEAQASSLTELGHRADTQY,NSASDY,IRSNMDK,AETETSYDKVI,SEHNR,FQNEAQ,ASSLTELGHRADTQY,1
AVFDRKSDAK,SSVPPYYTSAATLVAVSRDMNYGGSQGNLILGHDTYNNKELASSQDLRGADTQY,SSVPPY,YTSAATLV,AVSRDMNYGGSQGNLI,LGHDT,YNNKEL,ASSQDLRGADTQY,0
GILGFVFTL,TSGFYGNALDGLAVRDRDNYGQNFVSGHKSYYEKEEASSLEVTGLNTEAF,TSGFYG,NALDGL,AVRDRDNYGQNFV,SGHKS,YYEKEE,ASSLEVTGLNTEAF,0
RPPIFIRRL,YSGSPEHISRALVTFTGGGNKLTSGHNTYYREEEASSSTGGGEKDQPQH,YSGSPE,HISR,ALVTFTGGGNKLT,SGHNT,YYREEE,ASSSTGGGEKDQPQH,0
GILGFVFTL,YSGSPEHISRALNPLIQGAQKLVLNHDASQIVNDASSLRASGAQY,YSGSPE,HISR,ALNPLIQGAQKLV,LNHDA,SQIVND,ASSLRASGAQY,1
RAKFKQLL,DRGSQSIYSNGDAVGNYQLISGDLSYYNGEEASSDLAGGTDTQY,DRGSQS,IYSNGD,AVGNYQLI,SGDLS,YYNGEE,ASSDLAGGTDTQY,0
NLVPMVATV,VSGNPYYITGDNLVAVRNNNARLMSGHDYFNNNVPASSIVNEAF,VSGNPY,YITGDNLV,AVRNNNARLM,SGHDY,FNNNVP,ASSIVNEAF,1
RFPLTFGWCF,YGATPYYFSGDTLVAVGAASGAGSYQLTDFQATTSNEGSKASAKPPRLAGVGAGELF,YGATPY,YFSGDTLV,AVGAASGAGSYQLT,DFQATT,SNEGSKA,SAKPPRLAGVGAGELF,1
RAKFKQLL,DSASNYIRSNVGEAASIAGGYQKVTSEHNRFQNEAQASSLGQGVFYEQF,DSASNY,IRSNVGE,AASIAGGYQKVT,SEHNR,FQNEAQ,ASSLGQGVFYEQF,0
SLFNTVATLY,YGGTVNYFSGDPLVAVNSGYSTLTKGHDRSFDVKDATASGTVTDTQY,YGGTVN,YFSGDPLV,AVNSGYSTLT,KGHDR,SFDVKD,ATASGTVTDTQY,0
GLCTLVAML,NIATNDYGYKTKLVGDQILTGGGNKLTSGHTAFQGNSAASSLATGSGNQPQH,NIATNDY,GYKTK,LVGDQILTGGGNKLT,SGHTA,FQGNSA,ASSLATGSGNQPQH,0
GLCTLVAML,NSASQSVYSSGVVNMIMNTGFQKLVGTSNPNSVGIGAWSVTSTGGTEAF,NSASQS,VYSSG,VVNMIMNTGFQKLV,GTSNPN,SVGIG,AWSVTSTGGTEAF,0
LLWNGPMAV,NIATNDYGYKTKLVGEANGGSQGNLISGDLSYYNGEEAILGGGAVRDQPQH,NIATNDY,GYKTK,LVGEANGGSQGNLI,SGDLS,YYNGEE,AILGGGAVRDQPQH,0
ELAGIGILTV,DSASNYIRSNVGEAARVRGFGNVLHSGHDTYYEEEEASSLRDGSEAF,DSASNY,IRSNVGE,AARVRGFGNVLH,SGHDT,YYEEEE,ASSLRDGSEAF,0
DATYQRTRALVR,TISGTDYGLTSNIVMDSNYQLILNHNVYYDKDFATSRDARVTEAF,TISGTDY,GLTSN,IVMDSNYQLI,LNHNV,YYDKDF,ATSRDARVTEAF,0
KLGGALQAK,YGATPYYFSGDTLVAVFLYGNNRLASQVTMANQGSEASVSASGGDEQY,YGATPY,YFSGDTLV,AVFLYGNNRLA,SQVTM,ANQGSEA,SVSASGGDEQY,0
RAKFKQLL,TRDTTYYRNSFDEQNALSLKYNFNKFYSGHNSFNNNVPASSLARTEDNYEQY,TRDTTYY,RNSFDEQN,ALSLKYNFNKFY,SGHNS,FNNNVP,ASSLARTEDNYEQY,0
AVFDRKSDAK,TSINNIRSNEREATDAGARQGGSEKLVMNHEYSMNVEVASSFLAGQETQY,TSINN,IRSNERE,ATDAGARQGGSEKLV,MNHEY,SMNVEV,ASSFLAGQETQY,1
KLGGALQAK,DSAIYNIQSSQREAVVYPLTHGSSNTGKLISEHNRFQNEAQASSLEGQLNEQF,DSAIYN,IQSSQRE,AVVYPLTHGSSNTGKLI,SEHNR,FQNEAQ,ASSLEGQLNEQF,0
RAKFKQLL,DSASNYIRSNVGEAATASRAGTALISGHRSYFSETQASSLEGQGGTDTQY,DSASNY,IRSNVGE,AATASRAGTALI,SGHRS,YFSETQ,ASSLEGQGGTDTQY,0
AVFDRKSDAK,DSVNNIPSGTAVATDSWGKLQSGHDYFNNNVPASSPSSSYEQY,DSVNN,IPSGT,AVATDSWGKLQ,SGHDY,FNNNVP,ASSPSSSYEQY,0
IVTDFSVIK,DRGSQSIYSNGDAVSPDKLIMNHEYSMNVEVASSPSAGPGYGYT,DRGSQS,IYSNGD,AVSPDKLI,MNHEY,SMNVEV,ASSPSAGPGYGYT,0
IVTDFSVIK,VTNFRSLTSSGIEAVEDYGQNFVDFQATTSNEGSKASARDRNTQGPETQY,VTNFRS,LTSSGIE,AVEDYGQNFV,DFQATT,SNEGSKA,SARDRNTQGPETQY,0
RAKFKQLL,DRGSQSIYSNGDAVGANSGYSTLTSGHRSYFSETQASSLEGQGGSPLH,DRGSQS,IYSNGD,AVGANSGYSTLT,SGHRS,YFSETQ,ASSLEGQGGSPLH,0
GLCTLVAML,DRGSQSIYSNGDAVSGQKLLDFQATTSNEGSKASASDNMVGAYEQY,DRGSQS,IYSNGD,AVSGQKLL,DFQATT,SNEGSKA,SASDNMVGAYEQY,0
GILGFVFTL,YSGSPEHISRALVTFTGGGNKLTSGHNTYYREEEASSSTGGGEKDQPQH,YSGSPE,HISR,ALVTFTGGGNKLT,SGHNT,YYREEE,ASSSTGGGEKDQPQH,1
RAKFKQLL,YGATPYYFSGDTLVAVGPFSGGYNKLIMNHEYSVGEGTASLPVAGGYNEQF,YGATPY,YFSGDTLV,AVGPFSGGYNKLI,MNHEY,SVGEGT,ASLPVAGGYNEQF,0
ELAGIGILTV,TSINNIRSNEREASTGTASKLTSGDLSYYNGEEASSVGTSDTDTQY,TSINN,IRSNERE,ASTGTASKLT,SGDLS,YYNGEE,ASSVGTSDTDTQY,0
GILGFVFTL,TSGFNGNVLDGLAAMDSNYQLIMNHNSSASEGTASNEDSNYGYT,TSGFNG,NVLDGL,AAMDSNYQLI,MNHNS,SASEGT,ASNEDSNYGYT,0
RFPLTFGWCF,TSINNIRSNEREATDYYGNNRLAMNHEYSVGAGIASREGQFQETQY,TSINN,IRSNERE,ATDYYGNNRLA,MNHEY,SVGAGI,ASREGQFQETQY,0
LLWNGPMAV,DRGSQSIYSNGDAVGIGFGNVLHMNHEYSMNVEVASSFGQGLSEQF,DRGSQS,IYSNGD,AVGIGFGNVLH,MNHEY,SMNVEV,ASSFGQGLSEQF,0
RAKFKQLL,DSASNYIRSNVGEAASETSYDKVISEHNRFQNEAQASSLLGQPNTEAF,DSASNY,IRSNVGE,AASETSYDKVI,SEHNR,FQNEAQ,ASSLLGQPNTEAF,1
ELAGIGILTV,DSSSTYIFSNMDMAESMSYQKVTSGHRSYFSETQASSLEASTDTQY,DSSSTY,IFSNMDM,AESMSYQKVT,SGHRS,YFSETQ,ASSLEASTDTQY,0
KLGGALQAK,NIATNDYGYKTKLVGAANQAGTALISGHATFQNNGVASSLEASGSWGELF,NIATNDY,GYKTK,LVGAANQAGTALI,SGHAT,FQNNGV,ASSLEASGSWGELF,0
AVFDRKSDAK,YGATPYYFSGDTLVAVGAPERTSGTYKYIPRHDTFYEKMQASSPGTAAGLTYEQY,YGATPY,YFSGDTLV,AVGAPERTSGTYKYI,PRHDT,FYEKMQ,ASSPGTAAGLTYEQY,0
NLVPMVATV,TISGTDYGLTSNILLGTGANNLFKGHSHLQKENIASSPKLQGAWAEKLF,TISGTDY,GLTSN,ILLGTGANNLF,KGHSH,LQKENI,ASSPKLQGAWAEKLF,1
AVFDRKSDAK,SVFSSVVTGGEVAGGGSQGNLISGHNTYYREEEASSSTGGGEKDQPQH,SVFSS,VVTGGEV,AGGGSQGNLI,SGHNT,YYREEE,ASSSTGGGEKDQPQH,0
KLGGALQAK,DRGSQSIYSNGDAVSGQKLLDFQATTSNEGSKASASDNMVGAYEQY,DRGSQS,IYSNGD,AVSGQKLL,DFQATT,SNEGSKA,SASDNMVGAYEQY,0
AVFDRKSDAK,DRGSQSIYSNGDAVPYSGGGADGLTKGHDRSFDVKDATSDFPPGVRGAPQETQY,DRGSQS,IYSNGD,AVPYSGGGADGLT,KGHDR,SFDVKD,ATSDFPPGVRGAPQETQY,0
RAKFKQLL,NSMFDYISSIKDKAASPSGAGNMLTMDHENSYDVKMASSQLTTGTFTGELF,NSMFDY,ISSIKDK,AASPSGAGNMLT,MDHEN,SYDVKM,ASSQLTTGTFTGELF,0
ELAGIGILTV,TSESDYYQEAYKQQNALMSARLMSGHNSFNNNVPASSFARAQADTQY,TSESDYY,QEAYKQQN,ALMSARLM,SGHNS,FNNNVP,ASSFARAQADTQY,0
ELAGIGILTV,NSASQSVYSSGVVNMGDFGNEKLTLGHNAYNFKEQASSPRLAARSDTQY,NSASQS,VYSSG,VVNMGDFGNEKLT,LGHNA,YNFKEQ,ASSPRLAARSDTQY,0
ELAGIGILTV,TSGFYGNALDGLAVRDQEGNTPLVSGHNSFNNNVPASSSVNEQY,TSGFYG,NALDGL,AVRDQEGNTPLV,SGHNS,FNNNVP,ASSSVNEQY,0
ELAGIGILTV,TRDTTYYRNSFDEQNALSEIGGGADGLTLNHDASQIVNDASSPEAGTVLEAF,TRDTTYY,RNSFDEQN,ALSEIGGGADGLT,LNHDA,SQIVND,ASSPEAGTVLEAF,0
RAKFKQLL,DRGSQSIYSNGDAVEAGGTSYGKLTDFQATTSNEGSKASASDVGLNQPQH,DRGSQS,IYSNGD,AVEAGGTSYGKLT,DFQATT,SNEGSKA,SASDVGLNQPQH,0
RAKFKQLL,DRGSQSIYSNGDAVPLGGGSQGNLILNHDASQIVNDASSIRAATEAF,DRGSQS,IYSNGD,AVPLGGGSQGNLI,LNHDA,SQIVND,ASSIRAATEAF,0
RAKFKQLL,NSASDYIRSNMDKADSGGGADGLTSGHRSYFSETQASSQQGQPQETQY,NSASDY,IRSNMDK,ADSGGGADGLT,SGHRS,YFSETQ,ASSQQGQPQETQY,1
KLGGALQAK,YSGSPEHISRALPNAGGTSYGKLTDFQATTSNEGSKASAYKLAGIGADTQY,YSGSPE,HISR,ALPNAGGTSYGKLT,DFQATT,SNEGSKA,SAYKLAGIGADTQY,0
KLGGALQAK,TRDTTYYRNSFDEQNALKMNAGGTSYGKLTLGHNAYSLEERASSRADLSHEQF,TRDTTYY,RNSFDEQN,ALKMNAGGTSYGKLT,LGHNA,YSLEER,ASSRADLSHEQF,0
HPVTKYIM,YGATPYYFSGDTLVAVGPFSGGYNKLIMNHEYSVGEGTASLPVAGGYNEQF,YGATPY,YFSGDTLV,AVGPFSGGYNKLI,MNHEY,SVGEGT,ASLPVAGGYNEQF,0
AVFDRKSDAK,NSMFDYISSIKDKAPPNSGNTPLKGHDRSFDVKDTSIAPI,NSMFDY,ISSIKDK,APPNSGNTPL,KGHDR,SFDVKD,TSIAPI,0
CINGVCWTV,TRDTTYYRNSFDEQNALSEASLVDSNYQLILNHDASQIVNDASSPTSGGYNEQF,TRDTTYY,RNSFDEQN,ALSEASLVDSNYQLI,LNHDA,SQIVND,ASSPTSGGYNEQF,0
GILGFVFTL,DSASNYIRSNVGEAASATNAGGTSYGKLTSGDLSYYNGEEASSASSGGVSDTQY,DSASNY,IRSNVGE,AASATNAGGTSYGKLT,SGDLS,YYNGEE,ASSASSGGVSDTQY,0
AVFDRKSDAK,NIATNDYGYKTKLAGGDKIISNHLYFYNNEIASRTPWDSDSYNEQF,NIATNDY,GYKTK,LAGGDKII,SNHLY,FYNNEI,ASRTPWDSDSYNEQF,0
AVFDRKSDAK,KALYSLLKGGEQGTDKGGGSQGNLIENHRYSYGVKDAISEDIAGDYQETQY,KALYS,LLKGGEQ,GTDKGGGSQGNLI,ENHRY,SYGVKD,AISEDIAGDYQETQY,0
NLVPMVATV,DSSSTYIFSNMDMAESEGPTYTDKLILGHNAYNFKEQASSQRPSEVGELF,DSSSTY,IFSNMDM,AESEGPTYTDKLI,LGHNA,YNFKEQ,ASSQRPSEVGELF,0
RAKFKQLL,SSNFYAMTLNGDEAFTTDSWGKLQLGHDTYNNKELASSQGQANEKLF,SSNFYA,MTLNGDE,AFTTDSWGKLQ,LGHDT,YNNKEL,ASSQGQANEKLF,0
AVFDRKSDAK,VSNAYNGSKPAVEDLKTGANNLFMGHRAYSYEKLASSLLWAEYNEQF,VSNAYN,GSKP,AVEDLKTGANNLF,MGHRA,YSYEKL,ASSLLWAEYNEQF,0
GILGFVFTL,DSASNYIRSNVGEAASGPGDDKIIMNHEYSMNVEVASSPHFQVDTGELF,DSASNY,IRSNVGE,AASGPGDDKII,MNHEY,SMNVEV,ASSPHFQVDTGELF,0
LLWNGPMAV,DRGSQSIYSNGDAVNQGGKLISGHDYFNNNVPASTPSPSRPPL,DRGSQS,IYSNGD,AVNQGGKLI,SGHDY,FNNNVP,ASTPSPSRPPL,1
NLVPMVATV,DSSSTYIFSNMDMAESTPGKLISGHDNFVKESKASSQSPGGITY,DSSSTY,IFSNMDM,AESTPGKLI,SGHDN,FVKESK,ASSQSPGGITY,0
DATYQRTRALVR,TISGTDYGLTSNILTHSNSGYALNSGDLSYYNGEEASSEVADYNEQF,TISGTDY,GLTSN,ILTHSNSGYALN,SGDLS,YYNGEE,ASSEVADYNEQF,1
IVTDFSVIK,TISGTDYGLTSNILSTYNNNDMRMNHEYSVGAGIASSYEGSQGNEQF,TISGTDY,GLTSN,ILSTYNNNDMR,MNHEY,SVGAGI,ASSYEGSQGNEQF,0
NLVPMVATV,SVFSSVVTGGEVAGASGSSNTGKLISGHNSFNNNVPASSFSGNTGELF,SVFSS,VVTGGEV,AGASGSSNTGKLI,SGHNS,FNNNVP,ASSFSGNTGELF,0
AVFDRKSDAK,DSASNYIRSNVGEAASKWGDDMRSGHNSFNNNVPASSSLAGGSYNEQF,DSASNY,IRSNVGE,AASKWGDDMR,SGHNS,FNNNVP,ASSSLAGGSYNEQF,1
RAKFKQLL,NIATNDYGYKTKLVDGGATNKLIMGHRAYSYEKLASSHNGELF,NIATNDY,GYKTK,LVDGGATNKLI,MGHRA,YSYEKL,ASSHNGELF,0
RAKFKQLL,SSVPPYYTSAATLVAVSETYSSASKIILGHNAYSLEERASSQGSSAAYGYT,SSVPPY,YTSAATLV,AVSETYSSASKII,LGHNA,YSLEER,ASSQGSSAAYGYT,0
CINGVCWTV,DSVNNIPSGTAVSPVTQGGSEKLVDFQATTSNEGSKASARVIPREAF,DSVNN,IPSGT,AVSPVTQGGSEKLV,DFQATT,SNEGSKA,SARVIPREAF,0
NLVPMVATV,TTLSNLVKSGEVAGPFSGGYNKLIMNHEYSVGAGIASSPGGDTEAF,TTLSN,LVKSGEV,AGPFSGGYNKLI,MNHEY,SVGAGI,ASSPGGDTEAF,0
LLWNGPMAV,DRGSQSIYSNGDAVNGSWGKLQMGHRAYSYEKLASSQGDSGDNTGELF,DRGSQS,IYSNGD,AVNGSWGKLQ,MGHRA,YSYEKL,ASSQGDSGDNTGELF,0
ELAGIGILTV,DSAIYNIQSSQREADSPDNYGQNFVMDHENSYDVKMASSFGTTSSGGELF,DSAIYN,IQSSQRE,ADSPDNYGQNFV,MDHEN,SYDVKM,ASSFGTTSSGGELF,0
CINGVCWTV,YGGTVNYFSGDPLVAVSARLNTDKLISGHNSFNNNVPASSFSGNTGELF,YGGTVN,YFSGDPLV,AVSARLNTDKLI,SGHNS,FNNNVP,ASSFSGNTGELF,0
DATYQRTRALVR,TTLSNLVKSGEVAGRRGAGKSTSGHDTYYEEEEASSAYAGLAGVRETQY,TTLSN,LVKSGEV,AGRRGAGKST,SGHDT,YYEEEE,ASSAYAGLAGVRETQY,0
RAKFKQLL,NSASDYIRSNMDKAERETSYDKVISEHNRFQNEAQASSHSEGAENIQY,NSASDY,IRSNMDK,AERETSYDKVI,SEHNR,FQNEAQ,ASSHSEGAENIQY,1
ELAGIGILTV,TSENNYYQEAYKQQNAFMKGAGGTSYGKLTLGHNAYSLEERASSQEIGFSPLH,TSENNYY,QEAYKQQN,AFMKGAGGTSYGKLT,LGHNA,YSLEER,ASSQEIGFSPLH,0
ATDALMTGF,DSSSTYIFSNMDMAEGGNTGKLISGHDTYYEEEEASSWNRDRYNTEAF,DSSSTY,IFSNMDM,AEGGNTGKLI,SGHDT,YYEEEE,ASSWNRDRYNTEAF,0
AVFDRKSDAK,TSINNIRSNEREATDAYGNNRLASGHTAFQGTGAASSLAGAGTEAF,TSINN,IRSNERE,ATDAYGNNRLA,SGHTA,FQGTGA,ASSLAGAGTEAF,0
RAKFKQLL,DSSSTYIFSNMDMAEMEGGSYIPTLGHNAYNFKEQASSQEWLAVSTDTQY,DSSSTY,IFSNMDM,AEMEGGSYIPT,LGHNA,YNFKEQ,ASSQEWLAVSTDTQY,1
GILGFVFTL,DSASNYIRSNVGEAASETSYDKVISGHNSFNNNVPASTQQGSYGYT,DSASNY,IRSNVGE,AASETSYDKVI,SGHNS,FNNNVP,ASTQQGSYGYT,0
RAKFKQLL,DSASNYIRSNVGEAASETSYDKVIPRHDTFYEKMQASSLMRGGTYNSPLH,DSASNY,IRSNVGE,AASETSYDKVI,PRHDT,FYEKMQ,ASSLMRGGTYNSPLH,1
HPVTKYIM,NIATNDYGYKTKLLYRDDKIISGHATFQNNGVASSLFRGGEKLF,NIATNDY,GYKTK,LLYRDDKII,SGHAT,FQNNGV,ASSLFRGGEKLF,0
ELAGIGILTV,DSSSTYIFSNMDMAEINAGNMLTMDHENSYDVKMASSLGGFDMNTEAF,DSSSTY,IFSNMDM,AEINAGNMLT,MDHEN,SYDVKM,ASSLGGFDMNTEAF,0
ELAGIGILTV,SSVSVYYLSGSTLVKAPLVMNHEYSMNVEVASREGSYPKNIQY,SSVSVY,YLSGSTLV,KAPLV,MNHEY,SMNVEV,ASREGSYPKNIQY,0
GLCTLVAML,DRGSQSIYSNGDAVNSGNQFYFGMNHEYSMNVEVASRPTGMGQPQHFG,DRGSQS,IYSNGD,AVNSGNQFYFG,MNHEY,SMNVEV,ASRPTGMGQPQHFG,0
CINGVCWTV,DSASNYIRSNVGEAATYSGAGSYQLTMNHEYSMNVEVASSNQETQY,DSASNY,IRSNVGE,AATYSGAGSYQLT,MNHEY,SMNVEV,ASSNQETQY,0
KLGGALQAK,VSNAYNGSKPAVEEAGANNLFSGDLSYYNGEEARKKTRRISQAF,VSNAYN,GSKP,AVEEAGANNLF,SGDLS,YYNGEE,ARKKTRRISQAF,0
RAKFKQLL,TTLSNLVKSGEVAGPNQAGTALISGHTAFQGTGAASSLTGTGSYNEQF,TTLSN,LVKSGEV,AGPNQAGTALI,SGHTA,FQGTGA,ASSLTGTGSYNEQF,0
IVTDFSVIK,SVFSSVVTGGEVAGAGSQGNLISGHRSYFSETQASSPGGLAGADTQY,SVFSS,VVTGGEV,AGAGSQGNLI,SGHRS,YFSETQ,ASSPGGLAGADTQY,0
RAKFKQLL,DSASNYIRSNVGEAAAETSYDKVILNHDASQIVNDASSWIAANTGELF,DSASNY,IRSNVGE,AAAETSYDKVI,LNHDA,SQIVND,ASSWIAANTGELF,1
KLGGALQAK,TRDTTYYRNSFDEQNALSEAQYGGATNKLIMNHEYSVGAGIATSPNRAYEQY,TRDTTYY,RNSFDEQN,ALSEAQYGGATNKLI,MNHEY,SVGAGI,ATSPNRAYEQY,0
RAKFKQLL,TSGFNGNVLDGLAAMDSNYQLIMDHENSYDVKMASSLYSATGELF,TSGFNG,NVLDGL,AAMDSNYQLI,MDHEN,SYDVKM,ASSLYSATGELF,0
NLVPMVATV,DRGSQSIYSNGDAVGMYSGGGADGLTMNHEYSVGEGTASSYGVGQPQH,DRGSQS,IYSNGD,AVGMYSGGGADGLT,MNHEY,SVGEGT,ASSYGVGQPQH,0
GLCTLVAML,TTLSNLVKSGEVAVTGGFKTILGHDTYNNKELASSQGGSSSEKLF,TTLSN,LVKSGEV,AVTGGFKTI,LGHDT,YNNKEL,ASSQGGSSSEKLF,0
NLVPMVATV,SVFSSVVTGGEVAGGGSQGNLIMNHEYSVGEGTASRASMSSYNEQF,SVFSS,VVTGGEV,AGGGSQGNLI,MNHEY,SVGEGT,ASRASMSSYNEQF,0
YLQPRTFLL,DSASNYIRSNVGEAAMETSYDKVIKGHSHLQKENIASSPRKDSTGELF,DSASNY,IRSNVGE,AAMETSYDKVI,KGHSH,LQKENI,ASSPRKDSTGELF,0
AVFDRKSDAK,TSENNYYQEAYKQQNAFMTNAGGTSYGKLTSGHATFQDESVASSLLSGSYEQY,TSENNYY,QEAYKQQN,AFMTNAGGTSYGKLT,SGHAT,FQDESV,ASSLLSGSYEQY,0
HPVTKYIM,YGATPYYFSGDTLVAVGNLDGGSQGNLISGHKSYYEKEEASVGSYNEQF,YGATPY,YFSGDTLV,AVGNLDGGSQGNLI,SGHKS,YYEKEE,ASVGSYNEQF,0
AVFDRKSDAK,SSYSPSYTSAATLVVVSAPGQAGTALISEHNRFQNEAQASSLDQGMTEAF,SSYSPS,YTSAATLV,VVSAPGQAGTALI,SEHNR,FQNEAQ,ASSLDQGMTEAF,0
KLGGALQAK,YGGTVNYFSGDPLVAVNEITGGFKTIMNHEYSVGEGTASSYSWTGGFYEQY,YGGTVN,YFSGDPLV,AVNEITGGFKTI,MNHEY,SVGEGT,ASSYSWTGGFYEQY,0
KLGGALQAK,DRGSQSIYSNGDAVINYQLISEHNRFQNEAQASSLDRDASYNEQF,DRGSQS,IYSNGD,AVINYQLI,SEHNR,FQNEAQ,ASSLDRDASYNEQF,0
AVFDRKSDAK,TSGFYGNALDGLAVIEDTGKLISEHNRFQNEAQASSLVLGRETEAF,TSGFYG,NALDGL,AVIEDTGKLI,SEHNR,FQNEAQ,ASSLVLGRETEAF,0
AVFDRKSDAK,DSASNYIRSNVGEAASIAGGYQKVTSEHNRFQNEAQASSLGQGVFYEQF,DSASNY,IRSNVGE,AASIAGGYQKVT,SEHNR,FQNEAQ,ASSLGQGVFYEQF,1
GLCTLVAML,SVFSSVVTGGEVAGAIGSSNTGKLILNHDASQIVNDASSIRAAYEQY,SVFSS,VVTGGEV,AGAIGSSNTGKLI,LNHDA,SQIVND,ASSIRAAYEQY,0
KLGGALQAK,DSSSTYIFSNMDMAESQGNLISGHDNFVKESKASSQSPGGEQF,DSSSTY,IFSNMDM,AESQGNLI,SGHDN,FVKESK,ASSQSPGGEQF,0
KLGGALQAK,TTLSNLVKSGEVAGPVYDYKLSSGHVSFQNEAQASSLSGTGDYEQY,TTLSN,LVKSGEV,AGPVYDYKLS,SGHVS,FQNEAQ,ASSLSGTGDYEQY,0
RAKFKQLL,NSASQSVYSSGVVGNYGQNFVLGHNAYSLEERASSQVLSGELF,NSASQS,VYSSG,VVGNYGQNFV,LGHNA,YSLEER,ASSQVLSGELF,0
IVTDFSVIK,SSVSVYYLSGSTLVAVSDPDTDKLIMNHNSSASEGTASSDWTNTGELF,SSVSVY,YLSGSTLV,AVSDPDTDKLI,MNHNS,SASEGT,ASSDWTNTGELF,0
ELAGIGILTV,VSGLRGLYSAGEEAVQGILTGGGNKLTMDHENSYDVKMASSLYKSSYNEQF,VSGLRG,LYSAGEE,AVQGILTGGGNKLT,MDHEN,SYDVKM,ASSLYKSSYNEQF,0
ELAGIGILTV,DRGSQSIYSNGDAVKKSNFGNEKLTDFQATTSNEGSKASAGLQVNTEAF,DRGSQS,IYSNGD,AVKKSNFGNEKLT,DFQATT,SNEGSKA,SAGLQVNTEAF,1
GILGFVFTL,NSAFQYTYSSGNAMSGDGGSQGNLILNHDASQIVNDASSIRAAYEQY,NSAFQY,TYSSGN,AMSGDGGSQGNLI,LNHDA,SQIVND,ASSIRAAYEQY,1
ATDALMTGF,DSASNYIRSNVGEAASGPGDDKIIMNHEYSMNVEVASSPHFQVDTGELF,DSASNY,IRSNVGE,AASGPGDDKII,MNHEY,SMNVEV,ASSPHFQVDTGELF,0
AVFDRKSDAK,YGGTVNYFSGDPLVAVNEDNFNKFYMGHRAYSYEKLASSLGGTNEQF,YGGTVN,YFSGDPLV,AVNEDNFNKFY,MGHRA,YSYEKL,ASSLGGTNEQF,0
VLFGLGFAI,DSSSTYIFSNMDMAINQGGGATNKLIWNHNNSYGVQDASSPGRTGELF,DSSSTY,IFSNMDM,AINQGGGATNKLI,WNHNN,SYGVQD,ASSPGRTGELF,0
IVTDFSVIK,NSASDYIRSNMDKAETHSGGSNYKLTDFQATTSNEGSKASARDLGTSKQYEQY,NSASDY,IRSNMDK,AETHSGGSNYKLT,DFQATT,SNEGSKA,SARDLGTSKQYEQY,0
RAKFKQLL,NSAFQYTYSSGNAMGGGGGSQGNLILNHDASQIVNDASSFRSSETQY,NSAFQY,TYSSGN,AMGGGGGSQGNLI,LNHDA,SQIVND,ASSFRSSETQY,0
NLVPMVATV,YGGTVNYFSGDPLVAVNLTNNAGNMLTLNHDASQIVNDASSGRSTDTQY,YGGTVN,YFSGDPLV,AVNLTNNAGNMLT,LNHDA,SQIVND,ASSGRSTDTQY,0
NLVPMVATV,DSAIYNIQSSQREAVVYPLTHGSSNTGKLISEHNRFQNEAQASSLEGQLNEQF,DSAIYN,IQSSQRE,AVVYPLTHGSSNTGKLI,SEHNR,FQNEAQ,ASSLEGQLNEQF,0
SPRWYFYYL,TRDTTYYRNSFDEQNALSVNYGQNFVSNHLYFYNNEIARRQGNEKLF,TRDTTYY,RNSFDEQN,ALSVNYGQNFV,SNHLY,FYNNEI,ARRQGNEKLF,1
AVFDRKSDAK,YGGTVNYFSGDPLVAVNAYPHNYGQNFVMNHEYSMNVEVASSPHFQVDTGELF,YGGTVN,YFSGDPLV,AVNAYPHNYGQNFV,MNHEY,SMNVEV,ASSPHFQVDTGELF,0
NLVPMVATV,VGISALSSGKAVAGSGGSNYKLTSGHRSYFSETQASSLEASGPYNEQF,VGISA,LSSGK,AVAGSGGSNYKLT,SGHRS,YFSETQ,ASSLEASGPYNEQF,0
RAKFKQLL,NSASDYIRSNMDKADSGGGADGLTSNHLYFYNNEIASQGAHYGQY,NSASDY,IRSNMDK,ADSGGGADGLT,SNHLY,FYNNEI,ASQGAHYGQY,1
GLCTLVAML,TRDTTYYRNSFDEQNALKLGNAGNMLTSGDLSYYNGEEASSVNPNPIRDRDNEKLF,TRDTTYY,RNSFDEQN,ALKLGNAGNMLT,SGDLS,YYNGEE,ASSVNPNPIRDRDNEKLF,0
IVTDFSVIK,NSASDYIRSNMDKAENRGTALILGHNAYNFKEQASSQRPSEVGELF,NSASDY,IRSNMDK,AENRGTALI,LGHNA,YNFKEQ,ASSQRPSEVGELF,0
KLGGALQAK,DRGSQSIYSNGDAVNGNNDMRDFQATTSNEGSKASASQDPYEQY,DRGSQS,IYSNGD,AVNGNNDMR,DFQATT,SNEGSKA,SASQDPYEQY,0
GILGFVFTL,DSAIYNIQSSQREAVLGMNTGFQKLVSGHTAFQGNSAASSLDPGNYEQY,DSAIYN,IQSSQRE,AVLGMNTGFQKLV,SGHTA,FQGNSA,ASSLDPGNYEQY,0
ATDALMTGF,DSVNNIPSGTAVSPVTQGGSEKLVDFQATTSNEGSKASARVIPREAF,DSVNN,IPSGT,AVSPVTQGGSEKLV,DFQATT,SNEGSKA,SARVIPREAF,0
YLQPRTFLL,DRGSQSIYSNGDAVNRGFGNVLHSGHRSYFSETQASSLGTGDGYT,DRGSQS,IYSNGD,AVNRGFGNVLH,SGHRS,YFSETQ,ASSLGTGDGYT,0
ATDALMTGF,YGATPYYFSGDTLVAVDDTNAGKSTLNHDASHIVNDASSLRSTDTQY,YGATPY,YFSGDTLV,AVDDTNAGKST,LNHDA,SHIVND,ASSLRSTDTQY,0
ELAGIGILTV,ATGYPSATKADDKALRETSYDKVIMDHENSYDVKMASSLYSATGELF,ATGYPS,ATKADDK,ALRETSYDKVI,MDHEN,SYDVKM,ASSLYSATGELF,0
AVFDRKSDAK,DRGSQSIYSNGDAVNIDNMDSNYQLISGDLSYYNGEEASSVGGEAYEQY,DRGSQS,IYSNGD,AVNIDNMDSNYQLI,SGDLS,YYNGEE,ASSVGGEAYEQY,0
ELAGIGILTV,NSASDYIRSNMDKAENSSLAGKSTMGHRAYSYEKLASSQDRGGPGELF,NSASDY,IRSNMDK,AENSSLAGKST,MGHRA,YSYEKL,ASSQDRGGPGELF,0
RAKFKQLL,DRGSQSIYSNGDAVKKSNFGNEKLTDFQATTSNEGSKASAGLQVNTEAF,DRGSQS,IYSNGD,AVKKSNFGNEKLT,DFQATT,SNEGSKA,SAGLQVNTEAF,0
GILGFVFTL,YGATPYYFSGDTLVAVGDNFNKFYLGHNAYNFKEQASSRLALLTDTQY,YGATPY,YFSGDTLV,AVGDNFNKFY,LGHNA,YNFKEQ,ASSRLALLTDTQY,0
GILGFVFTL,TTLSNLVKSGEVAGGGGAGSYQLTLNHDASQIVNDASSIRSSYEQY,TTLSN,LVKSGEV,AGGGGAGSYQLT,LNHDA,SQIVND,ASSIRSSYEQY,1
CINGVCWTV,TRDTTYYRNSFDEQNALSEANQAGTALILGHNAYSLEERASSQERGGKWAYEQY,TRDTTYY,RNSFDEQN,ALSEANQAGTALI,LGHNA,YSLEER,ASSQERGGKWAYEQY,0
NLVPMVATV,TTLSNLVKSGEVAGKNSNDYKLSMNHEYSMNVEVASSPIRQDMGGYT,TTLSN,LVKSGEV,AGKNSNDYKLS,MNHEY,SMNVEV,ASSPIRQDMGGYT,0
RAKFKQLL,DRGSQSIYSNGDAVSGQKLLDFQATTSNEGSKASASDNMVGAYEQY,DRGSQS,IYSNGD,AVSGQKLL,DFQATT,SNEGSKA,SASDNMVGAYEQY,0
AVFDRKSDAK,NSMFDYISSIKDKAASDGAGGTSYGKLTSGHTSYDEGEEASSLWTGSHEQY,NSMFDY,ISSIKDK,AASDGAGGTSYGKLT,SGHTS,YDEGEE,ASSLWTGSHEQY,0
ATDALMTGF,DRGSQSIYSNGDAVSQDGNKLVSGHDYFNNNVPASSFQGALEQY,DRGSQS,IYSNGD,AVSQDGNKLV,SGHDY,FNNNVP,ASSFQGALEQY,0
RFPLTFGWCF,VGISALSSGKAVRKFGNEKLTLNHDASHIVNDASSIGLYGYT,VGISA,LSSGK,AVRKFGNEKLT,LNHDA,SHIVND,ASSIGLYGYT,0
YLQPRTFLL,SSVPPYYTSAATLVAVSTDSGSARQLTLGHNAYNFKEQASSPGLGTYEQY,SSVPPY,YTSAATLV,AVSTDSGSARQLT,LGHNA,YNFKEQ,ASSPGLGTYEQY,0
GILGFVFTL,DSSSTYIFSNMDMAETQDSNYQLIMGHRAYSYEKLASSQDGWAGDQPQH,DSSSTY,IFSNMDM,AETQDSNYQLI,MGHRA,YSYEKL,ASSQDGWAGDQPQH,0
RAKFKQLL,ATGYPSATKADDKALLTYNNNDMRSGHNSFNNNVPASSLDLRTSNQPQH,ATGYPS,ATKADDK,ALLTYNNNDMR,SGHNS,FNNNVP,ASSLDLRTSNQPQH,0
KLGGALQAK,DSAIYNIQSSQREAVMEYGNKLVMNHEYSMNVEVASTSPKTGVYNEQF,DSAIYN,IQSSQRE,AVMEYGNKLV,MNHEY,SMNVEV,ASTSPKTGVYNEQF,1
GILGFVFTL,DSSSTYIFSNMDMAESINTGGFKTILNHDASQIVNDASSIRGAETQY,DSSSTY,IFSNMDM,AESINTGGFKTI,LNHDA,SQIVND,ASSIRGAETQY,1
LLWNGPMAV,YGGTVNYFSGDPLVAVNEITGGFKTIMNHEYSVGEGTASSYSWTGGFYEQY,YGGTVN,YFSGDPLV,AVNEITGGFKTI,MNHEY,SVGEGT,ASSYSWTGGFYEQY,0
GLCTLVAML,ATGYPSATKADDKALDNTGKLISGHATFQNNGVASSWNRASSYEQY,ATGYPS,ATKADDK,ALDNTGKLI,SGHAT,FQNNGV,ASSWNRASSYEQY,1
RAKFKQLL,YGATPYYFSGDTLVAVFLYGNNRLASGHNSFNNNVPASSFLDRGPNTEAF,YGATPY,YFSGDTLV,AVFLYGNNRLA,SGHNS,FNNNVP,ASSFLDRGPNTEAF,1
KLGGALQAK,DRGSQSIYSNGDAVSGGKLISGHDYFNNNVPASSPQGFSYEQY,DRGSQS,IYSNGD,AVSGGKLI,SGHDY,FNNNVP,ASSPQGFSYEQY,0
ATDALMTGF,NIATNDYGYKTKLVGDPFYSSASKIISGHNSFNNNVPASSFSGNTGELF,NIATNDY,GYKTK,LVGDPFYSSASKII,SGHNS,FNNNVP,ASSFSGNTGELF,0
GLCTLVAML,NSASDYIRSNMDKADSGGGADGLTSEHNRFQNEAQASSLDTQY,NSASDY,IRSNMDK,ADSGGGADGLT,SEHNR,FQNEAQ,ASSLDTQY,0
KLGGALQAK,DRGSQSIYSNGDAVNTDKLISQVTMANQGSEASVDRRADEQF,DRGSQS,IYSNGD,AVNTDKLI,SQVTM,ANQGSEA,SVDRRADEQF,0
LLWNGPMAV,DRGSQSIYSNGDAVNTDKLISQVTMANQGSEASVDRRADEQF,DRGSQS,IYSNGD,AVNTDKLI,SQVTM,ANQGSEA,SVDRRADEQF,1
KSKRTPMGF,TISGTDYGLTSNILRDTSGNTPLVSNHLYFYNNEIASSEMTGELYEQY,TISGTDY,GLTSN,ILRDTSGNTPLV,SNHLY,FYNNEI,ASSEMTGELYEQY,1
GILGFVFTL,SSVSVYYLSGSTLVAAISGAGSYQLTSGHDTYYEEEEASSPSYEQY,SSVSVY,YLSGSTLV,AAISGAGSYQLT,SGHDT,YYEEEE,ASSPSYEQY,0
RAKFKQLL,YGGTVNYFSGDPLVAVNAAGNDYKLSSEHNRFQNEAQASSTRTGQETQY,YGGTVN,YFSGDPLV,AVNAAGNDYKLS,SEHNR,FQNEAQ,ASSTRTGQETQY,0
LLWNGPMAV,VSGNPYYITGDNLVAVRDEAGGSYIPTSGHRSYFSETQASSFGQGTGTEAF,VSGNPY,YITGDNLV,AVRDEAGGSYIPT,SGHRS,YFSETQ,ASSFGQGTGTEAF,0
ATDALMTGF,TSINNIRSNEREATELYGANSKLTSGHNSFNNNVPASSFSGNTGELF,TSINN,IRSNERE,ATELYGANSKLT,SGHNS,FNNNVP,ASSFSGNTGELF,0
KLGGALQAK,NSASDYIRSNMDKAEKDDKIISGHDNFVKESKASSFQGLGTEAF,NSASDY,IRSNMDK,AEKDDKII,SGHDN,FVKESK,ASSFQGLGTEAF,0
KLGGALQAK,DSSSTYIFSNMDMAEMEGGSYIPTLGHNAYNFKEQASSQEWLAVSTDTQY,DSSSTY,IFSNMDM,AEMEGGSYIPT,LGHNA,YNFKEQ,ASSQEWLAVSTDTQY,0
GILGFVFTL,TSGFNGNVLDGLGVSGGYNKLIMNHNSSASEGTASSLGLAGDNEQF,TSGFNG,NVLDGL,GVSGGYNKLI,MNHNS,SASEGT,ASSLGLAGDNEQF,0
IVTDFSVIK,TSGFYGNALDGLAVRDRDNYGQNFVSGHKSYYEKEEASSLEVTGLNTEAF,TSGFYG,NALDGL,AVRDRDNYGQNFV,SGHKS,YYEKEE,ASSLEVTGLNTEAF,0
ATDALMTGF,VSGNPYYITGDNLVAVRDMGTGGFKTISEHNRFQNEAQAIQEDTDTQY,VSGNPY,YITGDNLV,AVRDMGTGGFKTI,SEHNR,FQNEAQ,AIQEDTDTQY,0
SLFNTVATLY,SSNFYAMTLNGDEAFTTDSWGKLQLGHDTYNNKELASSQGQANEKLF,SSNFYA,MTLNGDE,AFTTDSWGKLQ,LGHDT,YNNKEL,ASSQGQANEKLF,0
GILGFVFTL,NIATNDYGYKTKLVNPDDYKLSGTSNPNSVGIGAWSVAGTNTEAF,NIATNDY,GYKTK,LVNPDDYKLS,GTSNPN,SVGIG,AWSVAGTNTEAF,0
NLVPMVATV,TSGFNGNVLDGLAVRGLGGSQGNLISGHTSYDEGEEASSLVGEQF,TSGFNG,NVLDGL,AVRGLGGSQGNLI,SGHTS,YDEGEE,ASSLVGEQF,0
ELAGIGILTV,YGGTVNYFSGDPLVAVNSGYSTLTKGHDRSFDVKDATASGTVTDTQY,YGGTVN,YFSGDPLV,AVNSGYSTLT,KGHDR,SFDVKD,ATASGTVTDTQY,0
GLCTLVAML,DSASNYIRSNVGEAASEEYGNKLVLGHNAYNFKEQASSQRPSEVGELF,DSASNY,IRSNVGE,AASEEYGNKLV,LGHNA,YNFKEQ,ASSQRPSEVGELF,0
KLGGALQAK,DRGSQSIYSNGDAVIAGKSTLNHNVYYDKDFATSGRTGGGEQY,DRGSQS,IYSNGD,AVIAGKST,LNHNV,YYDKDF,ATSGRTGGGEQY,0
IVTDFSVIK,DRGSQSIYSNGDAVGTAWRSGGGADGLTFGLNHDASQIVNDASSRRSSGELFFG,DRGSQS,IYSNGD,AVGTAWRSGGGADGLTFG,LNHDA,SQIVND,ASSRRSSGELFFG,0
GILGFVFTL,DRGSQSIYSNGDAVEAGGTSYGKLTDFQATTSNEGSKASASDVGLNQPQH,DRGSQS,IYSNGD,AVEAGGTSYGKLT,DFQATT,SNEGSKA,SASDVGLNQPQH,0
GILGFVFTL,SSVPPYYTSAATLVAVSDFKAAGNKLTSGHNSFNNNVPASSLTGLAGGRGQETQY,SSVPPY,YTSAATLV,AVSDFKAAGNKLT,SGHNS,FNNNVP,ASSLTGLAGGRGQETQY,0
LLWNGPMAV,DSASNYIRSNVGEAATASRAGTALISGHRSYFSETQASSLEGQGGTDTQY,DSASNY,IRSNVGE,AATASRAGTALI,SGHRS,YFSETQ,ASSLEGQGGTDTQY,0
GILGFVFTL,DSSSTYIFSNMDMAEFGSGNTGKLILNHDASQIVNDASRLGAGYT,DSSSTY,IFSNMDM,AEFGSGNTGKLI,LNHDA,SQIVND,ASRLGAGYT,0
DATYQRTRALVR,SSVPPYYTSAATLVAVIGGYQKVTDFQATTSNEGSKASAGQGSNEKLF,SSVPPY,YTSAATLV,AVIGGYQKVT,DFQATT,SNEGSKA,SAGQGSNEKLF,0
NLVPMVATV,SSVSVYYLSGSTLVAVSVRMDSSYKLIMGHRAYSYEKLASSQDPGYEQY,SSVSVY,YLSGSTLV,AVSVRMDSSYKLI,MGHRA,YSYEKL,ASSQDPGYEQY,0
NLVPMVATV,DRGSQSIYSNGDAVSPDKLIMNHEYSMNVEVASSPSAGPGYGYT,DRGSQS,IYSNGD,AVSPDKLI,MNHEY,SMNVEV,ASSPSAGPGYGYT,0
AVFDRKSDAK,DRGSQSIYSNGDAVRVGTTDSLLALNHDASQIVNDASSPLSTDTQY,DRGSQS,IYSNGD,AVRVGTTDSLLA,LNHDA,SQIVND,ASSPLSTDTQY,0
CINGVCWTV,DRGSQSIYSNGDAVNQGGKLIMDHENSYDVKMASTTSGLSTDTQY,DRGSQS,IYSNGD,AVNQGGKLI,MDHEN,SYDVKM,ASTTSGLSTDTQY,0
RAKFKQLL,TRDTTYYRNSFDEQNALSEGEGGGTSYGKLTLNHNVYYDKDFATSRGGGGDTQY,TRDTTYY,RNSFDEQN,ALSEGEGGGTSYGKLT,LNHNV,YYDKDF,ATSRGGGGDTQY,0
AVFDRKSDAK,YGATPYYFSGDTLVAVGLNNNAGNMLTLGHNAYSLEERASSQAYDARYEQF,YGATPY,YFSGDTLV,AVGLNNNAGNMLT,LGHNA,YSLEER,ASSQAYDARYEQF,0
DATYQRTRALVR,SVFSSVVTGGEVAGCHGSGNTGKLILNHDASQIVNDASSSRSAYEQY,SVFSS,VVTGGEV,AGCHGSGNTGKLI,LNHDA,SQIVND,ASSSRSAYEQY,0
RAKFKQLL,VSGNPYYITGDNLVTSRVTDYKLSSEHNRFQNEAQASSPDRESNTGELF,VSGNPY,YITGDNLV,TSRVTDYKLS,SEHNR,FQNEAQ,ASSPDRESNTGELF,0
GLCTLVAML,DSSSTYIFSNMDMAEMEGGSYIPTLNHDASQIVNDASSIRSSYEQY,DSSSTY,IFSNMDM,AEMEGGSYIPT,LNHDA,SQIVND,ASSIRSSYEQY,0
KLGGALQAK,DSASNYIRSNVGEAASETSYDKVISGHNSFNNNVPASHPRTPIYGYT,DSASNY,IRSNVGE,AASETSYDKVI,SGHNS,FNNNVP,ASHPRTPIYGYT,0
KLGGALQAK,TISGTDYGLTSNILRKAFFMKTSYDKVISGHDTYYEEEEASSLALAPRSYNEQF,TISGTDY,GLTSN,ILRKAFFMKTSYDKVI,SGHDT,YYEEEE,ASSLALAPRSYNEQF,0
GILGFVFTL,DRGSQSIYSNGDAVGANNLFSGDLSYYNGEEASSVSAQPDTQY,DRGSQS,IYSNGD,AVGANNLF,SGDLS,YYNGEE,ASSVSAQPDTQY,0
SPRWYFYYL,TTSDRLLSNGAVAVAILTGGGNKLTLGHNAYNFKEQASKPGQGGYEQY,TTSDR,LLSNGAV,AVAILTGGGNKLT,LGHNA,YNFKEQ,ASKPGQGGYEQY,0
KLGGALQAK,SSVSVYYLSGSTLVAVSDPDTDKLIMNHNSSASEGTASSDWTNTGELF,SSVSVY,YLSGSTLV,AVSDPDTDKLI,MNHNS,SASEGT,ASSDWTNTGELF,1
RAKFKQLL,SSNFYAMTLNGDEAFRYWSWGKLQKGHDRSFDVKDATMNGLSSYNEQF,SSNFYA,MTLNGDE,AFRYWSWGKLQ,KGHDR,SFDVKD,ATMNGLSSYNEQF,0
GLCTLVAML,YGGTVNYFSGDPLVAVNSGYSTLTKGHDRSFDVKDATASGTVTDTQY,YGGTVN,YFSGDPLV,AVNSGYSTLT,KGHDR,SFDVKD,ATASGTVTDTQY,0
GILGFVFTL,NSMFDYISSIKDKAASARYGGSQGNLIMNHEYSMNVEVASSGQGYNSPLH,NSMFDY,ISSIKDK,AASARYGGSQGNLI,MNHEY,SMNVEV,ASSGQGYNSPLH,0
AVFDRKSDAK,SIFNTLYKAGELAGPTLINNYGQNFVSQVTMANQGSEASASAGTGGAGGTYEQY,SIFNT,LYKAGEL,AGPTLINNYGQNFV,SQVTM,ANQGSEA,SASAGTGGAGGTYEQY,0
RAKFKQLL,NIATNDYGYKTKLARQEDVNTGFQKLVMNHNSSASEGTASSEIMGDLYEQY,NIATNDY,GYKTK,LARQEDVNTGFQKLV,MNHNS,SASEGT,ASSEIMGDLYEQY,0
RAKFKQLL,NYSPAYIRENEKEALVAPGGSYIPTKGHDRSFDVKDATAPGTGRTLKLI,NYSPAY,IRENEKE,ALVAPGGSYIPT,KGHDR,SFDVKD,ATAPGTGRTLKLI,0
AVFDRKSDAK,DSSSTYIFSNMDMAEDSGNLISGHATFQNNGVASSLNRGDPEAF,DSSSTY,IFSNMDM,AEDSGNLI,SGHAT,FQNNGV,ASSLNRGDPEAF,0
KLGGALQAK,TSINNIRSNEREATDARNTDKLIMGHRAYSYEKLASSPRRVGLAGVNGTDTQY,TSINN,IRSNERE,ATDARNTDKLI,MGHRA,YSYEKL,ASSPRRVGLAGVNGTDTQY,0
CTELKLSDY,SVFSSVVTGGEVAGGYQKVTMNHEYSVGEGTASAALAAYNEQF,SVFSS,VVTGGEV,AGGYQKVT,MNHEY,SVGEGT,ASAALAAYNEQF,0
IVTDFSVIK,NIATNDYGYKTKLVVRDDKIISGHTAFQGNSAASSFPGDRMNTGELF,NIATNDY,GYKTK,LVVRDDKII,SGHTA,FQGNSA,ASSFPGDRMNTGELF,0
DATYQRTRALVR,DSASNYIRSNVGEAASPRNNDMRLGHNAYNFKEQASSQEGAGADEQF,DSASNY,IRSNVGE,AASPRNNDMR,LGHNA,YNFKEQ,ASSQEGAGADEQF,1
CINGVCWTV,TSGFNGNVLDGLAVGMIKAAGNKLTDFQATTSNEGSKASALGGTQY,TSGFNG,NVLDGL,AVGMIKAAGNKLT,DFQATT,SNEGSKA,SALGGTQY,0
ATDALMTGF,VGISALSSGKAVKGSYSGGGADGLTSGHTAFQGNSAASSLRSGTGELF,VGISA,LSSGK,AVKGSYSGGGADGLT,SGHTA,FQGNSA,ASSLRSGTGELF,0
ELAGIGILTV,TSGFNGNVLDGLAVRDRWSGGYQKVTMNHEYSMNVEVASSFGQGSSPLH,TSGFNG,NVLDGL,AVRDRWSGGYQKVT,MNHEY,SMNVEV,ASSFGQGSSPLH,0
ELAGIGILTV,TSENNYYQEAYKQQNAFMKGAGGTSYGKLTLNHDASQIVNDASSPRSNQPQH,TSENNYY,QEAYKQQN,AFMKGAGGTSYGKLT,LNHDA,SQIVND,ASSPRSNQPQH,0
RFPLTFGWCF,DSAIYNIQSSQREAGRGSARQLTMGHRAYSYEKLASSQDRGQGGSYEQY,DSAIYN,IQSSQRE,AGRGSARQLT,MGHRA,YSYEKL,ASSQDRGQGGSYEQY,1
IVTDFSVIK,DRGSQSIYSNGDAVRGYGGSQGNLIMNHEYSVGEGTASSRMGFYEQY,DRGSQS,IYSNGD,AVRGYGGSQGNLI,MNHEY,SVGEGT,ASSRMGFYEQY,0
RAKFKQLL,DRGSQSIYSNGDAVNGGNKLVMDHENSYDVKMASSPSGVVQPQH,DRGSQS,IYSNGD,AVNGGNKLV,MDHEN,SYDVKM,ASSPSGVVQPQH,0
RAKFKQLL,DRGSQSIYSNGDAVRVGTTDSLLALNHDASQIVNDASSPLSTDTQY,DRGSQS,IYSNGD,AVRVGTTDSLLA,LNHDA,SQIVND,ASSPLSTDTQY,0
GILGFVFTL,YGATPYYFSGDTLVAVFLYGNNRLASQVTMANQGSEASVSASGGDEQY,YGATPY,YFSGDTLV,AVFLYGNNRLA,SQVTM,ANQGSEA,SVSASGGDEQY,0
RLPGVLPRA,TRDTTYYRNSFDEQNALSEASLVDSNYQLILNHDASQIVNDASSPTSGGYNEQF,TRDTTYY,RNSFDEQN,ALSEASLVDSNYQLI,LNHDA,SQIVND,ASSPTSGGYNEQF,0
RAKFKQLL,TSDPSYGQGSYDQQNAMREVFNDYKLSSGHNSFNNNVPASSVVERAF,TSDPSYG,QGSYDQQN,AMREVFNDYKLS,SGHNS,FNNNVP,ASSVVERAF,0
RAKFKQLL,DSAIYNIQSSQREAVAQGGSEKLVSGHNSFNNNVPASSLWGDYEQY,DSAIYN,IQSSQRE,AVAQGGSEKLV,SGHNS,FNNNVP,ASSLWGDYEQY,1
KLGGALQAK,DSVNNIPSGTAGSPSNTGKLIDFQATTSNEGSKASARARTRDSSMQY,DSVNN,IPSGT,AGSPSNTGKLI,DFQATT,SNEGSKA,SARARTRDSSMQY,0
AVFDRKSDAK,SIFNTLYKAGELAGRPEVDSQGNLILNHDASQIVNDASSIFSVSNEQY,SIFNT,LYKAGEL,AGRPEVDSQGNLI,LNHDA,SQIVND,ASSIFSVSNEQY,0
GILGFVFTL,DSVNNIPSGTAVEVAGANSKLTENHRYSYGVKDAISGRINNSPLH,DSVNN,IPSGT,AVEVAGANSKLT,ENHRY,SYGVKD,AISGRINNSPLH,1
ELAGIGILTV,DSASNYIRSNVGEAASETSYDKVISEHNRFQNEAQASSSLGGGNTEAF,DSASNY,IRSNVGE,AASETSYDKVI,SEHNR,FQNEAQ,ASSSLGGGNTEAF,0
GILGFVFTL,TISGNEYGLKNNIVRVRGGSNYKLTSGHDNFVKESKASSQLLAGGFSQTDTQY,TISGNEY,GLKNN,IVRVRGGSNYKLT,SGHDN,FVKESK,ASSQLLAGGFSQTDTQY,0
AVFDRKSDAK,TSGFNGNVLDGLALNNAGNMLTLGHNAYSLEERASSQAQGRNTEAF,TSGFNG,NVLDGL,ALNNAGNMLT,LGHNA,YSLEER,ASSQAQGRNTEAF,1
RAKFKQLL,VSGLRGLYSAGEEAVQAGYNTDKLISGHRSYFSETQASSLSWQELYGYT,VSGLRG,LYSAGEE,AVQAGYNTDKLI,SGHRS,YFSETQ,ASSLSWQELYGYT,0
GILGFVFTL,TISGNEYGLKNNIVRVPSGGGNKLTSGHNTYYREEEASSSGGPVDTQY,TISGNEY,GLKNN,IVRVPSGGGNKLT,SGHNT,YYREEE,ASSSGGPVDTQY,0
RAKFKQLL,SSYSPSYTSAATLVVVSDPGFGNEKLTSGDLSYYNGEEASSVGADPPNTEAF,SSYSPS,YTSAATLV,VVSDPGFGNEKLT,SGDLS,YYNGEE,ASSVGADPPNTEAF,0
ELAGIGILTV,NSASQSVYSSGVVNLAGANNLFSGHRSYFSETQASSPDRAEEQF,NSASQS,VYSSG,VVNLAGANNLF,SGHRS,YFSETQ,ASSPDRAEEQF,0
RAKFKQLL,VSGNPYYITGDNLVAPPRGSSNTGKLISGHDTYYEEEEASSLGRAVIWGYT,VSGNPY,YITGDNLV,APPRGSSNTGKLI,SGHDT,YYEEEE,ASSLGRAVIWGYT,0
AVFDRKSDAK,NSASQSVYSSGVVNKNNDMRSGHRSYFSETQASGEENTGELF,NSASQS,VYSSG,VVNKNNDMR,SGHRS,YFSETQ,ASGEENTGELF,0
GILGFVFTL,TISGNEYGLKNNIVMDDFQKLVSGHNSFNNNVPASSFSGNTGELF,TISGNEY,GLKNN,IVMDDFQKLV,SGHNS,FNNNVP,ASSFSGNTGELF,0
DATYQRTRALVR,NIATNDYGYKTKLVGDPFYSSASKIISGHNSFNNNVPASSFSGNTGELF,NIATNDY,GYKTK,LVGDPFYSSASKII,SGHNS,FNNNVP,ASSFSGNTGELF,0
GILGFVFTL,TISGTDYGLTSNTPGNQFYLGHNAYSLEERASSQVTGTGNSPLH,TISGTDY,GLTSN,TPGNQFY,LGHNA,YSLEER,ASSQVTGTGNSPLH,0
SPRWYFYYL,ATGYPSATKADDKALSTTSGTYKYIMNHEYSMNVEVASSPLAGGEEKKETQY,ATGYPS,ATKADDK,ALSTTSGTYKYI,MNHEY,SMNVEV,ASSPLAGGEEKKETQY,1
IVTDFSVIK,VGISALSSGKAVLKTSYDKVILNHDASQIVNDASSFFLAAGYP,VGISA,LSSGK,AVLKTSYDKVI,LNHDA,SQIVND,ASSFFLAAGYP,0
GILGFVFTL,SSVSVYYLSGSTLVAVSSDNTGKLILNHDASQIVNDASSIRSNYEQY,SSVSVY,YLSGSTLV,AVSSDNTGKLI,LNHDA,SQIVND,ASSIRSNYEQY,1
SLFNTVATLY,ATGYPSATKADDKALLTYNNNDMRSGHNSFNNNVPASSLDLRTSNQPQH,ATGYPS,ATKADDK,ALLTYNNNDMR,SGHNS,FNNNVP,ASSLDLRTSNQPQH,0
RAKFKQLL,DRGSQSIYSNGDAVKDTGRRALTDFQATTSNEGSKASARDRSRQGADGYT,DRGSQS,IYSNGD,AVKDTGRRALT,DFQATT,SNEGSKA,SARDRSRQGADGYT,0
RAKFKQLL,TSDPSYGQGSYDQQNREYMGSSYKLSGDLSYYNGEESVEGNQPQ,TSDPSYG,QGSYDQQN,REYMGSSYKL,SGDLS,YYNGEE,SVEGNQPQ,0
HPVTKYIM,NSMFDYISSIKDKAASADPKAGNTPLVMNHEYSMNVEVASGPLRGGNQPQH,NSMFDY,ISSIKDK,AASADPKAGNTPLV,MNHEY,SMNVEV,ASGPLRGGNQPQH,1
KLGGALQAK,TSDPSYGQGSYDQQNAMREDNGARLMLNHDASQIVNDASSKFSINEQF,TSDPSYG,QGSYDQQN,AMREDNGARLM,LNHDA,SQIVND,ASSKFSINEQF,0
NLVPMVATV,TTLSNLVKSGEVAGADAGNNRKLISGHRSYFSETQASSLDQGAYEQY,TTLSN,LVKSGEV,AGADAGNNRKLI,SGHRS,YFSETQ,ASSLDQGAYEQY,0
KLGGALQAK,SIFNTLYKAGELAGHTGNQFYSGHATFQNNGVASSLEGQLFYEQY,SIFNT,LYKAGEL,AGHTGNQFY,SGHAT,FQNNGV,ASSLEGQLFYEQY,0
RAKFKQLL,TSGFNGNVLDGLASMDSNYQLIDFQATTSNEGSKASLRTGEGSPLH,TSGFNG,NVLDGL,ASMDSNYQLI,DFQATT,SNEGSKA,SLRTGEGSPLH,0
ELAGIGILTV,YGATPYYFSGDTLVAVTRDDKIILNHDASQIVNDASSIYSNQPQH,YGATPY,YFSGDTLV,AVTRDDKII,LNHDA,SQIVND,ASSIYSNQPQH,0
SPRWYFYYL,TRDTTYYRNSFDEQNALSEIGGGADGLTLNHDASQIVNDASSPEAGTVLEAF,TRDTTYY,RNSFDEQN,ALSEIGGGADGLT,LNHDA,SQIVND,ASSPEAGTVLEAF,0
AVFDRKSDAK,VSGLRGLYSAGEEAVKPNYGGSQGNLIMNHNSSASEGTASSAGDGYTHTVFGNIQY,VSGLRG,LYSAGEE,AVKPNYGGSQGNLI,MNHNS,SASEGT,ASSAGDGYTHTVFGNIQY,0
GILGFVFTL,NSMFDYISSIKDKAARANNARLMSEHNRFQNEAQASSLEYSPRPYEQY,NSMFDY,ISSIKDK,AARANNARLM,SEHNR,FQNEAQ,ASSLEYSPRPYEQY,0
GILGFVFTL,TSGFNGNVLDGLAVRDPGTGRRALTSGHNSFNNNVPASSFSGNTGELF,TSGFNG,NVLDGL,AVRDPGTGRRALT,SGHNS,FNNNVP,ASSFSGNTGELF,0
CINGVCWTV,DSVNNIPSGTAVDHLMNYGGSQGNLILNHDASQIVNDASSTYSQDTQY,DSVNN,IPSGT,AVDHLMNYGGSQGNLI,LNHDA,SQIVND,ASSTYSQDTQY,0
RAKFKQLL,NSASDYIRSNMDKAENEGGGSQGNLILNHDASQIVNDASSLYASYEQY,NSASDY,IRSNMDK,AENEGGGSQGNLI,LNHDA,SQIVND,ASSLYASYEQY,0
KLGGALQAK,DSSSTYIFSNMDMAETQDSNYQLIMGHRAYSYEKLASSQDGWAGDQPQH,DSSSTY,IFSNMDM,AETQDSNYQLI,MGHRA,YSYEKL,ASSQDGWAGDQPQH,0
HPVTKYIM,NIATNDYGYKTKLVNTNAGKSTLGHNAYNFKEQASSQEVGQRLLNTGELF,NIATNDY,GYKTK,LVNTNAGKST,LGHNA,YNFKEQ,ASSQEVGQRLLNTGELF,0
RFPLTFGWCF,VSGNPYYITGDNLVAVSYSGAGSYQLTSGDLSYYNGEEASSGGGLAYNEQF,VSGNPY,YITGDNLV,AVSYSGAGSYQLT,SGDLS,YYNGEE,ASSGGGLAYNEQF,0
GILGFVFTL,TRDTTYYRNSFDEQNALSEASGNAGNMLTMNHEYSMNVEVASSSPTSGDYEQY,TRDTTYY,RNSFDEQN,ALSEASGNAGNMLT,MNHEY,SMNVEV,ASSSPTSGDYEQY,1
NLVPMVATV,DSASNYIRSNVGEAAPPSTGTASKLTDFQATTSNEGSKASARDETGNTIY,DSASNY,IRSNVGE,AAPPSTGTASKLT,DFQATT,SNEGSKA,SARDETGNTIY,0
CINGVCWTV,TRDTTYYRNSFDEQNALSEANTGGFKTISGHATFQNNGVASSWGGGSHYGYT,TRDTTYY,RNSFDEQN,ALSEANTGGFKTI,SGHAT,FQNNGV,ASSWGGGSHYGYT,0
AVFDRKSDAK,SSYSPSYTSAATLVVVSDVNTDKLISGHDTYYEEEEASSLRDGSEAF,SSYSPS,YTSAATLV,VVSDVNTDKLI,SGHDT,YYEEEE,ASSLRDGSEAF,0
RFPLTFGWCF,TTLSNLVKSGEVAGRRGAGKSTSGHDTYYEEEEASSAYAGLAGVRETQY,TTLSN,LVKSGEV,AGRRGAGKST,SGHDT,YYEEEE,ASSAYAGLAGVRETQY,0
KSKRTPMGF,TSGFNGNVLDGLAVNEGDYKLSDFQATTSNEGSKASARHLSGIEQF,TSGFNG,NVLDGL,AVNEGDYKLS,DFQATT,SNEGSKA,SARHLSGIEQF,0
AVFDRKSDAK,DRGSQSIYSNGDAVKGDDKIILGHNAYNFKEQASSQGILSGELF,DRGSQS,IYSNGD,AVKGDDKII,LGHNA,YNFKEQ,ASSQGILSGELF,0
LLWNGPMAV,DSASNYIRSNVGEAAAETSYDKVILNHDASQIVNDASSWIAANTGELF,DSASNY,IRSNVGE,AAAETSYDKVI,LNHDA,SQIVND,ASSWIAANTGELF,0
AVFDRKSDAK,SSVPPYYTSAATLVAVSSRDDKLISEHNRFQNEAQASSSPGEYEKLF,SSVPPY,YTSAATLV,AVSSRDDKLI,SEHNR,FQNEAQ,ASSSPGEYEKLF,0
GILGFVFTL,DSASNYIRSNVGEAYGGSQGNLISNHLYFYNNEIASSEGQVSPGELF,DSASNY,IRSNVGE,AYGGSQGNLI,SNHLY,FYNNEI,ASSEGQVSPGELF,1
GLCTLVAML,NIATNDYGYKTKLVNTNAGKSTLGHNAYNFKEQASSQEVGQRLLNTGELF,NIATNDY,GYKTK,LVNTNAGKST,LGHNA,YNFKEQ,ASSQEVGQRLLNTGELF,0
VLFGLGFAI,DRGSQSIYSNGDASVGMDSSYKLISGHNSFNNNVPASSFSGNTGELF,DRGSQS,IYSNGD,ASVGMDSSYKLI,SGHNS,FNNNVP,ASSFSGNTGELF,0
DATYQRTRALVR,DRGSQSIYSNGDAVNGNNDMRDFQATTSNEGSKASASQDPYEQY,DRGSQS,IYSNGD,AVNGNNDMR,DFQATT,SNEGSKA,SASQDPYEQY,1
AVFDRKSDAK,DSSSTYIFSNMDMAEYSSAFKIISGHDNFVKESKASSQSPGGTQY,DSSSTY,IFSNMDM,AEYSSAFKII,SGHDN,FVKESK,ASSQSPGGTQY,0
SPRWYFYYL,SSVSVYYLSGSTLVAGGGYGKLTMNHEYSMNVEVASRGGGQGGSYGYT,SSVSVY,YLSGSTLV,AGGGYGKLT,MNHEY,SMNVEV,ASRGGGQGGSYGYT,1
ELAGIGILTV,DRGSQSIYSNGDAVNIDNMDSNYQLISGDLSYYNGEEASSVGGEAYEQY,DRGSQS,IYSNGD,AVNIDNMDSNYQLI,SGDLS,YYNGEE,ASSVGGEAYEQY,0
FEDLRLLSF,TTLSNLVKSGEVAGKNSNDYKLSMNHEYSMNVEVASSPIRQDMGGYT,TTLSN,LVKSGEV,AGKNSNDYKLS,MNHEY,SMNVEV,ASSPIRQDMGGYT,0
IVTDFSVIK,TSGFNGNVLDGLAVRADSGAGSYQLTDFQATTSNEGSKASARDRVGNTIY,TSGFNG,NVLDGL,AVRADSGAGSYQLT,DFQATT,SNEGSKA,SARDRVGNTIY,0
RAKFKQLL,SSVPPYYTSAATLVAVSDHSGGSNYKLTLGHNAYSLEERASSLTGAGYEQY,SSVPPY,YTSAATLV,AVSDHSGGSNYKLT,LGHNA,YSLEER,ASSLTGAGYEQY,0
ELAGIGILTV,NSASDYIRSNMDKAENGGGGADGLTSQVTMANQGSEASVGSGDYEQY,NSASDY,IRSNMDK,AENGGGGADGLT,SQVTM,ANQGSEA,SVGSGDYEQY,0
RAKFKQLL,SVFSSVVTGGEVAGAVWNFNKFYLGHDTYNNKELASSPRGRGEDGYT,SVFSS,VVTGGEV,AGAVWNFNKFY,LGHDT,YNNKEL,ASSPRGRGEDGYT,0
LLWNGPMAV,NSASQSVYSSGVVNTGFQKLVSGHRSYFSETQASSLDGGDSYEQY,NSASQS,VYSSG,VVNTGFQKLV,SGHRS,YFSETQ,ASSLDGGDSYEQY,0
GPRLGVRAT,VSGNPYYITGDNLVAVAKDLQNSGGGADGLTLNHNVYYDKDFATSYEDNSGANVLT,VSGNPY,YITGDNLV,AVAKDLQNSGGGADGLT,LNHNV,YYDKDF,ATSYEDNSGANVLT,0
AVFDRKSDAK,SSVPPYYTSAATLVAVPNTGNQFYSGHTAFQGTGAASSPPTNYGYT,SSVPPY,YTSAATLV,AVPNTGNQFY,SGHTA,FQGTGA,ASSPPTNYGYT,0
AVFDRKSDAK,DSASNYIRSNVGEAASETSYDKVISEHNRFQNEAQASSQLGRGDNEQF,DSASNY,IRSNVGE,AASETSYDKVI,SEHNR,FQNEAQ,ASSQLGRGDNEQF,0
GLCTLVAML,DSASNYIRSNVGEAASETSYDKVIDFQATTSNEGSKASARALPVGNTIY,DSASNY,IRSNVGE,AASETSYDKVI,DFQATT,SNEGSKA,SARALPVGNTIY,1
RAKFKQLL,DSSSTYIFSNMDMAESQGNLISGHDNFVKESKASSQSPGGEQF,DSSSTY,IFSNMDM,AESQGNLI,SGHDN,FVKESK,ASSQSPGGEQF,0
GLCTLVAML,VGISALSSGKAVAGSGGSNYKLTSGHRSYFSETQASSLEASGPYNEQF,VGISA,LSSGK,AVAGSGGSNYKLT,SGHRS,YFSETQ,ASSLEASGPYNEQF,0
GILGFVFTL,DSAIYNIQSSQREAVDLMKTSYDKVIKGHDRSFDVKDATSATDNTGELF,DSAIYN,IQSSQRE,AVDLMKTSYDKVI,KGHDR,SFDVKD,ATSATDNTGELF,0
GILGFVFTL,DRGSQSIYSNGDAVAQGGSEKLVMDHENSYDVKMASRGQGLGQPQH,DRGSQS,IYSNGD,AVAQGGSEKLV,MDHEN,SYDVKM,ASRGQGLGQPQH,0
CINGVCWTV,VSGLRGLYSAGEEAVQARNNAGNMLTLNHDASQIVNDASSIVKLAGGTYEQY,VSGLRG,LYSAGEE,AVQARNNAGNMLT,LNHDA,SQIVND,ASSIVKLAGGTYEQY,0
KLGGALQAK,VSGNPYYITGDNLVAVRDPGGYNKLILNHDASQIVNDASSARSSTEQY,VSGNPY,YITGDNLV,AVRDPGGYNKLI,LNHDA,SQIVND,ASSARSSTEQY,0
ELAGIGILTV,TSGFNGNVLDGLAVRGSGGYNKLISNHLYFYNNEIASHATGAYGYT,TSGFNG,NVLDGL,AVRGSGGYNKLI,SNHLY,FYNNEI,ASHATGAYGYT,0
HPVTKYIM,VSGNPYYITGDNLVAVRDNQAGTALISGDLSYYNGEEASSAGSGSGYNEQF,VSGNPY,YITGDNLV,AVRDNQAGTALI,SGDLS,YYNGEE,ASSAGSGSGYNEQF,0
ELAGIGILTV,DSASNYIRSNVGEAATPYGNNDMRWSHSYSAAADIASRGALVGDTQY,DSASNY,IRSNVGE,AATPYGNNDMR,WSHSY,SAAADI,ASRGALVGDTQY,0
GILGFVFTL,TRDTTYYRNSFDEQNALSEPNSGGGADGLTSGHTAFQGNSAASSSGVGNEQF,TRDTTYY,RNSFDEQN,ALSEPNSGGGADGLT,SGHTA,FQGNSA,ASSSGVGNEQF,0
ELAGIGILTV,DSASNYIRSNVGEAASETSYDKVIMGHRAYSYEKLASSPLAGIYNEQF,DSASNY,IRSNVGE,AASETSYDKVI,MGHRA,YSYEKL,ASSPLAGIYNEQF,0
NLVPMVATV,DRGSQSIYSNGDAAQGGKLIMNHEYSMNVEVASSSGTGVFLAEAF,DRGSQS,IYSNGD,AAQGGKLI,MNHEY,SMNVEV,ASSSGTGVFLAEAF,0
KLGGALQAK,DRGSQSIYSNGDAASNSGYALNMNHEYSMNVEVASSSPSGSGTGELF,DRGSQS,IYSNGD,AASNSGYALN,MNHEY,SMNVEV,ASSSPSGSGTGELF,0
IVTDFSVIK,TTSDRLLSNGAVAVDFRDNYGQNFVSGDLSYYNGEEASSLSSGTYEQY,TTSDR,LLSNGAV,AVDFRDNYGQNFV,SGDLS,YYNGEE,ASSLSSGTYEQY,1
AVFDRKSDAK,SVFSSVVTGGEVAGPFGRLMMNHEYSMNVEVASSLFPGFGEQY,SVFSS,VVTGGEV,AGPFGRLM,MNHEY,SMNVEV,ASSLFPGFGEQY,0
IVTDFSVIK,NSMFDYISSIKDKAASGGSNYKLTLGHDTYNNKELASSQEVMTALQPDYGYT,NSMFDY,ISSIKDK,AASGGSNYKLT,LGHDT,YNNKEL,ASSQEVMTALQPDYGYT,0
ELAGIGILTV,DSSSTYIFSNMDMAESKNNNARLMMNHNSSASEGTASSEAGLGGELF,DSSSTY,IFSNMDM,AESKNNNARLM,MNHNS,SASEGT,ASSEAGLGGELF,0
AVFDRKSDAK,TSINNIRSNEREALRRGYGNNRLAMDHENSYDVKMASSSWDIQTNTGELF,TSINN,IRSNERE,ALRRGYGNNRLA,MDHEN,SYDVKM,ASSSWDIQTNTGELF,0
RAKFKQLL,SVFSSVVTGGEVAGGYQKVTMNHEYSVGEGTASAALAAYNEQF,SVFSS,VVTGGEV,AGGYQKVT,MNHEY,SVGEGT,ASAALAAYNEQF,0
RAKFKQLL,TSINNIRSNEREATDRDQGAQKLVLGHNAYNFKEQASSQEVGIWQTQY,TSINN,IRSNERE,ATDRDQGAQKLV,LGHNA,YNFKEQ,ASSQEVGIWQTQY,0
AVFDRKSDAK,NYSPAYIRENEKEALNPSGYALNMNHNSSASEGTASGGSTAYEQY,NYSPAY,IRENEKE,ALNPSGYALN,MNHNS,SASEGT,ASGGSTAYEQY,0
AVFDRKSDAK,DSASNYIRSNVGEAASGYDYKLSLNHDASQIVNDASSARSSYEQY,DSASNY,IRSNVGE,AASGYDYKLS,LNHDA,SQIVND,ASSARSSYEQY,0
KLGGALQAK,TSGFYGNALDGLAVREVTGGFKTILNHDASQIVNDASSPGQLYEQY,TSGFYG,NALDGL,AVREVTGGFKTI,LNHDA,SQIVND,ASSPGQLYEQY,0
HPVTKYIM,TSINNIRSNEREARSRNKQGGIFFMNHEYSMNVEVASSLMGQGINQPQH,TSINN,IRSNERE,ARSRNKQGGIFF,MNHEY,SMNVEV,ASSLMGQGINQPQH,0
SLFNTVATLY,DSASNYIRSNVGEAAMETSYDKVIKGHSHLQKENIASSPRKDSTGELF,DSASNY,IRSNVGE,AAMETSYDKVI,KGHSH,LQKENI,ASSPRKDSTGELF,0
AVFDRKSDAK,YGGTVNYFSGDPLVAVTGGFKTISGHATFQNNGVASSLYNEQF,YGGTVN,YFSGDPLV,AVTGGFKTI,SGHAT,FQNNGV,ASSLYNEQF,0
LLWNGPMAV,TSENNYYQEAYKQQNAFMLGAGGTSYGKLTSGHVSFNYEAQASSFLTGNTEAF,TSENNYY,QEAYKQQN,AFMLGAGGTSYGKLT,SGHVS,FNYEAQ,ASSFLTGNTEAF,0
NLVPMVATV,TSGFYGNALDGLAVRDRDNYGQNFVSGHKSYYEKEEASSLEVTGLNTEAF,TSGFYG,NALDGL,AVRDRDNYGQNFV,SGHKS,YYEKEE,ASSLEVTGLNTEAF,1
ELAGIGILTV,NSASQSVYSSGVVWGGSYIPTMDHENSYDVKMASSFPPDLNTGELF,NSASQS,VYSSG,VVWGGSYIPT,MDHEN,SYDVKM,ASSFPPDLNTGELF,0
GILGFVFTL,SVFSSVVTGGEVAGGGSQGNLISQVTMANQGSEASAGQGPYEQY,SVFSS,VVTGGEV,AGGGSQGNLI,SQVTM,ANQGSEA,SAGQGPYEQY,0
KSKRTPMGF,SSVSVYYLSGSTLVAVNNNKLIMNHNSSASEGTASSDSPNSNQPQH,SSVSVY,YLSGSTLV,AVNNNKLI,MNHNS,SASEGT,ASSDSPNSNQPQH,0
GILGFVFTL,NSASDYIRSNMDKADSGGGADGLTSGHRSYFSETQASSQQGQPQETQY,NSASDY,IRSNMDK,ADSGGGADGLT,SGHRS,YFSETQ,ASSQQGQPQETQY,0
SPRWYFYYL,SSYSPSYTSAATLVVVANGFKTISGHDNFVKESKASSRLAGGNTGELF,SSYSPS,YTSAATLV,VVANGFKTI,SGHDN,FVKESK,ASSRLAGGNTGELF,1
ELAGIGILTV,DSAIYNIQSSQREAVGANFGNEKLTLNHDASQIVNDASSWAGPHTEAF,DSAIYN,IQSSQRE,AVGANFGNEKLT,LNHDA,SQIVND,ASSWAGPHTEAF,0
AVFDRKSDAK,DSAIYNIQSSQREATYLCAAGDDKIISGHVSFQNEAQASSLQNTGELF,DSAIYN,IQSSQRE,ATYLCAAGDDKII,SGHVS,FQNEAQ,ASSLQNTGELF,0
IVTDFSVIK,YSGSPEHISRALRYGNNRLASEHNRFQNEAQASGAGELF,YSGSPE,HISR,ALRYGNNRLA,SEHNR,FQNEAQ,ASGAGELF,0
RAKFKQLL,VSGLRGLYSAGEEAVPPKANNLFSGHNSFNNNVPASTPGRSDTGELF,VSGLRG,LYSAGEE,AVPPKANNLF,SGHNS,FNNNVP,ASTPGRSDTGELF,1
GILGFVFTL,YGGTVNYFSGDPLVAVIPGSNYQLILNHDASQIVNDASSDRSNTEAF,YGGTVN,YFSGDPLV,AVIPGSNYQLI,LNHDA,SQIVND,ASSDRSNTEAF,1
GILGFVFTL,TISGTDYGLTSNILRGNYGGATNKLIMNHNSSASEGTASRITGESDQPQH,TISGTDY,GLTSN,ILRGNYGGATNKLI,MNHNS,SASEGT,ASRITGESDQPQH,0
CTELKLSDY,VGISALSSGKAVRKFGNEKLTLNHDASHIVNDASSIGLYGYT,VGISA,LSSGK,AVRKFGNEKLT,LNHDA,SHIVND,ASSIGLYGYT,0
RAKFKQLL,TRDTTYYRNSFDEQNALSEAYSSASKIIMNHEYSMNVEVASSLVAGSSNEQF,TRDTTYY,RNSFDEQN,ALSEAYSSASKII,MNHEY,SMNVEV,ASSLVAGSSNEQF,0
AVFDRKSDAK,SSVPPYYTSAATLVAVSAGDYKLSKGHDRSFDVKDATSDSVAGNQPQH,SSVPPY,YTSAATLV,AVSAGDYKLS,KGHDR,SFDVKD,ATSDSVAGNQPQH,0
RAKFKQLL,NIATNDYGYKTKLVNPDDYKLSGTSNPNSVGIGAWSVAGTNTEAF,NIATNDY,GYKTK,LVNPDDYKLS,GTSNPN,SVGIG,AWSVAGTNTEAF,0
LLWNGPMAV,TSESDYYQEAYKQQNAYRSLDLSGNTPLVMNHEYSMNVEVASSLYIQGGEQY,TSESDYY,QEAYKQQN,AYRSLDLSGNTPLV,MNHEY,SMNVEV,ASSLYIQGGEQY,0
RAKFKQLL,DSSSTYIFSNMDMAEKANTDKLIMNHEYSVGEGTASSYSGSGELF,DSSSTY,IFSNMDM,AEKANTDKLI,MNHEY,SVGEGT,ASSYSGSGELF,0
RFPLTFGWCF,DSSSTYIFSNMDMAEGGNTGKLISGHDTYYEEEEASSWNRDRYNTEAF,DSSSTY,IFSNMDM,AEGGNTGKLI,SGHDT,YYEEEE,ASSWNRDRYNTEAF,0
RAKFKQLL,YGATPYYFSGDTLVAVGNLDGGSQGNLISGHKSYYEKEEASVGSYNEQF,YGATPY,YFSGDTLV,AVGNLDGGSQGNLI,SGHKS,YYEKEE,ASVGSYNEQF,0
NLVPMVATV,NSASQSVYSSGVVNMGDFGNEKLTLGHNAYNFKEQASSPRLAARSDTQY,NSASQS,VYSSG,VVNMGDFGNEKLT,LGHNA,YNFKEQ,ASSPRLAARSDTQY,0
GILGFVFTL,DRGSQSIYSNGDAVNKVTSGGSNYKLTSGHNSFNNNVPASSFLDRGPNTEAF,DRGSQS,IYSNGD,AVNKVTSGGSNYKLT,SGHNS,FNNNVP,ASSFLDRGPNTEAF,0
AVFDRKSDAK,DSAIYNIQSSQREAVDLMKTSYDKVIKGHDRSFDVKDATSATDNTGELF,DSAIYN,IQSSQRE,AVDLMKTSYDKVI,KGHDR,SFDVKD,ATSATDNTGELF,0
RAKFKQLL,TISGTDYGLTSNIAHGGGGADGLTKGHDRSFDVKDATSDGLAGGWANVLT,TISGTDY,GLTSN,IAHGGGGADGLT,KGHDR,SFDVKD,ATSDGLAGGWANVLT,0
LLWNGPMAV,DSAIYNIQSSQREAVLGMNTGFQKLVSGHTAFQGNSAASSLDPGNYEQY,DSAIYN,IQSSQRE,AVLGMNTGFQKLV,SGHTA,FQGNSA,ASSLDPGNYEQY,0
KLGGALQAK,DSASNYIRSNVGEAASEATNAGKSTLNHDASQIVNDASNDLGNEQF,DSASNY,IRSNVGE,AASEATNAGKST,LNHDA,SQIVND,ASNDLGNEQF,1
VLFGLGFAI,NSASQSVYSSGVVNVGYGGSQGNLIMNHNSSASEGTASSGNGQDLQPQH,NSASQS,VYSSG,VVNVGYGGSQGNLI,MNHNS,SASEGT,ASSGNGQDLQPQH,0
ELAGIGILTV,SIFNTLYKAGELAGLDFGNEKLTSEHNRFQNEAQASSLATSPLMNTEAF,SIFNT,LYKAGEL,AGLDFGNEKLT,SEHNR,FQNEAQ,ASSLATSPLMNTEAF,1
DATYQRTRALVR,TSGFNGNVLDGLAVNEGDYKLSDFQATTSNEGSKASARHLSGIEQF,TSGFNG,NVLDGL,AVNEGDYKLS,DFQATT,SNEGSKA,SARHLSGIEQF,0
KLGGALQAK,SVFSSVVTGGEVAGAGNTGKLISGHTAFQGTGAASSWGQGITDTQY,SVFSS,VVTGGEV,AGAGNTGKLI,SGHTA,FQGTGA,ASSWGQGITDTQY,0
GILGFVFTL,VSGNPYYITGDNLVAVRDPLTPLVMNHEYSMNVEVASSLQSSYEQY,VSGNPY,YITGDNLV,AVRDPLTPLV,MNHEY,SMNVEV,ASSLQSSYEQY,1
GILGFVFTL,DRGSQSIYSNGDALTPRDDMRSGHATFQNNGVASSLGVAGTNTGELF,DRGSQS,IYSNGD,ALTPRDDMR,SGHAT,FQNNGV,ASSLGVAGTNTGELF,0
NLVPMVATV,DSSSTYIFSNMDMAEMEGGSYIPTLNHDASQIVNDASSIRSSYEQY,DSSSTY,IFSNMDM,AEMEGGSYIPT,LNHDA,SQIVND,ASSIRSSYEQY,0
AVFDRKSDAK,DSAIYNIQSSQREAVNPYSGAGSYQLTSNHLYFYNNEIASSDGPAYEQY,DSAIYN,IQSSQRE,AVNPYSGAGSYQLT,SNHLY,FYNNEI,ASSDGPAYEQY,1
ELAGIGILTV,TSDPSYGQGSYDQQNAMSPEGGGSYIPTSGHKSYYEKEEASSPRRTGYTGELF,TSDPSYG,QGSYDQQN,AMSPEGGGSYIPT,SGHKS,YYEKEE,ASSPRRTGYTGELF,0
GILGFVFTL,TRDTTYYRNSFDEQNALVVRDDKIISGHKSYYEKEEASSFTDRGRDEQY,TRDTTYY,RNSFDEQN,ALVVRDDKII,SGHKS,YYEKEE,ASSFTDRGRDEQY,0
GILGFVFTL,DSASNYIRSNVGEAPWDFNKFYSGHTAFQGTGAASSLQGGTGELF,DSASNY,IRSNVGE,APWDFNKFY,SGHTA,FQGTGA,ASSLQGGTGELF,0
RAKFKQLL,NIATNDYGYKTKLVGTYNFNKFYLGHNAYNFKEQASSQEVAAGGGDEQF,NIATNDY,GYKTK,LVGTYNFNKFY,LGHNA,YNFKEQ,ASSQEVAAGGGDEQF,0
RAKFKQLL,YGATPYYFSGDTLVAVDNNNDMRSGHDYFNNNVPASRTSGNEQF,YGATPY,YFSGDTLV,AVDNNNDMR,SGHDY,FNNNVP,ASRTSGNEQF,0
GILGFVFTL,DRGSQSIYSNGDAVTGDDKIIMNHNYSVGAGIASTRQGAYEQY,DRGSQS,IYSNGD,AVTGDDKII,MNHNY,SVGAGI,ASTRQGAYEQY,0
RFPLTFGWCF,DRGSQSIYSNGDAVNRGFGNVLHSGHRSYFSETQASSLGTGDGYT,DRGSQS,IYSNGD,AVNRGFGNVLH,SGHRS,YFSETQ,ASSLGTGDGYT,0
LLWNGPMAV,DRGSQSIYSNGDAVGNYQLISGDLSYYNGEEASSDLAGGTDTQY,DRGSQS,IYSNGD,AVGNYQLI,SGDLS,YYNGEE,ASSDLAGGTDTQY,1
SPRWYFYYL,NIATNDYGYKTKLVNTNAGKSTLGHNAYNFKEQASSQEVGQRLLNTGELF,NIATNDY,GYKTK,LVNTNAGKST,LGHNA,YNFKEQ,ASSQEVGQRLLNTGELF,0
GILGFVFTL,DRGSQSIYSNGDAVSDYKLSSQVTMANQGSEASVGGGGAGVETQY,DRGSQS,IYSNGD,AVSDYKLS,SQVTM,ANQGSEA,SVGGGGAGVETQY,0
KLGGALQAK,SSVSVYYLSGSTLVAVSSDNTGKLILNHDASQIVNDASSIRSNYEQY,SSVSVY,YLSGSTLV,AVSSDNTGKLI,LNHDA,SQIVND,ASSIRSNYEQY,0
IVTDFSVIK,TISGTDYGLTSNILPLAGGTSYGKLTLNHDASQIVNDASSISSINEQF,TISGTDY,GLTSN,ILPLAGGTSYGKLT,LNHDA,SQIVND,ASSISSINEQF,0
GILGFVFTL,DSAIYNIQSSQREAALDSGAGNMLTMNHEYSVGAGIASIAGLRAF,DSAIYN,IQSSQRE,AALDSGAGNMLT,MNHEY,SVGAGI,ASIAGLRAF,0
KLGGALQAK,TSDPSYGQGSYDQQNAMREVFNDYKLSSGHNSFNNNVPASSVVERAF,TSDPSYG,QGSYDQQN,AMREVFNDYKLS,SGHNS,FNNNVP,ASSVVERAF,0
ELAGIGILTV,SIFNTLYKAGELAGQLSGGYQKVTDFQATTSNEGSKASARDQLREDNYGYT,SIFNT,LYKAGEL,AGQLSGGYQKVT,DFQATT,SNEGSKA,SARDQLREDNYGYT,0
CINGVCWTV,DRGSQSIYSNGDAVINYQLISEHNRFQNEAQASSLDRDASYNEQF,DRGSQS,IYSNGD,AVINYQLI,SEHNR,FQNEAQ,ASSLDRDASYNEQF,0
RAKFKQLL,DRGSQSIYSNGDAAGGSGYALNMRHNASNTAGTASSDAVGQGTDTQY,DRGSQS,IYSNGD,AAGGSGYALN,MRHNA,SNTAGT,ASSDAVGQGTDTQY,0
AVFDRKSDAK,YSGSPEHISRAPVMNHNSSASEGTASSEQYTEAF,YSGSPE,HISR,APV,MNHNS,SASEGT,ASSEQYTEAF,0
GILGFVFTL,DSAIYNIQSSQREAVRRSASKIISGHDTYYEEEEASSSAGTDHEQY,DSAIYN,IQSSQRE,AVRRSASKII,SGHDT,YYEEEE,ASSSAGTDHEQY,0
IVTDFSVIK,DRGSQSIYSNGDAVNIRGPFMEYGNKLVLNHDASQIVNDASSMLVANYGYT,DRGSQS,IYSNGD,AVNIRGPFMEYGNKLV,LNHDA,SQIVND,ASSMLVANYGYT,0
VLFGLGFAI,TSGFNGNVLDGLAALINARLMMNHEYSVGEGTASSDGTSGGGEQY,TSGFNG,NVLDGL,AALINARLM,MNHEY,SVGEGT,ASSDGTSGGGEQY,0
GILGFVFTL,DSASNYIRSNVGEAASETSYDKVISGHNSFNNNVPASRPTGDYGYT,DSASNY,IRSNVGE,AASETSYDKVI,SGHNS,FNNNVP,ASRPTGDYGYT,0
GILGFVFTL,TRDTTYYRNSFDEQNALGSVDTGRRALTLNHNVYYDKDFATSKAAGANPTYEQY,TRDTTYY,RNSFDEQN,ALGSVDTGRRALT,LNHNV,YYDKDF,ATSKAAGANPTYEQY,0
NLVPMVATV,TISGNEYGLKNNITGGGADGLTLNHNVYYDKDFATSRDRLGRGKGTEAF,TISGNEY,GLKNN,ITGGGADGLT,LNHNV,YYDKDF,ATSRDRLGRGKGTEAF,0
GILGFVFTL,TRDTTYYRNSFDEQNALRGSLSGGSEKLVSGDLSYYNGEEASGSGQGAWGYT,TRDTTYY,RNSFDEQN,ALRGSLSGGSEKLV,SGDLS,YYNGEE,ASGSGQGAWGYT,0
RAKFKQLL,TSDPSYGQGSYDQQNAMSPEGGGSYIPTSGHKSYYEKEEASSPRRTGYTGELF,TSDPSYG,QGSYDQQN,AMSPEGGGSYIPT,SGHKS,YYEKEE,ASSPRRTGYTGELF,0
GILGFVFTL,DRGSQSIYSNGDALNTGGFKTILGHNAYNFKEQASSQETSGGASQF,DRGSQS,IYSNGD,ALNTGGFKTI,LGHNA,YNFKEQ,ASSQETSGGASQF,0
KLGGALQAK,KALYSLLKGGEQGTPGEYGNKLVLGHDTYNNKELASSYSGGAGELF,KALYS,LLKGGEQ,GTPGEYGNKLV,LGHDT,YNNKEL,ASSYSGGAGELF,0
GILGFVFTL,SSVSVYYLSGSTLVKAPLVMNHEYSMNVEVASREGSYPKNIQY,SSVSVY,YLSGSTLV,KAPLV,MNHEY,SMNVEV,ASREGSYPKNIQY,0
RAKFKQLL,DRGSQSIYSNGDAVGAPTNDYKLSMNHEYSMNVEVASSPGTGAYEQY,DRGSQS,IYSNGD,AVGAPTNDYKLS,MNHEY,SMNVEV,ASSPGTGAYEQY,0
ELAGIGILTV,NSASQSVYSSGVVNGGDSSYKLISQVTMANQGSEASAGQGPYEQY,NSASQS,VYSSG,VVNGGDSSYKLI,SQVTM,ANQGSEA,SAGQGPYEQY,0
ATDALMTGF,DSASNYIRSNVGEAAINTGTASKLTMNHEYSMNVEVASSSPGPREKLF,DSASNY,IRSNVGE,AAINTGTASKLT,MNHEY,SMNVEV,ASSSPGPREKLF,0
AVFDRKSDAK,TSENNYYQEAYKQQNAFMKGAGGTSYGKLTMDHENSYDVKMASSNGDRETQPQH,TSENNYY,QEAYKQQN,AFMKGAGGTSYGKLT,MDHEN,SYDVKM,ASSNGDRETQPQH,0
KLGGALQAK,TTLSNLVKSGEVAGRRGAGKSTSGHDTYYEEEEASSAYAGLAGVRETQY,TTLSN,LVKSGEV,AGRRGAGKST,SGHDT,YYEEEE,ASSAYAGLAGVRETQY,1
IVTDFSVIK,TTLSNLVKSGEVAGPVYDYKLSSGHVSFQNEAQASSLSGTGDYEQY,TTLSN,LVKSGEV,AGPVYDYKLS,SGHVS,FQNEAQ,ASSLSGTGDYEQY,0
RLRAEAQVK,DSSSTYIFSNMDMAEWGNTGRRALTSEHNRFQNEAQASSFIDNEQF,DSSSTY,IFSNMDM,AEWGNTGRRALT,SEHNR,FQNEAQ,ASSFIDNEQF,0
KLGGALQAK,DSAIYNIQSSQREAVNPYSGAGSYQLTSNHLYFYNNEIASSDGPAYEQY,DSAIYN,IQSSQRE,AVNPYSGAGSYQLT,SNHLY,FYNNEI,ASSDGPAYEQY,0
GILGFVFTL,YGGTVNYFSGDPLVAVNAGGEYGNKLVLNHDASQIVNDASISRWAANYGYT,YGGTVN,YFSGDPLV,AVNAGGEYGNKLV,LNHDA,SQIVND,ASISRWAANYGYT,1
ELAGIGILTV,DRGSQSIYSNGDAVGIGFGNVLHMNHEYSMNVEVASSFGQGLSEQF,DRGSQS,IYSNGD,AVGIGFGNVLH,MNHEY,SMNVEV,ASSFGQGLSEQF,1
RAKFKQLL,DSASNYIRSNVGEAARETSYDKVISEHNRFQNEAQASSLVGTKRETQY,DSASNY,IRSNVGE,AARETSYDKVI,SEHNR,FQNEAQ,ASSLVGTKRETQY,1
AVFDRKSDAK,TSGFNGNVLDGLAVRDFPGRRALTDFQATTSNEGSKASARDRSSYNEQF,TSGFNG,NVLDGL,AVRDFPGRRALT,DFQATT,SNEGSKA,SARDRSSYNEQF,1
GLCTLVAML,DSSSTYIFSNMDMAEDNNARLMSNHLYFYNNEIASSPGSTAPGELF,DSSSTY,IFSNMDM,AEDNNARLM,SNHLY,FYNNEI,ASSPGSTAPGELF,1
AVFDRKSDAK,DSSSTYIFSNMDMAEGGNTGKLISGHDTYYEEEEASSWNRDRYNTEAF,DSSSTY,IFSNMDM,AEGGNTGKLI,SGHDT,YYEEEE,ASSWNRDRYNTEAF,1
GPRLGVRAT,VGISALSSGKAVRKFGNEKLTLNHDASHIVNDASSIGLYGYT,VGISA,LSSGK,AVRKFGNEKLT,LNHDA,SHIVND,ASSIGLYGYT,0
NLVPMVATV,TSESDYYQEAYKQQNAYRTPYGGSQGNLIDFQATTSNEGSKASARPRESSNQPQH,TSESDYY,QEAYKQQN,AYRTPYGGSQGNLI,DFQATT,SNEGSKA,SARPRESSNQPQH,0
IVTDFSVIK,NSASDYIRSNMDKAETWNNFNKFYSGHDTYYEEEEASSLGPITGLPYNEQF,NSASDY,IRSNMDK,AETWNNFNKFY,SGHDT,YYEEEE,ASSLGPITGLPYNEQF,0
GILGFVFTL,DSASNYIRSNVGEAAAETSYDKVISEHNRFQNEAQASSLRGIDEQY,DSASNY,IRSNVGE,AAAETSYDKVI,SEHNR,FQNEAQ,ASSLRGIDEQY,0
DATYQRTRALVR,TSDQSYGQGSYDEQNAMRELTSGTYKYILGHDTYNNKELASSQPLGLAEKETQY,TSDQSYG,QGSYDEQN,AMRELTSGTYKYI,LGHDT,YNNKEL,ASSQPLGLAEKETQY,0
RAKFKQLL,NSASDYIRSNMDKAEIDSWGKLQSGHVSFNYEAQASSPRAGKETQY,NSASDY,IRSNMDK,AEIDSWGKLQ,SGHVS,FNYEAQ,ASSPRAGKETQY,0
ATDALMTGF,TSENNYYQEAYKQQNAFMSVDRGSTLGRLYMDHENSYDVKMASSYITDQETQY,TSENNYY,QEAYKQQN,AFMSVDRGSTLGRLY,MDHEN,SYDVKM,ASSYITDQETQY,0
RAKFKQLL,DSAIYNIQSSQREAVRPSGGFKTISGHTAFQGNSAASSPSGQLDSQH,DSAIYN,IQSSQRE,AVRPSGGFKTI,SGHTA,FQGNSA,ASSPSGQLDSQH,0
RAKFKQLL,NSASQSVYSSGVVGDDKIISGDLSYYNGEEASSGGTADTQY,NSASQS,VYSSG,VVGDDKII,SGDLS,YYNGEE,ASSGGTADTQY,0
ELAGIGILTV,DSASNYIRSNVGEATVPSNTGKLILNHDASQIVNDASSMRSGANVLT,DSASNY,IRSNVGE,ATVPSNTGKLI,LNHDA,SQIVND,ASSMRSGANVLT,0
KLGGALQAK,TISGTDYGLTSNILNRDDKIIDFQATTSNEGSKASALYPLAGPGNEQF,TISGTDY,GLTSN,ILNRDDKII,DFQATT,SNEGSKA,SALYPLAGPGNEQF,0
LLWNGPMAV,DRGSQSIYSNGDAVGDDKIIMNHNYSVGAGIASSPQGAYGYT,DRGSQS,IYSNGD,AVGDDKII,MNHNY,SVGAGI,ASSPQGAYGYT,1
CINGVCWTV,SVFSSVVTGGEVAGESNNNDMPLGHNAYSLEERASSQEHLGLVGEQF,SVFSS,VVTGGEV,AGESNNNDMP,LGHNA,YSLEER,ASSQEHLGLVGEQF,0
AVFDRKSDAK,NSASQSVYSSGVVNARNQFYMNHNSSASEGTASSEGQNTYEQY,NSASQS,VYSSG,VVNARNQFY,MNHNS,SASEGT,ASSEGQNTYEQY,0
RAKFKQLL,YGGTVNYFSGDPLVAVNAYPHNYGQNFVMNHEYSMNVEVASSPHFQVDTGELF,YGGTVN,YFSGDPLV,AVNAYPHNYGQNFV,MNHEY,SMNVEV,ASSPHFQVDTGELF,1
IVTDFSVIK,YGATPYYFSGDTLVAVAWGGGADGLTSGHNTYYREEEASSSTGGGEKDQPQH,YGATPY,YFSGDTLV,AVAWGGGADGLT,SGHNT,YYREEE,ASSSTGGGEKDQPQH,0
KLGGALQAK,TSDPSYGQGSYDQQNAMREETDSWGKLQDFQATTSNEGSKASARDRGGENTGELF,TSDPSYG,QGSYDQQN,AMREETDSWGKLQ,DFQATT,SNEGSKA,SARDRGGENTGELF,0
CINGVCWTV,VSGLRGLYSAGEEAVQAGYNTDKLISGHRSYFSETQASSLSWQELYGYT,VSGLRG,LYSAGEE,AVQAGYNTDKLI,SGHRS,YFSETQ,ASSLSWQELYGYT,0
GILGFVFTL,SSNFYAMTLNGDEALSTTDSWGKLQDFQATTSNEGSKASAPRAPSGEENYEQY,SSNFYA,MTLNGDE,ALSTTDSWGKLQ,DFQATT,SNEGSKA,SAPRAPSGEENYEQY,0
AVFDRKSDAK,VSNAYNGSKPAVEEAGANNLFSGDLSYYNGEEARKKTRRISQAF,VSNAYN,GSKP,AVEEAGANNLF,SGDLS,YYNGEE,ARKKTRRISQAF,1
ATDALMTGF,TSENNYYQEAYKQQNAFMLGAGGTSYGKLTSGHVSFNYEAQASSFLTGNTEAF,TSENNYY,QEAYKQQN,AFMLGAGGTSYGKLT,SGHVS,FNYEAQ,ASSFLTGNTEAF,0
KSKRTPMGF,ATGYPSATKADDKALRETSYDKVIMDHENSYDVKMASSLYSATGELF,ATGYPS,ATKADDK,ALRETSYDKVI,MDHEN,SYDVKM,ASSLYSATGELF,0
KLGGALQAK,TISGTDYGLTSNIVMDSNYQLILNHNVYYDKDFATSRDARVTEAF,TISGTDY,GLTSN,IVMDSNYQLI,LNHNV,YYDKDF,ATSRDARVTEAF,1
LLWNGPMAV,VSGNPYYITGDNLVAVNADSWGKLQSGHATFQDESVVTGQGDINEQF,VSGNPY,YITGDNLV,AVNADSWGKLQ,SGHAT,FQDESV,VTGQGDINEQF,0
IVTDFSVIK,DRGSQSIYSNGDAVTSVGNKLTMNHEYSMNVEVASSLSGTNGYT,DRGSQS,IYSNGD,AVTSVGNKLT,MNHEY,SMNVEV,ASSLSGTNGYT,0
AVFDRKSDAK,TSGFYGNALDGLAVRDQEGNTPLVMDHENSYDVKMASMGGSNEQF,TSGFYG,NALDGL,AVRDQEGNTPLV,MDHEN,SYDVKM,ASMGGSNEQF,0
RAKFKQLL,DSAIYNIQSSQREAVDLMKTSYDKVIKGHDRSFDVKDATSATDNTGELF,DSAIYN,IQSSQRE,AVDLMKTSYDKVI,KGHDR,SFDVKD,ATSATDNTGELF,0
IVTDFSVIK,DSAIYNIQSSQREAGRGSARQLTMGHRAYSYEKLASSQDRGQGGSYEQY,DSAIYN,IQSSQRE,AGRGSARQLT,MGHRA,YSYEKL,ASSQDRGQGGSYEQY,0
YLQPRTFLL,TSENNYYQEAYKQQNAFMKGSGGSQGNLISGDLSYYNGEEASSPRREYTYEQY,TSENNYY,QEAYKQQN,AFMKGSGGSQGNLI,SGDLS,YYNGEE,ASSPRREYTYEQY,0
KSKRTPMGF,TSENNYYQEAYKQQNAFMLGAGGTSYGKLTSGHVSFNYEAQASSFLTGNTEAF,TSENNYY,QEAYKQQN,AFMLGAGGTSYGKLT,SGHVS,FNYEAQ,ASSFLTGNTEAF,0
RPPIFIRRL,YSGSPEHISRALRYGNNRLASEHNRFQNEAQASGAGELF,YSGSPE,HISR,ALRYGNNRLA,SEHNR,FQNEAQ,ASGAGELF,0
DATYQRTRALVR,SSNFYAMTLNGDEAFEKLSMDHENSYDVKMASSFQGTSYEQY,SSNFYA,MTLNGDE,AFEKLS,MDHEN,SYDVKM,ASSFQGTSYEQY,0
GLCTLVAML,DRGSQSIYSNGDAVPYSGGGADGLTKGHDRSFDVKDATSDFPPGVRGAPQETQY,DRGSQS,IYSNGD,AVPYSGGGADGLT,KGHDR,SFDVKD,ATSDFPPGVRGAPQETQY,0
KLGGALQAK,DSSSTYIFSNMDMAESTSGGKLIMNHEYSMNVEVASSPEGSYNEQF,DSSSTY,IFSNMDM,AESTSGGKLI,MNHEY,SMNVEV,ASSPEGSYNEQF,0
NLVPMVATV,DRGSQSIYSNGDAVNKGGGSQGNLISGHTSYYEKEEASSLVSLNYGYT,DRGSQS,IYSNGD,AVNKGGGSQGNLI,SGHTS,YYEKEE,ASSLVSLNYGYT,0
KSKRTPMGF,DRGSQSIYSNGDAVNDYKLSLGHNAYSLEERASSPNSAGGTEAF,DRGSQS,IYSNGD,AVNDYKLS,LGHNA,YSLEER,ASSPNSAGGTEAF,0
YLQPRTFLL,TSENNYYQEAYKQQNAFMKLESYMDSNYQLIMNHEYSVGEGTASSYLGDIQFNQPQH,TSENNYY,QEAYKQQN,AFMKLESYMDSNYQLI,MNHEY,SVGEGT,ASSYLGDIQFNQPQH,0
GILGFVFTL,DSASNYIRSNVGEAAMETSYDKVISGHNSFNNNVPASSYTGGLRYGYT,DSASNY,IRSNVGE,AAMETSYDKVI,SGHNS,FNNNVP,ASSYTGGLRYGYT,0
ELAGIGILTV,YSGSPEHISRALRYGNNRLASEHNRFQNEAQASGAGELF,YSGSPE,HISR,ALRYGNNRLA,SEHNR,FQNEAQ,ASGAGELF,0
ELAGIGILTV,DRGSQSIYSNGDAVRGYGGSQGNLIMNHEYSVGEGTASSRMGFYEQY,DRGSQS,IYSNGD,AVRGYGGSQGNLI,MNHEY,SVGEGT,ASSRMGFYEQY,0
NLVPMVATV,TSGFNGNVLDGLALDNYGQNFVSGHATFQNNGVASSLDPGRGQETQY,TSGFNG,NVLDGL,ALDNYGQNFV,SGHAT,FQNNGV,ASSLDPGRGQETQY,0
YLQPRTFLL,VSGNPYYITGDNLVAVRDMLGFNKFYMRHNASNTAGTASSPTGSDTGELF,VSGNPY,YITGDNLV,AVRDMLGFNKFY,MRHNA,SNTAGT,ASSPTGSDTGELF,0
AVFDRKSDAK,DRGSQSIYSNGDAVRGYGGSQGNLIMNHEYSVGEGTASSRMGFYEQY,DRGSQS,IYSNGD,AVRGYGGSQGNLI,MNHEY,SVGEGT,ASSRMGFYEQY,1
ELAGIGILTV,TISGTDYGLTSNIRGGNTPLVPRHDTFYEKMQASSPGLAGTGYEQY,TISGTDY,GLTSN,IRGGNTPLV,PRHDT,FYEKMQ,ASSPGLAGTGYEQY,0
GILGFVFTL,DSSSTYIFSNMDMSTGGGNKLTLNHNVYYDKDFATSIEGNTGELF,DSSSTY,IFSNMDM,STGGGNKLT,LNHNV,YYDKDF,ATSIEGNTGELF,0
RAKFKQLL,DSASNYIRSNVGEAASYGSGGYNKLIMDHENSYDVKMASSSLTGSSGELF,DSASNY,IRSNVGE,AASYGSGGYNKLI,MDHEN,SYDVKM,ASSSLTGSSGELF,0
ATDALMTGF,DSAIYNIQSSQREAVGGRTSYDKVIMNHEYSMNVEVASSFSQATEAF,DSAIYN,IQSSQRE,AVGGRTSYDKVI,MNHEY,SMNVEV,ASSFSQATEAF,0
KLGGALQAK,DSAIYNIQSSQREAGGNTNAGKSTSEHNRFQNEAQASSIFGQGNYGYT,DSAIYN,IQSSQRE,AGGNTNAGKST,SEHNR,FQNEAQ,ASSIFGQGNYGYT,0
AVFDRKSDAK,TISGTDYGLTSNILNRDDKIIDFQATTSNEGSKASALYPLAGPGNEQF,TISGTDY,GLTSN,ILNRDDKII,DFQATT,SNEGSKA,SALYPLAGPGNEQF,0
KLGGALQAK,NSASDYIRSNMDKADSGGGADGLTSEHNRFQNEAQASSLDTQY,NSASDY,IRSNMDK,ADSGGGADGLT,SEHNR,FQNEAQ,ASSLDTQY,0
GILGFVFTL,TSENNYYQEAYKQQNAFMKGAGGTSYGKLTLNHDASQIVNDASSPRSNQPQH,TSENNYY,QEAYKQQN,AFMKGAGGTSYGKLT,LNHDA,SQIVND,ASSPRSNQPQH,1
ATDALMTGF,TSESDYYQEAYKQQNAYFSLYGGSQGNLISGDLSYYNGEEASRSHDSSTDTQY,TSESDYY,QEAYKQQN,AYFSLYGGSQGNLI,SGDLS,YYNGEE,ASRSHDSSTDTQY,1
CINGVCWTV,NIATNDYGYKTKLVGEAGGFKTISGHTAFQGTGAASSLTVSLSPDLNEQF,NIATNDY,GYKTK,LVGEAGGFKTI,SGHTA,FQGTGA,ASSLTVSLSPDLNEQF,1
RAKFKQLL,DRGSQSIYSNGDAVNWEEQGGSYIPTSGHATFQNNGVASNPTGVGDEKLF,DRGSQS,IYSNGD,AVNWEEQGGSYIPT,SGHAT,FQNNGV,ASNPTGVGDEKLF,0
ELAGIGILTV,VSGNPYYITGDNLVAVAKDLQNSGGGADGLTLNHNVYYDKDFATSYEDNSGANVLT,VSGNPY,YITGDNLV,AVAKDLQNSGGGADGLT,LNHNV,YYDKDF,ATSYEDNSGANVLT,0
FEDLRLLSF,SIFNTLYKAGELAGLETSGTYKYISGHNTYYREEEASSYKPGQRDYT,SIFNT,LYKAGEL,AGLETSGTYKYI,SGHNT,YYREEE,ASSYKPGQRDYT,0
RAKFKQLL,TSENNYYQEAYKQQNAFMKLESYMDSNYQLIMNHEYSVGEGTASSYLGDIQFNQPQH,TSENNYY,QEAYKQQN,AFMKLESYMDSNYQLI,MNHEY,SVGEGT,ASSYLGDIQFNQPQH,0
LLWNGPMAV,TSDQSYGQGSYDEQNAMRELTSGTYKYILGHDTYNNKELASSQPLGLAEKETQY,TSDQSYG,QGSYDEQN,AMRELTSGTYKYI,LGHDT,YNNKEL,ASSQPLGLAEKETQY,0
KLGGALQAK,KALYSLLKGGEQGTGRGGSYIPTLNHDASQIVNDASREGHLEGQPQH,KALYS,LLKGGEQ,GTGRGGSYIPT,LNHDA,SQIVND,ASREGHLEGQPQH,0
SPRWYFYYL,KALYSLLKGGEQGLRDNFNKFYDFQATTSNEGSKASARAGIREGFYNEQF,KALYS,LLKGGEQ,GLRDNFNKFY,DFQATT,SNEGSKA,SARAGIREGFYNEQF,1
KLGGALQAK,TSINNIRSNEREATAKYNAGGTSYGKLTLNHDASQIVNDASSIGSHGYT,TSINN,IRSNERE,ATAKYNAGGTSYGKLT,LNHDA,SQIVND,ASSIGSHGYT,0
ELAGIGILTV,DSSSTYIFSNMDMAESLWDDKIISGHDYFNNNVPASRPSGGAETQY,DSSSTY,IFSNMDM,AESLWDDKII,SGHDY,FNNNVP,ASRPSGGAETQY,0
GILGFVFTL,DRGSQSIYSNGDAVGGGGADGLTMDHENSYDVKMASSYGEFGNQPQH,DRGSQS,IYSNGD,AVGGGGADGLT,MDHEN,SYDVKM,ASSYGEFGNQPQH,0
GILGFVFTL,TRDTTYYRNSFDEQNALSLKYNFNKFYSGHNSFNNNVPASSLARTEDNYEQY,TRDTTYY,RNSFDEQN,ALSLKYNFNKFY,SGHNS,FNNNVP,ASSLARTEDNYEQY,0
YLQPRTFLL,TSGFNGNVLDGLADANNDMRDFQATTSNEGSKASARDRTDSYNSPLH,TSGFNG,NVLDGL,ADANNDMR,DFQATT,SNEGSKA,SARDRTDSYNSPLH,0
GILGFVFTL,TSENNYYQEAYKQQNAFAYNNNDMRMNHGYSAAAGDRGPSNQPQH,TSENNYY,QEAYKQQN,AFAYNNNDMR,MNHGY,SAAAG,DRGPSNQPQH,0
GILGFVFTL,TISGNEYGLKNNIVRVNAGNMLTGTSNPNSVGIGAWSGRAGVSNEQF,TISGNEY,GLKNN,IVRVNAGNMLT,GTSNPN,SVGIG,AWSGRAGVSNEQF,0
NLVPMVATV,TRDTTYYRNSFDEQNALSETLTSGTYKYISGDLSYYNGEEASSVEVGTGDNEQF,TRDTTYY,RNSFDEQN,ALSETLTSGTYKYI,SGDLS,YYNGEE,ASSVEVGTGDNEQF,1
AVFDRKSDAK,DSASNYIRSNVGEAASRDGQNFVSGHATFQNNGVASSLDPGRGQETQY,DSASNY,IRSNVGE,AASRDGQNFV,SGHAT,FQNNGV,ASSLDPGRGQETQY,0
FEDLRLLSF,TRDTTYYRNSFDEQNALSGDDYKLSSGDLSYYNGEEASSVASGRAHEQY,TRDTTYY,RNSFDEQN,ALSGDDYKLS,SGDLS,YYNGEE,ASSVASGRAHEQY,0
LLWNGPMAV,TSGFNGNVLDGLASMDSNYQLIDFQATTSNEGSKASLRTGEGSPLH,TSGFNG,NVLDGL,ASMDSNYQLI,DFQATT,SNEGSKA,SLRTGEGSPLH,0
AVFDRKSDAK,NSMFDYISSIKDKAAVPIQGAQKLVSGHDYFNNNVPASGTWGARQPQH,NSMFDY,ISSIKDK,AAVPIQGAQKLV,SGHDY,FNNNVP,ASGTWGARQPQH,0
GILGFVFTL,DSASNYIRSNVGEAASETSYDKVIDFQATTSNEGSKASARALPVGNTIY,DSASNY,IRSNVGE,AASETSYDKVI,DFQATT,SNEGSKA,SARALPVGNTIY,0
GILGFVFTL,TISGTDYGLTSNIVMDSNYQLILNHNVYYDKDFATSRDARVTEAF,TISGTDY,GLTSN,IVMDSNYQLI,LNHNV,YYDKDF,ATSRDARVTEAF,0
IVTDFSVIK,VSGNPYYITGDNLVAVNADSWGKLQSGHATFQDESVVTGQGDINEQF,VSGNPY,YITGDNLV,AVNADSWGKLQ,SGHAT,FQDESV,VTGQGDINEQF,0
KLGGALQAK,VSGNPYYITGDNLVAVRDREKAAGNKLTMNHNSSASEGTASSEFGNEQF,VSGNPY,YITGDNLV,AVRDREKAAGNKLT,MNHNS,SASEGT,ASSEFGNEQF,1
AVFDRKSDAK,NIATNDYGYKTKLVVEGNRDDKIISGHNSFNNNVPASREWGGSVNEQF,NIATNDY,GYKTK,LVVEGNRDDKII,SGHNS,FNNNVP,ASREWGGSVNEQF,0
AVFDRKSDAK,NSASDYIRSNMDKADSGGGADGLTSGHRSYFSETQASSQQGQPQETQY,NSASDY,IRSNMDK,ADSGGGADGLT,SGHRS,YFSETQ,ASSQQGQPQETQY,0
RFPLTFGWCF,VSGNPYYITGDNLVAVRDNQAGTALISGDLSYYNGEEASSAGSGSGYNEQF,VSGNPY,YITGDNLV,AVRDNQAGTALI,SGDLS,YYNGEE,ASSAGSGSGYNEQF,0
CTELKLSDY,TSGFNGNVLDGLAVRDSNYQLIMRHNASNTAGTASSDSPGVGYNEQF,TSGFNG,NVLDGL,AVRDSNYQLI,MRHNA,SNTAGT,ASSDSPGVGYNEQF,1
AVFDRKSDAK,NSASDYIRSNMDKAENLGDSSYKLISGHDYFNNNVPASRPSGGAETQY,NSASDY,IRSNMDK,AENLGDSSYKLI,SGHDY,FNNNVP,ASRPSGGAETQY,0
ELAGIGILTV,VSPFSNMTFSENTVGYTNAGKSTKGHSHLQKENIASSPPGGGNTGELF,VSPFSN,MTFSENT,VGYTNAGKST,KGHSH,LQKENI,ASSPPGGGNTGELF,0
RAKFKQLL,TSGFNGNVLDGLAGSWGKLQSGHVSFQNEAQASSQRPGQGTEGKLF,TSGFNG,NVLDGL,AGSWGKLQ,SGHVS,FQNEAQ,ASSQRPGQGTEGKLF,0
NLVPMVATV,VTNFRSLTSSGIEAVEDYGQNFVDFQATTSNEGSKASARDRNTQGPETQY,VTNFRS,LTSSGIE,AVEDYGQNFV,DFQATT,SNEGSKA,SARDRNTQGPETQY,1
AVFDRKSDAK,DSSSTYIFSNMDMADHGGATNKLIMGHRAYSYEKLASSTGAGVNEQY,DSSSTY,IFSNMDM,ADHGGATNKLI,MGHRA,YSYEKL,ASSTGAGVNEQY,1
GLCTLVAML,VSGLRGLYSAGEEAVPPKANNLFSGHNSFNNNVPASTPGRSDTGELF,VSGLRG,LYSAGEE,AVPPKANNLF,SGHNS,FNNNVP,ASTPGRSDTGELF,0
RAKFKQLL,DSASNYIRSNVGEAASETSYDKVIKGHSHLQKENIASSPPGGGNTGELF,DSASNY,IRSNVGE,AASETSYDKVI,KGHSH,LQKENI,ASSPPGGGNTGELF,1
RAKFKQLL,SSYSPSYTSAATLVAVFADGQKLLMNHNSSASEGTASVGLAVVGELF,SSYSPS,YTSAATLV,AVFADGQKLL,MNHNS,SASEGT,ASVGLAVVGELF,0
GILGFVFTL,NSASQSVYSSGVVNIPFNPGKLIMGHRAYSYEKLASSLLWAEYNEQF,NSASQS,VYSSG,VVNIPFNPGKLI,MGHRA,YSYEKL,ASSLLWAEYNEQF,0
KLGGALQAK,DSASNYIRSNVGEAAFDFNKFYSGHTAFQGTGAASSSRGGQETQY,DSASNY,IRSNVGE,AAFDFNKFY,SGHTA,FQGTGA,ASSSRGGQETQY,0
AVFDRKSDAK,TSDQSYGQGSYDEQNAMRELTSGTYKYILGHDTYNNKELASSQPLGLAEKETQY,TSDQSYG,QGSYDEQN,AMRELTSGTYKYI,LGHDT,YNNKEL,ASSQPLGLAEKETQY,0
RPPIFIRRL,NSASDYIRSNMDKAENIGGFKTIMNHNSSASEGTASTLRDYEQY,NSASDY,IRSNMDK,AENIGGFKTI,MNHNS,SASEGT,ASTLRDYEQY,1
KLGGALQAK,DSVNNIPSGTAGSPSNTGKLISGHTAFQGNSAASSPRDRERGEQY,DSVNN,IPSGT,AGSPSNTGKLI,SGHTA,FQGNSA,ASSPRDRERGEQY,0
GLCTLVAML,TSGFYGNALDGLAVIEDTGKLISEHNRFQNEAQASSLVLGRETEAF,TSGFYG,NALDGL,AVIEDTGKLI,SEHNR,FQNEAQ,ASSLVLGRETEAF,0
GILGFVFTL,DSAIYNIQSSQREAVVYPLTHGSSNTGKLISEHNRFQNEAQASSLEGQLNEQF,DSAIYN,IQSSQRE,AVVYPLTHGSSNTGKLI,SEHNR,FQNEAQ,ASSLEGQLNEQF,0
AVFDRKSDAK,NIATNDYGYKTKLVGDRSDGQKLLENHRYSYGVKDAINTGDSNQPQH,NIATNDY,GYKTK,LVGDRSDGQKLL,ENHRY,SYGVKD,AINTGDSNQPQH,1
VLFGLGFAI,TRDTTYYRNSFDEQNALSGDTGNQFYKGHSHLQKENIASSPSQGGNTDTQY,TRDTTYY,RNSFDEQN,ALSGDTGNQFY,KGHSH,LQKENI,ASSPSQGGNTDTQY,0
SPRWYFYYL,TSGFNGNVLDGLAVNEGDYKLSDFQATTSNEGSKASARHLSGIEQF,TSGFNG,NVLDGL,AVNEGDYKLS,DFQATT,SNEGSKA,SARHLSGIEQF,0
GLCTLVAML,NTAFDYIRPDVSEAAHSGNTPLVMNHEYSMNVEVASSQTETSYEQY,NTAFDY,IRPDVSE,AAHSGNTPLV,MNHEY,SMNVEV,ASSQTETSYEQY,0
RAKFKQLL,TSGFNGNVLDGLAVRGLGGSQGNLISGHTSYDEGEEASSLVGEQF,TSGFNG,NVLDGL,AVRGLGGSQGNLI,SGHTS,YDEGEE,ASSLVGEQF,0
KLGGALQAK,STGYPTETMENLLRRSGHDYFNNNVPASSSPRGAGNTIY,STGYPT,ETMEN,LLRR,SGHDY,FNNNVP,ASSSPRGAGNTIY,1
IVTDFSVIK,NSASQSVYSSGVVNMAGGGNKLTMGHDKSYGVNSASSGKDSFYEQY,NSASQS,VYSSG,VVNMAGGGNKLT,MGHDK,SYGVNS,ASSGKDSFYEQY,1
GILGFVFTL,SVFSSVVTGGEVAGDGGGGSQGNLILNHDASQIVNDASSFGSTDTQY,SVFSS,VVTGGEV,AGDGGGGSQGNLI,LNHDA,SQIVND,ASSFGSTDTQY,1
RAKFKQLL,SSVSVYYLSGSTLVAVNNNKLIMNHNSSASEGTASSDSPNSNQPQH,SSVSVY,YLSGSTLV,AVNNNKLI,MNHNS,SASEGT,ASSDSPNSNQPQH,0
IVTDFSVIK,YGGTVNYFSGDPLVAVNEITGGFKTIMNHEYSVGEGTASSYSWTGGFYEQY,YGGTVN,YFSGDPLV,AVNEITGGFKTI,MNHEY,SVGEGT,ASSYSWTGGFYEQY,0
CTELKLSDY,TSGFNGNVLDGLAVYSGGYQKVTSGDLSYYNGEEASSVDLGGETQY,TSGFNG,NVLDGL,AVYSGGYQKVT,SGDLS,YYNGEE,ASSVDLGGETQY,0
HPVTKYIM,YSGSPEHISRALVTFTGGGNKLTSGHNTYYREEEASSSTGGGEKDQPQH,YSGSPE,HISR,ALVTFTGGGNKLT,SGHNT,YYREEE,ASSSTGGGEKDQPQH,0
SPRWYFYYL,DSAIYNIQSSQREAVVGSDYKLSMNHEYSMNVEVASSSGTPLNGYT,DSAIYN,IQSSQRE,AVVGSDYKLS,MNHEY,SMNVEV,ASSSGTPLNGYT,0
RAKFKQLL,KALYSLLKGGEQGTDKGGGSQGNLIENHRYSYGVKDAISEDIAGDYQETQY,KALYS,LLKGGEQ,GTDKGGGSQGNLI,ENHRY,SYGVKD,AISEDIAGDYQETQY,0
GLCTLVAML,SIFNTLYKAGELAGPTLINNYGQNFVSQVTMANQGSEASASAGTGGAGGTYEQY,SIFNT,LYKAGEL,AGPTLINNYGQNFV,SQVTM,ANQGSEA,SASAGTGGAGGTYEQY,0
GLCTLVAML,DSSSTYIFSNMDMAENRCSTLTSGDLSYYNGEEASSVAGGDEQF,DSSSTY,IFSNMDM,AENRCSTLT,SGDLS,YYNGEE,ASSVAGGDEQF,1
CINGVCWTV,TRDTTYYRNSFDEQNALSNAKTSYDKVIDFQATTSNEGSKASARPGQFYSNQPQH,TRDTTYY,RNSFDEQN,ALSNAKTSYDKVI,DFQATT,SNEGSKA,SARPGQFYSNQPQH,0
GILGFVFTL,TSGFNGNVLDGLAVRDRWSGGYQKVTMNHEYSMNVEVASSFGQGSSPLH,TSGFNG,NVLDGL,AVRDRWSGGYQKVT,MNHEY,SMNVEV,ASSFGQGSSPLH,0
KLGGALQAK,DSASNYIRSNVGEAASETSYDKVISEHNRFQNEAQASSPVTGGGSGANVLT,DSASNY,IRSNVGE,AASETSYDKVI,SEHNR,FQNEAQ,ASSPVTGGGSGANVLT,0
KLGGALQAK,DSAIYNIQSSQREAHGGDARLMSGHVSFQNEAQASSLGTGFSNQPQH,DSAIYN,IQSSQRE,AHGGDARLM,SGHVS,FQNEAQ,ASSLGTGFSNQPQH,0
RAKFKQLL,DSAIYNIQSSQREAVTTQGGSEKLVMNHEYSMNVEVASSLSTGVLFEQY,DSAIYN,IQSSQRE,AVTTQGGSEKLV,MNHEY,SMNVEV,ASSLSTGVLFEQY,0
RPPIFIRRL,VSGNPYYITGDNLVAVRDMLGFNKFYMRHNASNTAGTASSPTGSDTGELF,VSGNPY,YITGDNLV,AVRDMLGFNKFY,MRHNA,SNTAGT,ASSPTGSDTGELF,0
FEDLRVLSF,DSVNNIPSGTAGSPSNTGKLILNHDASQIVNDASSIHSGNQPQH,DSVNN,IPSGT,AGSPSNTGKLI,LNHDA,SQIVND,ASSIHSGNQPQH,0
KLGGALQAK,TSENNYYQEAYKQQNAFMNDRKTSYDKVISGHTSYDEGEEASSLEVGPSNQPQH,TSENNYY,QEAYKQQN,AFMNDRKTSYDKVI,SGHTS,YDEGEE,ASSLEVGPSNQPQH,1
RFPLTFGWCF,KTLYGLQKGGEEGAGRVDDMRSGHATFQNNGVASSWGGGSHYGYT,KTLYG,LQKGGEE,GAGRVDDMR,SGHAT,FQNNGV,ASSWGGGSHYGYT,0
ATDALMTGF,DRGSQSIYSNGDAVLGFGNVLHSGHNSFNNNVPASSPTGF,DRGSQS,IYSNGD,AVLGFGNVLH,SGHNS,FNNNVP,ASSPTGF,0
RAKFKQLL,TISGTDYGLTSNILNRDDKIIDFQATTSNEGSKASALYPLAGPGNEQF,TISGTDY,GLTSN,ILNRDDKII,DFQATT,SNEGSKA,SALYPLAGPGNEQF,0
GLCTLVAML,DRGSQSIYSNGDAVPLTGGGNKLTSGHATFQNNGVASSLGVAGTNTGELF,DRGSQS,IYSNGD,AVPLTGGGNKLT,SGHAT,FQNNGV,ASSLGVAGTNTGELF,1
IVTDFSVIK,DRGSQSIYSNGDASVGMDSSYKLISGHNSFNNNVPASSFSGNTGELF,DRGSQS,IYSNGD,ASVGMDSSYKLI,SGHNS,FNNNVP,ASSFSGNTGELF,0
CINGVCWTV,NIATNDYGYKTKLVGDGAGYSTLTLNHDASQIVNDASSVALGNQETQY,NIATNDY,GYKTK,LVGDGAGYSTLT,LNHDA,SQIVND,ASSVALGNQETQY,0
KLGGALQAK,DSVNNIPSGTAVEPLYGNKLVKGHDRSFDVKDATSDRLAGGELF,DSVNN,IPSGT,AVEPLYGNKLV,KGHDR,SFDVKD,ATSDRLAGGELF,1
RLPGVLPRA,DSASNYIRSNVGEAAMETSYDKVIKGHSHLQKENIASSPRKDSTGELF,DSASNY,IRSNVGE,AAMETSYDKVI,KGHSH,LQKENI,ASSPRKDSTGELF,0
KLGGALQAK,DSASNYIRSNVGEAASETSYDKVIPRHDTFYEKMQASSLMRGGTYNSPLH,DSASNY,IRSNVGE,AASETSYDKVI,PRHDT,FYEKMQ,ASSLMRGGTYNSPLH,0
CINGVCWTV,NIATNDYGYKTKLVGGTGTASKLTMNHNSSASEGTASRETGGVWETQY,NIATNDY,GYKTK,LVGGTGTASKLT,MNHNS,SASEGT,ASRETGGVWETQY,1
KLGGALQAK,TSGFNGNVLDGLAVMDSSYKLIMRHNASNTAGTASSAGTSPTDTQY,TSGFNG,NVLDGL,AVMDSSYKLI,MRHNA,SNTAGT,ASSAGTSPTDTQY,0
FEDLRLLSF,KALYSLLKGGEQGTERRPSNTGKLILNHDASQIVNDASSIPDGTQY,KALYS,LLKGGEQ,GTERRPSNTGKLI,LNHDA,SQIVND,ASSIPDGTQY,1
AVFDRKSDAK,TSINNIRSNEREATDGSSGGSNYKLTLNHDASQIVNDASSIGLYGYT,TSINN,IRSNERE,ATDGSSGGSNYKLT,LNHDA,SQIVND,ASSIGLYGYT,0
RAKFKQLL,TSGFNGNVLDGLAVSDSNYQLILGHDTYNNKELASSQELEVYNEQF,TSGFNG,NVLDGL,AVSDSNYQLI,LGHDT,YNNKEL,ASSQELEVYNEQF,1
LLWNGPMAV,YGGTVNYFSGDPLVAVTGGFKTISGHATFQNNGVASSLYNEQF,YGGTVN,YFSGDPLV,AVTGGFKTI,SGHAT,FQNNGV,ASSLYNEQF,0
GILGFVFTL,DRGSQSIYSNGDAVPVQTSYDKVISGHDYFNNNVPASSSAYYGYT,DRGSQS,IYSNGD,AVPVQTSYDKVI,SGHDY,FNNNVP,ASSSAYYGYT,0
AVFDRKSDAK,YGGTVNYFSGDPLVAVIGEGGKLTMDHENSYDVKMASSLLVSGVSSTDTQY,YGGTVN,YFSGDPLV,AVIGEGGKLT,MDHEN,SYDVKM,ASSLLVSGVSSTDTQY,0
KLGGALQAK,VGISALSSGKAVSAWYRGSNYQLISGHDNFVKESKASRRGVDGYT,VGISA,LSSGK,AVSAWYRGSNYQLI,SGHDN,FVKESK,ASRRGVDGYT,0
CINGVCWTV,SSVPPYYTSAATLVAVSDFKAAGNKLTSGHNSFNNNVPASSLTGLAGGRGQETQY,SSVPPY,YTSAATLV,AVSDFKAAGNKLT,SGHNS,FNNNVP,ASSLTGLAGGRGQETQY,0
KLGGALQAK,SSYSPSYTSAATLVVVTSYGGATNKLIMNHNSSASEGTASSLPGLAIPYEQY,SSYSPS,YTSAATLV,VVTSYGGATNKLI,MNHNS,SASEGT,ASSLPGLAIPYEQY,0
KSKRTPMGF,DRGSQSIYSNGDAVGGSARQLTSNHLYFYNNEIASSEGQTGNTIY,DRGSQS,IYSNGD,AVGGSARQLT,SNHLY,FYNNEI,ASSEGQTGNTIY,0
KLGGALQAK,TSGFYGNALDGLAVRDGDRDDKIIMNHEYSVGEGTASSYLGQGDAYGYT,TSGFYG,NALDGL,AVRDGDRDDKII,MNHEY,SVGEGT,ASSYLGQGDAYGYT,1
LLWNGPMAV,TRDTTYYRNSFDEQNALSGGDSNYQLIKGHSHLQKENIASSPMGSNEQY,TRDTTYY,RNSFDEQN,ALSGGDSNYQLI,KGHSH,LQKENI,ASSPMGSNEQY,0
ELAGIGILTV,YGGTVNYFSGDPLVAVNAYPHNYGQNFVMNHEYSMNVEVASSPHFQVDTGELF,YGGTVN,YFSGDPLV,AVNAYPHNYGQNFV,MNHEY,SMNVEV,ASSPHFQVDTGELF,0
GPRLGVRAT,TSGFNGNVLDGLAVNEGDYKLSDFQATTSNEGSKASARHLSGIEQF,TSGFNG,NVLDGL,AVNEGDYKLS,DFQATT,SNEGSKA,SARHLSGIEQF,0
KLGGALQAK,DSASNYIRSNVGEAASRDQKVTSGHNSFNNNVPASRGIGGASEAF,DSASNY,IRSNVGE,AASRDQKVT,SGHNS,FNNNVP,ASRGIGGASEAF,1
AVFDRKSDAK,DSAIYNIQSSQREAALDSGAGNMLTMNHEYSVGAGIASIAGLRAF,DSAIYN,IQSSQRE,AALDSGAGNMLT,MNHEY,SVGAGI,ASIAGLRAF,0
ELAGIGILTV,VSPFSNMTFSENTVVSQSNAGNNRKLIMNHNSSASEGTASSEPEGNYGYT,VSPFSN,MTFSENT,VVSQSNAGNNRKLI,MNHNS,SASEGT,ASSEPEGNYGYT,0
SPRWYFYYL,NIATNDYGYKTKLVGDGSGYSTLTLNHDASQIVNDASSPALGDQETQY,NIATNDY,GYKTK,LVGDGSGYSTLT,LNHDA,SQIVND,ASSPALGDQETQY,0
NLVPMVATV,NSASQSVYSSGVVNGEDDMRSGHNTYYREEEASIRDHNTGELF,NSASQS,VYSSG,VVNGEDDMR,SGHNT,YYREEE,ASIRDHNTGELF,0
FEDLRVLSF,NSASDYIRSNMDKAENRGTALILGHNAYNFKEQASSQRPSEVGELF,NSASDY,IRSNMDK,AENRGTALI,LGHNA,YNFKEQ,ASSQRPSEVGELF,0
GILGFVFTL,YGGTVNYFSGDPLVAVNEITGGFKTIMNHEYSVGEGTASSYSWTGGFYEQY,YGGTVN,YFSGDPLV,AVNEITGGFKTI,MNHEY,SVGEGT,ASSYSWTGGFYEQY,0
RAKFKQLL,DRGSQSIYSNGDAVKWEYGNKLVMNHEYSMNVEVASSLIANEKLF,DRGSQS,IYSNGD,AVKWEYGNKLV,MNHEY,SMNVEV,ASSLIANEKLF,0
KLGGALQAK,TSGFNGNVLDGLAVRAGGGNKLTDFQATTSNEGSKASARDLGGPNTGELF,TSGFNG,NVLDGL,AVRAGGGNKLT,DFQATT,SNEGSKA,SARDLGGPNTGELF,0
GILGFVFTL,DSAIYNIQSSQREAVRMDSNYQLISGHNSFNNNVPASSLGDRAGGYT,DSAIYN,IQSSQRE,AVRMDSNYQLI,SGHNS,FNNNVP,ASSLGDRAGGYT,0
RLPGVLPRA,TSENNYYQEAYKQQNAFLQGGSEKLVMDHENSYDVKMASSLFGLAGVEETQY,TSENNYY,QEAYKQQN,AFLQGGSEKLV,MDHEN,SYDVKM,ASSLFGLAGVEETQY,1
GILGFVFTL,TSGFNGNVLDGLAVRDFPGRRALTDFQATTSNEGSKASARDRSSYNEQF,TSGFNG,NVLDGL,AVRDFPGRRALT,DFQATT,SNEGSKA,SARDRSSYNEQF,0
RLRAEAQVK,SVFSSVVTGGEVAGGYQKVTMNHEYSVGEGTASAALAAYNEQF,SVFSS,VVTGGEV,AGGYQKVT,MNHEY,SVGEGT,ASAALAAYNEQF,0
GILGFVFTL,KALYSLLKGGEQGTVKGFGNVLHDFQATTSNEGSKASAPARSEPYEQY,KALYS,LLKGGEQ,GTVKGFGNVLH,DFQATT,SNEGSKA,SAPARSEPYEQY,0
GILGFVFTL,TSENNYYQEAYKQQNAFMPPYNTDKLISGHNSFNNNVPASSFSGNTGELF,TSENNYY,QEAYKQQN,AFMPPYNTDKLI,SGHNS,FNNNVP,ASSFSGNTGELF,0
AVFDRKSDAK,NSASQSVYSSGVVNVGYGGSQGNLIMNHNSSASEGTASSGNGQDLQPQH,NSASQS,VYSSG,VVNVGYGGSQGNLI,MNHNS,SASEGT,ASSGNGQDLQPQH,0
YLQPRTFLL,TSINNIRSNEREAPEIQGAQKLVMNHNYSVGAGIASENRNTGELF,TSINN,IRSNERE,APEIQGAQKLV,MNHNY,SVGAGI,ASENRNTGELF,1
AVFDRKSDAK,YGATPYYFSGDTLVVLEGDSNYQLILGHDTYNNKELASSQDRLVPRF,YGATPY,YFSGDTLV,VLEGDSNYQLI,LGHDT,YNNKEL,ASSQDRLVPRF,0
SPRWYFYYL,DRGSQSIYSNGDAVKGGGADGLTLGHNAYSLEERASSQVEGLETQY,DRGSQS,IYSNGD,AVKGGGADGLT,LGHNA,YSLEER,ASSQVEGLETQY,0
KLGGALQAK,DRGSQSIYSNGDAVIQARLMLGHDTYNNKELASSQDTSGLYNEQF,DRGSQS,IYSNGD,AVIQARLM,LGHDT,YNNKEL,ASSQDTSGLYNEQF,0
KLGGALQAK,NSASDYIRSNMDKAENMGGGSQGNLILNHDASQIVNDASSIRAGETQY,NSASDY,IRSNMDK,AENMGGGSQGNLI,LNHDA,SQIVND,ASSIRAGETQY,0
KLGGALQAK,YGATPYYFSGDTLVAVVGRTGRRALTLNHDASQIVNDASSIRSSYEQY,YGATPY,YFSGDTLV,AVVGRTGRRALT,LNHDA,SQIVND,ASSIRSSYEQY,0
KLGGALQAK,TTLSNLVKSGEVAAPRNNNARLMMNHEYSMNVEVASKALVGTAEAKNIQY,TTLSN,LVKSGEV,AAPRNNNARLM,MNHEY,SMNVEV,ASKALVGTAEAKNIQY,0
KLGGALQAK,DSASNYIRSNVGEAASYGEGGSYIPTLNHDASQIVNDASSLPWGPDNEQF,DSASNY,IRSNVGE,AASYGEGGSYIPT,LNHDA,SQIVND,ASSLPWGPDNEQF,1
GILGFVFTL,DRGSQSIYSNGDAVSGYSTLTMNHEYSVGAGIASSAQGAYGYT,DRGSQS,IYSNGD,AVSGYSTLT,MNHEY,SVGAGI,ASSAQGAYGYT,0
KLGGALQAK,SIFNTLYKAGELAGRPEVDSQGNLILNHDASQIVNDASSIFSVSNEQY,SIFNT,LYKAGEL,AGRPEVDSQGNLI,LNHDA,SQIVND,ASSIFSVSNEQY,0
GILGFVFTL,DSASNYIRSNVGEAASETSYDKVIDFQATTSNEGSKASAEQAYEQY,DSASNY,IRSNVGE,AASETSYDKVI,DFQATT,SNEGSKA,SAEQAYEQY,0
KSKRTPMGF,NSASDYIRSNMDKAENGGGGADGLTSGHDTYYEEEEASSFEGLNTGELF,NSASDY,IRSNMDK,AENGGGGADGLT,SGHDT,YYEEEE,ASSFEGLNTGELF,0
GILGFVFTL,TSGFNGNVLDGLAVLDSNYQLISGHDYFNNNVPASSPSSSYEQY,TSGFNG,NVLDGL,AVLDSNYQLI,SGHDY,FNNNVP,ASSPSSSYEQY,0
IVTDFSVIK,VSPFSNMTFSENTVVSGNNNARLMLGHNAYNFKEQASSQETGYNEQF,VSPFSN,MTFSENT,VVSGNNNARLM,LGHNA,YNFKEQ,ASSQETGYNEQF,1
AVFDRKSDAK,SIFNTLYKAGELAGHTGNQFYENHRYSYGVKDAISDPGLAGGGGEQF,SIFNT,LYKAGEL,AGHTGNQFY,ENHRY,SYGVKD,AISDPGLAGGGGEQF,0
GILGFVFTL,DRGSQSIYSNGDAANGGNDMRENHRYSYGVKDAISESATVSYGYT,DRGSQS,IYSNGD,AANGGNDMR,ENHRY,SYGVKD,AISESATVSYGYT,0
ATDALMTGF,DSASNYIRSNVGEAAKEGYSTLTMGHRAYSYEKLASSLLWAEYNEQF,DSASNY,IRSNVGE,AAKEGYSTLT,MGHRA,YSYEKL,ASSLLWAEYNEQF,0
RPPIFIRRL,VSNAYNGSKPAVEDSYNQGGKLIPRHDTFYEKMQASSPSGQGAGGYT,VSNAYN,GSKP,AVEDSYNQGGKLI,PRHDT,FYEKMQ,ASSPSGQGAGGYT,0
GILGFVFTL,TTLSNLVKSGEVAVWGSQGNLILNHDASQIVNDASSSRSGNEQF,TTLSN,LVKSGEV,AVWGSQGNLI,LNHDA,SQIVND,ASSSRSGNEQF,1
VLFGLGFAI,SSVSVYYLSGSTLVKAPLVMNHEYSMNVEVASREGSYPKNIQY,SSVSVY,YLSGSTLV,KAPLV,MNHEY,SMNVEV,ASREGSYPKNIQY,1
GILGFVFTL,YGATPYYFSGDTLVAVGLNNNAGNMLTLGHNAYSLEERASSQAYDARYEQF,YGATPY,YFSGDTLV,AVGLNNNAGNMLT,LGHNA,YSLEER,ASSQAYDARYEQF,0
RAKFKQLL,SSVPPYYTSAATLVAVSAGDYKLSKGHDRSFDVKDATSDSVAGNQPQH,SSVPPY,YTSAATLV,AVSAGDYKLS,KGHDR,SFDVKD,ATSDSVAGNQPQH,0
LLWNGPMAV,NSASQSVYSSGVVGDDKIISGDLSYYNGEEASSGGTADTQY,NSASQS,VYSSG,VVGDDKII,SGDLS,YYNGEE,ASSGGTADTQY,1
GILGFVFTL,DSAIYNIQSSQREAVPNTNAGKSTLNHDASHIVNDASSSRSGNEKLF,DSAIYN,IQSSQRE,AVPNTNAGKST,LNHDA,SHIVND,ASSSRSGNEKLF,1
KLGGALQAK,DSAIYNIQSSQREAVTTQGGSEKLVMNHEYSMNVEVASSLSTGVLFEQY,DSAIYN,IQSSQRE,AVTTQGGSEKLV,MNHEY,SMNVEV,ASSLSTGVLFEQY,1
CTELKLSDY,VSGNPYYITGDNLVAVRNNNARLMSGHDYFNNNVPASSIVNEAF,VSGNPY,YITGDNLV,AVRNNNARLM,SGHDY,FNNNVP,ASSIVNEAF,0
RAKFKQLL,NIATNDYGYKTKLVNTNAGKSTLGHNAYNFKEQASSQEVGQRLLNTGELF,NIATNDY,GYKTK,LVNTNAGKST,LGHNA,YNFKEQ,ASSQEVGQRLLNTGELF,0
AVFDRKSDAK,VSGNPYYITGDNLVAVYGQKLLSGHTAFQGTGAASSLYDSTDTQY,VSGNPY,YITGDNLV,AVYGQKLL,SGHTA,FQGTGA,ASSLYDSTDTQY,1
NLVPMVATV,DSVNNIPSGTAVDHLMNYGGSQGNLILNHDASQIVNDASSTYSQDTQY,DSVNN,IPSGT,AVDHLMNYGGSQGNLI,LNHDA,SQIVND,ASSTYSQDTQY,0
AVFDRKSDAK,VSGNPYYITGDNLVAVRDGTGANNLFLNHDASQIVNDASTTVQGGYT,VSGNPY,YITGDNLV,AVRDGTGANNLF,LNHDA,SQIVND,ASTTVQGGYT,0
GILGFVFTL,TRDTTYYRNSFDEQNALSGSGGATNKLISGHTAFQGNSAASAHPRASGSTDTQY,TRDTTYY,RNSFDEQN,ALSGSGGATNKLI,SGHTA,FQGNSA,ASAHPRASGSTDTQY,1
RAKFKQLL,TISGTDYGLTSNILGWGKLQMNHEYSMNVEVASSLDRVTGELF,TISGTDY,GLTSN,ILGWGKLQ,MNHEY,SMNVEV,ASSLDRVTGELF,0
AVFDRKSDAK,SSVPPYYTSAATLVAVTFTGNTPLVLNHDASQIVNDASSTRSQETQY,SSVPPY,YTSAATLV,AVTFTGNTPLV,LNHDA,SQIVND,ASSTRSQETQY,0
RAKFKQLL,DSSSTYIFSNMDMAEGGNTGKLISGHDTYYEEEEASSWNRDRYNTEAF,DSSSTY,IFSNMDM,AEGGNTGKLI,SGHDT,YYEEEE,ASSWNRDRYNTEAF,0
GILGFVFTL,DRGSQSIYSNGDAVTDSWGKLQLNHDASQIVNDASSPGLAGSPYEQY,DRGSQS,IYSNGD,AVTDSWGKLQ,LNHDA,SQIVND,ASSPGLAGSPYEQY,0
CINGVCWTV,NIATNDYGYKTKLVNPDDYKLSGTSNPNSVGIGAWSVAGTNTEAF,NIATNDY,GYKTK,LVNPDDYKLS,GTSNPN,SVGIG,AWSVAGTNTEAF,1
GILGFVFTL,VSGNPYYITGDNLVAVRLHNYGQNFVMNHEYSMNVEVASSSTGEQY,VSGNPY,YITGDNLV,AVRLHNYGQNFV,MNHEY,SMNVEV,ASSSTGEQY,0
NLVPMVATV,DRGSQSIYSNGDAVKGGGADGLTLGHNAYSLEERASSQVEGLETQY,DRGSQS,IYSNGD,AVKGGGADGLT,LGHNA,YSLEER,ASSQVEGLETQY,0
AVFDRKSDAK,NSASDYIRSNMDKADSGGGADGLTSGHATFQNNGVASSLGVAGTNTGELF,NSASDY,IRSNMDK,ADSGGGADGLT,SGHAT,FQNNGV,ASSLGVAGTNTGELF,0
CINGVCWTV,KALYSLLKGGEQGLRDNFNKFYDFQATTSNEGSKASARAGIREGFYNEQF,KALYS,LLKGGEQ,GLRDNFNKFY,DFQATT,SNEGSKA,SARAGIREGFYNEQF,0
SPRWYFYYL,TISGTDYGLTSNILRDTSGNTPLVSNHLYFYNNEIASSEMTGELYEQY,TISGTDY,GLTSN,ILRDTSGNTPLV,SNHLY,FYNNEI,ASSEMTGELYEQY,0
CINGVCWTV,TSGFNGNVLDGLAVRFRNNNARLMMDHENSYDVKMASMAGTPYEQY,TSGFNG,NVLDGL,AVRFRNNNARLM,MDHEN,SYDVKM,ASMAGTPYEQY,1
CINGVCWTV,SIFNTLYKAGELAGPTLINNYGQNFVSQVTMANQGSEASASAGTGGAGGTYEQY,SIFNT,LYKAGEL,AGPTLINNYGQNFV,SQVTM,ANQGSEA,SASAGTGGAGGTYEQY,0
AVFDRKSDAK,NSASDYIRSNMDKAETPSTDSWGKSQLNHDASQIVNDASSMQTSGSAYNEQF,NSASDY,IRSNMDK,AETPSTDSWGKSQ,LNHDA,SQIVND,ASSMQTSGSAYNEQF,0
GILGFVFTL,TRDTTYYRNSFDEQNALKMNAGGTSYGKLTLGHNAYSLEERASSRADLSHEQF,TRDTTYY,RNSFDEQN,ALKMNAGGTSYGKLT,LGHNA,YSLEER,ASSRADLSHEQF,0
AVFDRKSDAK,DRGSQSIYSNGDAVNKITGGGNKLTMDHENSYDVKMASKIQGSPEAF,DRGSQS,IYSNGD,AVNKITGGGNKLT,MDHEN,SYDVKM,ASKIQGSPEAF,0
GILGFVFTL,DSAIYNIQSSQREAVGGRTSYDKVIMNHEYSMNVEVASSFSQATEAF,DSAIYN,IQSSQRE,AVGGRTSYDKVI,MNHEY,SMNVEV,ASSFSQATEAF,0
NLVPMVATV,DRGSQSIYSNGDAVGGSARQLTSNHLYFYNNEIASSEGQTGNTIY,DRGSQS,IYSNGD,AVGGSARQLT,SNHLY,FYNNEI,ASSEGQTGNTIY,0
GILGFVFTL,DSSSTYIFSNMDMAESEGPTYTDKLISGHKSYYEKEEASSGPGGVDEQY,DSSSTY,IFSNMDM,AESEGPTYTDKLI,SGHKS,YYEKEE,ASSGPGGVDEQY,0
CTELKLSDY,TRDTTYYRNSFDEQNALSEDSSASKIIMDHENSYDVKMASEPGQGPGGWSYEQY,TRDTTYY,RNSFDEQN,ALSEDSSASKII,MDHEN,SYDVKM,ASEPGQGPGGWSYEQY,0
AVFDRKSDAK,KALYSLLKGGEQGTENSGGSNYKLTSNHLYFYNNEIATETGSPL,KALYS,LLKGGEQ,GTENSGGSNYKLT,SNHLY,FYNNEI,ATETGSPL,1
ELAGIGILTV,TSGFNGNVLDGLAAMDSNYQLIMDHENSYDVKMASSLYSATGELF,TSGFNG,NVLDGL,AAMDSNYQLI,MDHEN,SYDVKM,ASSLYSATGELF,0
AVFDRKSDAK,DSSSTYIFSNMDMAETRRVTGGGNKLTMNHEYSVGAGIASSPGDTQY,DSSSTY,IFSNMDM,AETRRVTGGGNKLT,MNHEY,SVGAGI,ASSPGDTQY,1
IVTDFSVIK,DSVNNIPSGTAALMDSSYKLIMGHDKSYGVNSASRQGSSYEQY,DSVNN,IPSGT,AALMDSSYKLI,MGHDK,SYGVNS,ASRQGSSYEQY,1
CINGVCWTV,DSSSTYIFSNMDMAEMEGGSYIPTLGHNAYNFKEQASSQEWLAVSTDTQY,DSSSTY,IFSNMDM,AEMEGGSYIPT,LGHNA,YNFKEQ,ASSQEWLAVSTDTQY,0
SPRWYFYYL,SVFSSVVTGGEVAGDDQGGKLILNHDASHIVNDASSIRSSYEQY,SVFSS,VVTGGEV,AGDDQGGKLI,LNHDA,SHIVND,ASSIRSSYEQY,0
RAKFKQLL,SSVPPYYTSAATLVAVTSDPNQGGKLILNHDASQIVNDASSIRSSYEQY,SSVPPY,YTSAATLV,AVTSDPNQGGKLI,LNHDA,SQIVND,ASSIRSSYEQY,0
KLGGALQAK,DRGSQSIYSNGDAVNRGFGNVLHSGHRSYFSETQASSLGTGDGYT,DRGSQS,IYSNGD,AVNRGFGNVLH,SGHRS,YFSETQ,ASSLGTGDGYT,0
KLGGALQAK,DSSSTYIFSNMDMAETRRVTGGGNKLTMNHEYSVGAGIASSPGDTQY,DSSSTY,IFSNMDM,AETRRVTGGGNKLT,MNHEY,SVGAGI,ASSPGDTQY,0
SPRWYFYYL,DSAIYNIQSSQREAVGGRTSYDKVIMNHEYSMNVEVASSFSQATEAF,DSAIYN,IQSSQRE,AVGGRTSYDKVI,MNHEY,SMNVEV,ASSFSQATEAF,0
KLGGALQAK,SIFNTLYKAGELAGGGDGGSQGNLILNHDASQIVNDASSHRSGQPQH,SIFNT,LYKAGEL,AGGGDGGSQGNLI,LNHDA,SQIVND,ASSHRSGQPQH,0
AVFDRKSDAK,DSAIYNIQSSQREAVGGRTSYDKVIMNHEYSMNVEVASSFSQATEAF,DSAIYN,IQSSQRE,AVGGRTSYDKVI,MNHEY,SMNVEV,ASSFSQATEAF,0
YLQPRTFLL,DRGSQSIYSNGDAVTGDDKIIMNHNYSVGAGIASTRQGAYEQY,DRGSQS,IYSNGD,AVTGDDKII,MNHNY,SVGAGI,ASTRQGAYEQY,0
IVTDFSVIK,SIFNTLYKAGELAGHTGNQFYSGHVSFNYEAQASSRGPNYEQY,SIFNT,LYKAGEL,AGHTGNQFY,SGHVS,FNYEAQ,ASSRGPNYEQY,1
GLCTLVAML,DRGSQSIYSNGDAVPGGGGSQGNLILNHDASQIVNDASSMRSTNEQF,DRGSQS,IYSNGD,AVPGGGGSQGNLI,LNHDA,SQIVND,ASSMRSTNEQF,0
KLGGALQAK,DSVNNIPSGTAVTPPPSYDKVISGHDYFNNNVPASSSVSGYT,DSVNN,IPSGT,AVTPPPSYDKVI,SGHDY,FNNNVP,ASSSVSGYT,0
NLVPMVATV,TSGFYGNALDGLAVIEDTGKLISEHNRFQNEAQASSLVLGRETEAF,TSGFYG,NALDGL,AVIEDTGKLI,SEHNR,FQNEAQ,ASSLVLGRETEAF,0
NLVPMVATV,YGGTVNYFSGDPLVAVIPGSNYQLILNHDASQIVNDASSDRSNTEAF,YGGTVN,YFSGDPLV,AVIPGSNYQLI,LNHDA,SQIVND,ASSDRSNTEAF,0
GILGFVFTL,TSGFNGNVLDGLAVRADSGAGSYQLTDFQATTSNEGSKASARDRVGNTIY,TSGFNG,NVLDGL,AVRADSGAGSYQLT,DFQATT,SNEGSKA,SARDRVGNTIY,0
AVFDRKSDAK,NSAFQYTYSSGNAMSGGLNTGNQFYSGHRSYFSETQASSLAGEQF,NSAFQY,TYSSGN,AMSGGLNTGNQFY,SGHRS,YFSETQ,ASSLAGEQF,0
KLGGALQAK,VSGNPYYITGDNLVAVRDIGEYGNKLVLNHDASQIVNDASGGLVHEQF,VSGNPY,YITGDNLV,AVRDIGEYGNKLV,LNHDA,SQIVND,ASGGLVHEQF,0
ELAGIGILTV,TSENNYYQEAYKQQNALLPGSGTASKLTSGHVSFQNEAQASSYGTGDLSYNEQF,TSENNYY,QEAYKQQN,ALLPGSGTASKLT,SGHVS,FQNEAQ,ASSYGTGDLSYNEQF,0
GILGFVFTL,YGGTVNYFSGDPLVAVNEDNFNKFYMGHRAYSYEKLASSLGGTNEQF,YGGTVN,YFSGDPLV,AVNEDNFNKFY,MGHRA,YSYEKL,ASSLGGTNEQF,0
RLRAEAQVK,DRGSQSIYSNGDAVTVSNDYKLSSGDLSYYNGEEASSDASGSIGEQF,DRGSQS,IYSNGD,AVTVSNDYKLS,SGDLS,YYNGEE,ASSDASGSIGEQF,0
LLWNGPMAV,TSINNIRSNEREARSRNKQGGIFFMNHEYSMNVEVASSLMGQGINQPQH,TSINN,IRSNERE,ARSRNKQGGIFF,MNHEY,SMNVEV,ASSLMGQGINQPQH,0
DATYQRTRALVR,DRGSQSIYSNGDAVRGYGGSQGNLIMNHEYSVGEGTASSRMGFYEQY,DRGSQS,IYSNGD,AVRGYGGSQGNLI,MNHEY,SVGEGT,ASSRMGFYEQY,0
AVFDRKSDAK,TSINNIRSNEREATDAPGGYQKVTKGHSHLQKENIASSPWTGTLNTEAF,TSINN,IRSNERE,ATDAPGGYQKVT,KGHSH,LQKENI,ASSPWTGTLNTEAF,0
HPVTKYIM,DSVNNIPSGTAVDHLMNYGGSQGNLILNHDASQIVNDASSTYSQDTQY,DSVNN,IPSGT,AVDHLMNYGGSQGNLI,LNHDA,SQIVND,ASSTYSQDTQY,0
KLGGALQAK,TSGFNGNVLDGLAVKDSNYQLIMNHEYSVGEGTASSYQEGTGGETQY,TSGFNG,NVLDGL,AVKDSNYQLI,MNHEY,SVGEGT,ASSYQEGTGGETQY,0
IVTDFSVIK,TRDTTYYRNSFDEQNALSDAYNFNKFYPRHDTFYEKMQASSDDRVRYGYT,TRDTTYY,RNSFDEQN,ALSDAYNFNKFY,PRHDT,FYEKMQ,ASSDDRVRYGYT,0
GILGFVFTL,NSASQSVYSSGVGGLNTPLVMNHNSSASEGTASSDSGQIYEQY,NSASQS,VYSSG,VGGLNTPLV,MNHNS,SASEGT,ASSDSGQIYEQY,0
RAKFKQLL,VSPFSNMTFSENTVLASGGSYIPTSGHNSFNNNVPASLAGVRTDTQY,VSPFSN,MTFSENT,VLASGGSYIPT,SGHNS,FNNNVP,ASLAGVRTDTQY,0
DATYQRTRALVR,DRGSQSIYSNGDAVNSGNQFYFGMNHEYSMNVEVASRPTGMGQPQHFG,DRGSQS,IYSNGD,AVNSGNQFYFG,MNHEY,SMNVEV,ASRPTGMGQPQHFG,0
AVFDRKSDAK,TISGTDYGLTSNILNYGGSQGNLIDFQATTSNEGSKASASEGMGYNEQF,TISGTDY,GLTSN,ILNYGGSQGNLI,DFQATT,SNEGSKA,SASEGMGYNEQF,0
AVFDRKSDAK,TRDTTYYRNSFDEQNALSVHLPNAGNNRKLILGHNAYNFKEQASSFIGSAGANVLT,TRDTTYY,RNSFDEQN,ALSVHLPNAGNNRKLI,LGHNA,YNFKEQ,ASSFIGSAGANVLT,0
ELAGIGILTV,SIFNTLYKAGELAGGGYGGSQGNLILNHDASQIVNDASSIRSDTEAF,SIFNT,LYKAGEL,AGGGYGGSQGNLI,LNHDA,SQIVND,ASSIRSDTEAF,0
KLGGALQAK,TSINNIRSNEREATDAGARQGGSEKLVMNHEYSMNVEVASSFLAGQETQY,TSINN,IRSNERE,ATDAGARQGGSEKLV,MNHEY,SMNVEV,ASSFLAGQETQY,0
KLGGALQAK,DSASNYIRSNVGEAATETSYDKVISGHNTYYREEEASKRQGSLSYEQY,DSASNY,IRSNVGE,AATETSYDKVI,SGHNT,YYREEE,ASKRQGSLSYEQY,0
AVFDRKSDAK,DSASNYIRSNVGEAAGETSYDKVIKGHSHLQKENIASSPWPDGGSNYGYT,DSASNY,IRSNVGE,AAGETSYDKVI,KGHSH,LQKENI,ASSPWPDGGSNYGYT,0
RAKFKQLL,NSASQSVYSSGVVNTGNQFYLGHDTYNNKELASSQTSSGHQETQY,NSASQS,VYSSG,VVNTGNQFY,LGHDT,YNNKEL,ASSQTSSGHQETQY,0
KLGGALQAK,DRGSQSIYSNGDAVNWEEQGGSYIPTKGHDRSFDVKDATSDRLAGGELF,DRGSQS,IYSNGD,AVNWEEQGGSYIPT,KGHDR,SFDVKD,ATSDRLAGGELF,1
NLVPMVATV,DSAIYNIQSSQREATYLCAAGDDKIISGHVSFQNEAQASSLQNTGELF,DSAIYN,IQSSQRE,ATYLCAAGDDKII,SGHVS,FQNEAQ,ASSLQNTGELF,0
AVFDRKSDAK,DRGSQSIYSNGDAAGFMNYGGSQGNLILNHDASQIVNDASSLTSVYNEQF,DRGSQS,IYSNGD,AAGFMNYGGSQGNLI,LNHDA,SQIVND,ASSLTSVYNEQF,0
NLVPMVATV,YGGTVNYFSGDPLVAVNAQGGGSTLGRLYLNHDASQIVNDASSIHGLETQY,YGGTVN,YFSGDPLV,AVNAQGGGSTLGRLY,LNHDA,SQIVND,ASSIHGLETQY,0
GILGFVFTL,TSGFNGNVLDGLAVIQAGNMLTLNHNVYYDKDFATSSLNPGTEAF,TSGFNG,NVLDGL,AVIQAGNMLT,LNHNV,YYDKDF,ATSSLNPGTEAF,0
GILGFVFTL,DSSSTYIFSNMDMAEDKDARLMDFQATTSNEGSKASARDRIGNTIY,DSSSTY,IFSNMDM,AEDKDARLM,DFQATT,SNEGSKA,SARDRIGNTIY,0
IVTDFSVIK,ATGYPSATKADDKALRETSYDKVIMDHENSYDVKMASSLYSATGELF,ATGYPS,ATKADDK,ALRETSYDKVI,MDHEN,SYDVKM,ASSLYSATGELF,0
GLCTLVAML,TRDTTYYRNSFDEQNALSVVDRGSTLGRLYLGHNAYNFKEQASSPPIGTSAQDTQY,TRDTTYY,RNSFDEQN,ALSVVDRGSTLGRLY,LGHNA,YNFKEQ,ASSPPIGTSAQDTQY,0
ELAGIGILTV,TSGFNGNVLDGLAVIQAGNMLTLNHNVYYDKDFATSSLNPGTEAF,TSGFNG,NVLDGL,AVIQAGNMLT,LNHNV,YYDKDF,ATSSLNPGTEAF,0
RAKFKQLL,SIFNTLYKAGELAGGGDGGSQGNLILNHDASQIVNDASSHRSGQPQH,SIFNT,LYKAGEL,AGGGDGGSQGNLI,LNHDA,SQIVND,ASSHRSGQPQH,0
IVTDFSVIK,DRGSQSIYSNGDAASGGTYKYISGDLSYYNGEEASSSGRLTNTEAF,DRGSQS,IYSNGD,AASGGTYKYI,SGDLS,YYNGEE,ASSSGRLTNTEAF,0
LLWNGPMAV,TRDTTYYRNSFDEQNALSNAKTSYDKVIDFQATTSNEGSKASARPGQFYSNQPQH,TRDTTYY,RNSFDEQN,ALSNAKTSYDKVI,DFQATT,SNEGSKA,SARPGQFYSNQPQH,0
RAKFKQLL,DSSSTYIFSNMDMAERASNNDMRSGHTAFQGNSAASSPPGLVGGELF,DSSSTY,IFSNMDM,AERASNNDMR,SGHTA,FQGNSA,ASSPPGLVGGELF,0
GILGFVFTL,VSGLRGLYSAGEEAVPDNYGQNFVMNHNYSVGAGIASTTGVNTIY,VSGLRG,LYSAGEE,AVPDNYGQNFV,MNHNY,SVGAGI,ASTTGVNTIY,1
KLGGALQAK,NSASDYIRSNMDKAENETGANNLFLGHDTYNNKELASSPGVNQPQH,NSASDY,IRSNMDK,AENETGANNLF,LGHDT,YNNKEL,ASSPGVNQPQH,1
RAKFKQLL,KALYSLLKGGEQGTSGAGSYQLTLNHDASQIVNDASSQRSTDTQY,KALYS,LLKGGEQ,GTSGAGSYQLT,LNHDA,SQIVND,ASSQRSTDTQY,0
AVFDRKSDAK,YGGTVNYFSGDPLVAANSGGSYIPTSGHVSFQNEAQASSDSAGELF,YGGTVN,YFSGDPLV,AANSGGSYIPT,SGHVS,FQNEAQ,ASSDSAGELF,0
AVFDRKSDAK,TRDTTYYRNSFDEQNALSEAQYGGATNKLIMNHEYSVGAGIATSPNRAYEQY,TRDTTYY,RNSFDEQN,ALSEAQYGGATNKLI,MNHEY,SVGAGI,ATSPNRAYEQY,1
IVTDFSVIK,TISGNEYGLKNNIVRVAVKTSYDKVISEHNRFQNEAQASISLISTKGRKDTQY,TISGNEY,GLKNN,IVRVAVKTSYDKVI,SEHNR,FQNEAQ,ASISLISTKGRKDTQY,0
AVFDRKSDAK,NIATNDYGYKTKLVGDMRSGAGSYQLTLGHNAYNFKEQASSPPGRTEAF,NIATNDY,GYKTK,LVGDMRSGAGSYQLT,LGHNA,YNFKEQ,ASSPPGRTEAF,1
GILGFVFTL,YGGTVNYFSGDPLVAVIAMNRDDKIIMNHEYSVGEGTASRPGPATSADYTDTQY,YGGTVN,YFSGDPLV,AVIAMNRDDKII,MNHEY,SVGEGT,ASRPGPATSADYTDTQY,0
GILGFVFTL,SIFNTLYKAGELAGPTLINNYGQNFVSQVTMANQGSEASASAGTGGAGGTYEQY,SIFNT,LYKAGEL,AGPTLINNYGQNFV,SQVTM,ANQGSEA,SASAGTGGAGGTYEQY,0
ELAGIGILTV,TSGFNGNVLDGLAVRGLGGSQGNLISGHTSYDEGEEASSLVGEQF,TSGFNG,NVLDGL,AVRGLGGSQGNLI,SGHTS,YDEGEE,ASSLVGEQF,0
DATYQRTRALVR,NIATNDYGYKTKLVGASNTGNQFYLGHDTYNNKELASSQEAGAWGEQY,NIATNDY,GYKTK,LVGASNTGNQFY,LGHDT,YNNKEL,ASSQEAGAWGEQY,0
ELAGIGILTV,NSASDYIRSNMDKADSGGGADGLTSGHDNFVKESKASSQEGYTEAF,NSASDY,IRSNMDK,ADSGGGADGLT,SGHDN,FVKESK,ASSQEGYTEAF,0
AVFDRKSDAK,DSASNYIRSNVGEAASEEYGNKLVLGHNAYNFKEQASSQRPSEVGELF,DSASNY,IRSNVGE,AASEEYGNKLV,LGHNA,YNFKEQ,ASSQRPSEVGELF,0
GILGFVFTL,DRGSQSIYSNGDAANDYKLSDFQATTSNEGSKASATGNRGADTQY,DRGSQS,IYSNGD,AANDYKLS,DFQATT,SNEGSKA,SATGNRGADTQY,0
CTELKLSDY,DRGSQSIYSNGDAVTVSNDYKLSSGDLSYYNGEEASSDASGSIGEQF,DRGSQS,IYSNGD,AVTVSNDYKLS,SGDLS,YYNGEE,ASSDASGSIGEQF,0
AVFDRKSDAK,YGATPYYFSGDTLVAVGDNFNKFYSEHNRFQNEAQASSPVTGGGSGANVLT,YGATPY,YFSGDTLV,AVGDNFNKFY,SEHNR,FQNEAQ,ASSPVTGGGSGANVLT,1
GILGFVFTL,NSASDYIRSNMDKADSGGGADGLTSEHNRFQNEAQASSSRDGGTDTQY,NSASDY,IRSNMDK,ADSGGGADGLT,SEHNR,FQNEAQ,ASSSRDGGTDTQY,0
CINGVCWTV,TSGFNGNVLDGLAVKDSNYQLIMNHEYSVGEGTASSYQEGTGGETQY,TSGFNG,NVLDGL,AVKDSNYQLI,MNHEY,SVGEGT,ASSYQEGTGGETQY,0
ELAGIGILTV,DSASNYIRSNVGEAAMETSYDKVIKGHSHLQKENIASSPRKDSTGELF,DSASNY,IRSNVGE,AAMETSYDKVI,KGHSH,LQKENI,ASSPRKDSTGELF,0
RAKFKQLL,DSSSTYIFSNMDMAEMAGANNLFLNHDASQIVNDASSAWEGAEAF,DSSSTY,IFSNMDM,AEMAGANNLF,LNHDA,SQIVND,ASSAWEGAEAF,0
AVFDRKSDAK,NSASQSVYSSGVVNQAGTALILNHDASQIVNDASSTRSSYEQY,NSASQS,VYSSG,VVNQAGTALI,LNHDA,SQIVND,ASSTRSSYEQY,0
GILGFVFTL,DSASNYIRSNVGEAATASRAGTALISGHRSYFSETQASSLEGQGGTDTQY,DSASNY,IRSNVGE,AATASRAGTALI,SGHRS,YFSETQ,ASSLEGQGGTDTQY,0
SPRWYFYYL,DSVNNIPSGTAVDHLMNYGGSQGNLILNHDASQIVNDASSTYSQDTQY,DSVNN,IPSGT,AVDHLMNYGGSQGNLI,LNHDA,SQIVND,ASSTYSQDTQY,0
LLWNGPMAV,DSAIYNIQSSQREAVDLMKTSYDKVILNHDASQIVNDASSITWTGNMNTEAF,DSAIYN,IQSSQRE,AVDLMKTSYDKVI,LNHDA,SQIVND,ASSITWTGNMNTEAF,0
RAKFKQLL,NSASQSVYSSGVARYNFNKFYGTSNPNSVGIGAWSVLGGNTEAF,NSASQS,VYSSG,VARYNFNKFY,GTSNPN,SVGIG,AWSVLGGNTEAF,0
ELAGIGILTV,VGISALSSGKAVSASGTYKYISGHDTYYEEEEASSLRDGSEAF,VGISA,LSSGK,AVSASGTYKYI,SGHDT,YYEEEE,ASSLRDGSEAF,0
AVFDRKSDAK,TISGTDYGLTSNILPLAGGTSYGKLTLNHDASQIVNDASSISSINEQF,TISGTDY,GLTSN,ILPLAGGTSYGKLT,LNHDA,SQIVND,ASSISSINEQF,0
RAKFKQLL,DSAIYNIQSSQREAVRNQGGSEKLVLNHDASQIVNDASSARSSYEQY,DSAIYN,IQSSQRE,AVRNQGGSEKLV,LNHDA,SQIVND,ASSARSSYEQY,0
IVTDFSVIK,DRGSQSIYSNGDAVEAGGTSYGKLTDFQATTSNEGSKASASDVGLNQPQH,DRGSQS,IYSNGD,AVEAGGTSYGKLT,DFQATT,SNEGSKA,SASDVGLNQPQH,1
ELAGIGILTV,NSASDYIRSNMDKAETHSGGSNYKLTDFQATTSNEGSKASARDLGTSKQYEQY,NSASDY,IRSNMDK,AETHSGGSNYKLT,DFQATT,SNEGSKA,SARDLGTSKQYEQY,0
CTELKLSDY,VGISALSSGKAASLWNTDKLIMNHEYSMNVEVASSLISTSVYNEQF,VGISA,LSSGK,AASLWNTDKLI,MNHEY,SMNVEV,ASSLISTSVYNEQF,0
NLVPMVATV,DRGSQSIYSNGDAVKKSNFGNEKLTDFQATTSNEGSKASAGLQVNTEAF,DRGSQS,IYSNGD,AVKKSNFGNEKLT,DFQATT,SNEGSKA,SAGLQVNTEAF,0
IVTDFSVIK,TSGFNGNVLDGLAVRGLGGSQGNLISGHTSYDEGEEASSLVGEQF,TSGFNG,NVLDGL,AVRGLGGSQGNLI,SGHTS,YDEGEE,ASSLVGEQF,0
GILGFVFTL,SVFSSVVTGGEVAGDDQGGKLILNHDASHIVNDASSIRSSYEQY,SVFSS,VVTGGEV,AGDDQGGKLI,LNHDA,SHIVND,ASSIRSSYEQY,1
AVFDRKSDAK,TRDTTYYRNSFDEQNALLANAGGTSYGKLTSGHKSYYEKEEASSLDGYSGANVLT,TRDTTYY,RNSFDEQN,ALLANAGGTSYGKLT,SGHKS,YYEKEE,ASSLDGYSGANVLT,1
GILGFVFTL,SIFNTLYKAGELAGQSSDFAYGGSQGNLILNHDASQIVNDASSMVAALGEQF,SIFNT,LYKAGEL,AGQSSDFAYGGSQGNLI,LNHDA,SQIVND,ASSMVAALGEQF,1
RAKFKQLL,VSGNPYYITGDNLVAVRDLNARLMDFQATTSNEGSKASAREEGTQAWETQY,VSGNPY,YITGDNLV,AVRDLNARLM,DFQATT,SNEGSKA,SAREEGTQAWETQY,0
CINGVCWTV,DRGSQSIYSNGDAVTARLMMGHRAYSYEKLASRAEDSGVHEQF,DRGSQS,IYSNGD,AVTARLM,MGHRA,YSYEKL,ASRAEDSGVHEQF,0
RAKFKQLL,TSINNIRSNEREATASYNTDKLISGDLSYYNGEEASSVAPTGDTDTQY,TSINN,IRSNERE,ATASYNTDKLI,SGDLS,YYNGEE,ASSVAPTGDTDTQY,0
DATYQRTRALVR,DRGSQSIYSNGDASVGMDSSYKLISGHNSFNNNVPASSFSGNTGELF,DRGSQS,IYSNGD,ASVGMDSSYKLI,SGHNS,FNNNVP,ASSFSGNTGELF,0
ATDALMTGF,DSAIYNIQSSQREAVRPSGGFKTISGHTAFQGNSAASSPSGQLDSQH,DSAIYN,IQSSQRE,AVRPSGGFKTI,SGHTA,FQGNSA,ASSPSGQLDSQH,1
AVFDRKSDAK,TTLSNLVKSGEVAAPRNNNARLMMNHEYSMNVEVASKALVGTAEAKNIQY,TTLSN,LVKSGEV,AAPRNNNARLM,MNHEY,SMNVEV,ASKALVGTAEAKNIQY,0
ELAGIGILTV,DRGSQSIYSNGDAVSFGNEKLTFGMDHENSYDVKMAEGQGFVGQPQHFG,DRGSQS,IYSNGD,AVSFGNEKLTFG,MDHEN,SYDVKM,AEGQGFVGQPQHFG,1
CINGVCWTV,YGGTVNYFSGDPLVAVNRNAGNMLTLNHDASQIVNDASSIRSSYEQY,YGGTVN,YFSGDPLV,AVNRNAGNMLT,LNHDA,SQIVND,ASSIRSSYEQY,0
LLWNGPMAV,NIATNDYGYKTKLVGDGAGYSTLTLNHDASQIVNDASSVALGNQETQY,NIATNDY,GYKTK,LVGDGAGYSTLT,LNHDA,SQIVND,ASSVALGNQETQY,0
KLGGALQAK,SSNFYAMTLNGDEALSTTDSWGKLQDFQATTSNEGSKASAPRAPSGEENYEQY,SSNFYA,MTLNGDE,ALSTTDSWGKLQ,DFQATT,SNEGSKA,SAPRAPSGEENYEQY,1
LLWNGPMAV,DSASNYIRSNVGEAAKEGYSTLTSGDLSYYNGEEASSEGDRVTEAF,DSASNY,IRSNVGE,AAKEGYSTLT,SGDLS,YYNGEE,ASSEGDRVTEAF,0
GILGFVFTL,YGGTVNYFSGDPLVAVNAGGGSQGNLILNHDASQIVNDASSPRSTDTQY,YGGTVN,YFSGDPLV,AVNAGGGSQGNLI,LNHDA,SQIVND,ASSPRSTDTQY,1
RAKFKQLL,TTLSNLVKSGEVAVTYGGSQGNLILNHDASQIVNDASSIRSTGEL,TTLSN,LVKSGEV,AVTYGGSQGNLI,LNHDA,SQIVND,ASSIRSTGEL,0
GLCTLVAML,DRGSQSIYSNGDAVNNNAGNMLTFGSEHNRFQNEAQASSLAQGWGAFFG,DRGSQS,IYSNGD,AVNNNAGNMLTFG,SEHNR,FQNEAQ,ASSLAQGWGAFFG,0
ELAGIGILTV,DRGSQSIYSNGDAVGGNNRLASNHLYFYNNEIASSEDFSGNTIY,DRGSQS,IYSNGD,AVGGNNRLA,SNHLY,FYNNEI,ASSEDFSGNTIY,1
KLGGALQAK,DSASNYIRSNVGEAAARMDSSYKLISQVTMANQGSEASAGGNTEAF,DSASNY,IRSNVGE,AAARMDSSYKLI,SQVTM,ANQGSEA,SAGGNTEAF,0
GILGFVFTL,SIFNTLYKAGELAGHTGNQFYSGHNTYYREEEASSSTGGGEKDQPQH,SIFNT,LYKAGEL,AGHTGNQFY,SGHNT,YYREEE,ASSSTGGGEKDQPQH,0
ELAGIGILTV,DRGSQSIYSNGDSSSDSGHDNFVKESKASSHAGLG,DRGSQS,IYSNGD,SSSD,SGHDN,FVKESK,ASSHAGLG,1
SPRWYFYYL,TSGFNGNVLDGLADANNDMRDFQATTSNEGSKASARDRTDSYNSPLH,TSGFNG,NVLDGL,ADANNDMR,DFQATT,SNEGSKA,SARDRTDSYNSPLH,1
GILGFVFTL,TSGFYGNALDGLAVREVTGGFKTILNHDASQIVNDASSPGQLYEQY,TSGFYG,NALDGL,AVREVTGGFKTI,LNHDA,SQIVND,ASSPGQLYEQY,0
RLPGVLPRA,DSVNNIPSGTAGSPSNTGKLILNHDASQIVNDASSIHSGNQPQH,DSVNN,IPSGT,AGSPSNTGKLI,LNHDA,SQIVND,ASSIHSGNQPQH,0
ATDALMTGF,NSASDYIRSNMDKAETALGNTGKLIMGHRAYSYEKLASSHGKGGNEQF,NSASDY,IRSNMDK,AETALGNTGKLI,MGHRA,YSYEKL,ASSHGKGGNEQF,0
RAKFKQLL,TISGNEYGLKNNILWVAAGNKLTSGHNTYENEEAASSLGLAGGGGIEQF,TISGNEY,GLKNN,ILWVAAGNKLT,SGHNT,YENEEA,ASSLGLAGGGGIEQF,0
RAKFKQLL,TISGNEYGLKNNIVRVAVKTSYDKVISEHNRFQNEAQASISLISTKGRKDTQY,TISGNEY,GLKNN,IVRVAVKTSYDKVI,SEHNR,FQNEAQ,ASISLISTKGRKDTQY,0
NLVPMVATV,TTLSNLVKSGEVAGPEEGGSQGNLILNHDASQIVNDASSGRSTDTQY,TTLSN,LVKSGEV,AGPEEGGSQGNLI,LNHDA,SQIVND,ASSGRSTDTQY,0
RAKFKQLL,NSASDYIRSNMDKAENNDMRLGHDTYNNKELASSPYIQGNEQY,NSASDY,IRSNMDK,AENNDMR,LGHDT,YNNKEL,ASSPYIQGNEQY,0
KLGGALQAK,DSASNYIRSNVGEAAGETSYDKVIKGHSHLQKENIASSPWPDGGSNYGYT,DSASNY,IRSNVGE,AAGETSYDKVI,KGHSH,LQKENI,ASSPWPDGGSNYGYT,0
RAKFKQLL,DSSSTYIFSNMDMAEMEGGSYIPTMNHNSSASEGTASSITEGEDSVSTDTQY,DSSSTY,IFSNMDM,AEMEGGSYIPT,MNHNS,SASEGT,ASSITEGEDSVSTDTQY,1
GLCTLVAML,TSGFNGNVLDGLAVEAAGNKLTLGHNAYNFKEQASSQTTRQSNTEAF,TSGFNG,NVLDGL,AVEAAGNKLT,LGHNA,YNFKEQ,ASSQTTRQSNTEAF,0
LLWNGPMAV,DSSSTYIFSNMDMAHLGGSSNTGKLIMDHENSYDVKMAVNGGSNYGYT,DSSSTY,IFSNMDM,AHLGGSSNTGKLI,MDHEN,SYDVKM,AVNGGSNYGYT,0
SPRWYFYYL,DRGSQSIYSNGDAAQGGKLIMNHEYSMNVEVASSSGTGVFLAEAF,DRGSQS,IYSNGD,AAQGGKLI,MNHEY,SMNVEV,ASSSGTGVFLAEAF,0
GPRLGVRAT,TRDTTYYRNSFDEQNALSEDSSASKIIMDHENSYDVKMASEPGQGPGGWSYEQY,TRDTTYY,RNSFDEQN,ALSEDSSASKII,MDHEN,SYDVKM,ASEPGQGPGGWSYEQY,0
GILGFVFTL,DSASNYIRSNVGEAASKWGDDMRSGHNSFNNNVPASSSLAGGSYNEQF,DSASNY,IRSNVGE,AASKWGDDMR,SGHNS,FNNNVP,ASSSLAGGSYNEQF,0
ELAGIGILTV,NIATNDYGYKTKLVASPSGGYNKLISGHDTYYEEEEASSLARQEETQY,NIATNDY,GYKTK,LVASPSGGYNKLI,SGHDT,YYEEEE,ASSLARQEETQY,0
GILGFVFTL,TRDTTYYRNSFDEQNALRILTGGGNKLTSGHTAFQGNSAASSSLWTGESTEAF,TRDTTYY,RNSFDEQN,ALRILTGGGNKLT,SGHTA,FQGNSA,ASSSLWTGESTEAF,0
ATDALMTGF,VSGNPYYITGDNLVAVRDMLGFNKFYMRHNASNTAGTASSPTGSDTGELF,VSGNPY,YITGDNLV,AVRDMLGFNKFY,MRHNA,SNTAGT,ASSPTGSDTGELF,0
CTELKLSDY,SSVSVYYLSGSTLVAVKIKAAGNKLTPRHDTFYEKMQASSSTGGKETQY,SSVSVY,YLSGSTLV,AVKIKAAGNKLT,PRHDT,FYEKMQ,ASSSTGGKETQY,0
GLCTLVAML,DSASNYIRSNVGEAATETSYDKVISGHNTYYREEEASKRQGSLSYEQY,DSASNY,IRSNVGE,AATETSYDKVI,SGHNT,YYREEE,ASKRQGSLSYEQY,0
GILGFVFTL,DSASNYIRSNVGEAPRETSYDKVISGHNSFNNNVPASSFSSGPDTQY,DSASNY,IRSNVGE,APRETSYDKVI,SGHNS,FNNNVP,ASSFSSGPDTQY,0
RAKFKQLL,DRGSQSIYSNGDAVGISGGYQKVTMNHEYSVGAGIASSSGTGSPLH,DRGSQS,IYSNGD,AVGISGGYQKVT,MNHEY,SVGAGI,ASSSGTGSPLH,0
NLVPMVATV,SSVPPYYTSAATLVAVTPGDYKLSLNHDASQIVNDASSIRDSGNQPQH,SSVPPY,YTSAATLV,AVTPGDYKLS,LNHDA,SQIVND,ASSIRDSGNQPQH,0
KLGGALQAK,DSSSTYIFSNMDMAEKANTDKLIMNHEYSVGEGTASSYSGSGELF,DSSSTY,IFSNMDM,AEKANTDKLI,MNHEY,SVGEGT,ASSYSGSGELF,1
GILGFVFTL,TTLSNLVKSGEVAGVGYALNLGHNAYSLEERASSQDSTYEQY,TTLSN,LVKSGEV,AGVGYALN,LGHNA,YSLEER,ASSQDSTYEQY,0
AVFDRKSDAK,TSGFNGNVLDGLAVRGLGGSQGNLISGHTSYDEGEEASSLVGEQF,TSGFNG,NVLDGL,AVRGLGGSQGNLI,SGHTS,YDEGEE,ASSLVGEQF,0
AVFDRKSDAK,DRGSQSIYSNGDAVPSGGYNKLILGHNTFRNRAPASGLDSSSGNTIY,DRGSQS,IYSNGD,AVPSGGYNKLI,LGHNT,FRNRAP,ASGLDSSSGNTIY,1
AVFDRKSDAK,TSGFNGNVLDGLAVRDGDYKLSSEHNRFQNEAQASSTGQAYNEKLF,TSGFNG,NVLDGL,AVRDGDYKLS,SEHNR,FQNEAQ,ASSTGQAYNEKLF,1
AVFDRKSDAK,SSVPPYYTSAATLVAVRNLDVDGGATNKLISGHDNFVKESKASSQVLGDTQY,SSVPPY,YTSAATLV,AVRNLDVDGGATNKLI,SGHDN,FVKESK,ASSQVLGDTQY,0
GILGFVFTL,SSNFYAMTLNGDEAFTTDSWGKLQLGHDTYNNKELASSQGQANEKLF,SSNFYA,MTLNGDE,AFTTDSWGKLQ,LGHDT,YNNKEL,ASSQGQANEKLF,0
LLWNGPMAV,NSASQSVYSSGVVNGMDSSHKLISNHLYFYNNEIASSGVQLLPGELF,NSASQS,VYSSG,VVNGMDSSHKLI,SNHLY,FYNNEI,ASSGVQLLPGELF,0
ELAGIGILTV,TISGTDYGLTSNILRDDSGNTPLVSNHLYFYNNEIASSEGTGELYEQY,TISGTDY,GLTSN,ILRDDSGNTPLV,SNHLY,FYNNEI,ASSEGTGELYEQY,0
RAKFKQLL,SSYSPSYTSAATLVVVSDLGYKLSLNHDASQIVNDASSIRSSYEQY,SSYSPS,YTSAATLV,VVSDLGYKLS,LNHDA,SQIVND,ASSIRSSYEQY,0
GILGFVFTL,SIFNTLYKAGELAGHTGNQFYSGHATFQNNGVASSSNQGDNQPQH,SIFNT,LYKAGEL,AGHTGNQFY,SGHAT,FQNNGV,ASSSNQGDNQPQH,0
RAKFKQLL,TRDTTYYRNSFDEQNALTPNTNAGKSTENHRYSYGVKDAISGMVVRGGDSYNEQF,TRDTTYY,RNSFDEQN,ALTPNTNAGKST,ENHRY,SYGVKD,AISGMVVRGGDSYNEQF,0
AVFDRKSDAK,TISGTDYGLTSNILLGTGANNLFKGHSHLQKENIASSPKLQGAWAEKLF,TISGTDY,GLTSN,ILLGTGANNLF,KGHSH,LQKENI,ASSPKLQGAWAEKLF,0
LLWNGPMAV,DSSSTYIFSNMDMAESQGNLISGHDNFVKESKASSQSPGGEQF,DSSSTY,IFSNMDM,AESQGNLI,SGHDN,FVKESK,ASSQSPGGEQF,0
RAKFKQLL,DSAIYNIQSSQREAGRGSARQLTMGHRAYSYEKLASSQDRGQGGSYEQY,DSAIYN,IQSSQRE,AGRGSARQLT,MGHRA,YSYEKL,ASSQDRGQGGSYEQY,0
GILGFVFTL,SSNFYAMTLNGDEAFEKLSMDHENSYDVKMASSFQGTSYEQY,SSNFYA,MTLNGDE,AFEKLS,MDHEN,SYDVKM,ASSFQGTSYEQY,0
NLVPMVATV,DRGSQSIYSNGDAVNIRGPFMEYGNKLVLNHDASQIVNDASSMLVANYGYT,DRGSQS,IYSNGD,AVNIRGPFMEYGNKLV,LNHDA,SQIVND,ASSMLVANYGYT,0
IVTDFSVIK,DSAIYNIQSSQREAVRRSASKIISGHDTYYEEEEASSSAGTDHEQY,DSAIYN,IQSSQRE,AVRRSASKII,SGHDT,YYEEEE,ASSSAGTDHEQY,0
AVFDRKSDAK,DSASNYIRSNVGEAASETSYDKVISGHNSFNNNVPASQPHGTGDHEQY,DSASNY,IRSNVGE,AASETSYDKVI,SGHNS,FNNNVP,ASQPHGTGDHEQY,0
GILGFVFTL,NSASQSVYSSGVVGDDKIISGDLSYYNGEEASSGGTADTQY,NSASQS,VYSSG,VVGDDKII,SGDLS,YYNGEE,ASSGGTADTQY,0
KLGGALQAK,SIFNTLYKAGELAGPTLINNYGQNFVSQVTMANQGSEASASAGTGGAGGTYEQY,SIFNT,LYKAGEL,AGPTLINNYGQNFV,SQVTM,ANQGSEA,SASAGTGGAGGTYEQY,1
ELAGIGILTV,NIATNDYGYKTKLAGGDKIISNHLYFYNNEIASRTPWDSDSYNEQF,NIATNDY,GYKTK,LAGGDKII,SNHLY,FYNNEI,ASRTPWDSDSYNEQF,0
KLGGALQAK,YGATPYYFSGDTLVAVSETSYDKVIKGHSHLQKENIASSPRDRGGSNEKLF,YGATPY,YFSGDTLV,AVSETSYDKVI,KGHSH,LQKENI,ASSPRDRGGSNEKLF,0
HPVTKYIM,SSYSPSYTSAATLVVVSETGTASKLTLGHDTYNNKELASSQGGQSAWTQY,SSYSPS,YTSAATLV,VVSETGTASKLT,LGHDT,YNNKEL,ASSQGGQSAWTQY,1
NLVPMVATV,DRGSQSIYSNGDAVPVQTSYDKVISGHDYFNNNVPASSSAYYGYT,DRGSQS,IYSNGD,AVPVQTSYDKVI,SGHDY,FNNNVP,ASSSAYYGYT,1
RAKFKQLL,DSASNYIRSNVGEAASFFSGGYNKLILGHNAYNFKEQASSPDRDQTYEQY,DSASNY,IRSNVGE,AASFFSGGYNKLI,LGHNA,YNFKEQ,ASSPDRDQTYEQY,0
GLCTLVAML,TSINNIRSNEREATDYYGNNRLAMNHEYSVGAGIASREGQFQETQY,TSINN,IRSNERE,ATDYYGNNRLA,MNHEY,SVGAGI,ASREGQFQETQY,0
GILGFVFTL,DRGSQSIYSNGDAVRDNQGGKLISGHDTYYEEEEASSTRDRQGLPYEQY,DRGSQS,IYSNGD,AVRDNQGGKLI,SGHDT,YYEEEE,ASSTRDRQGLPYEQY,0
RAKFKQLL,DSAIYNIQSSQREATYLCAAGDDKIISGHVSFQNEAQASSLQNTGELF,DSAIYN,IQSSQRE,ATYLCAAGDDKII,SGHVS,FQNEAQ,ASSLQNTGELF,0
GILGFVFTL,DRGSQSIYSNGDAVPSGNTPLVSGHDYFNNNVPASSLAAGGVDEQF,DRGSQS,IYSNGD,AVPSGNTPLV,SGHDY,FNNNVP,ASSLAAGGVDEQF,0
RAKFKQLL,NSASDYIRSNMDKAEDMGGGSQGNLISGHATFQNNGVASSRDRGRHYNEQF,NSASDY,IRSNMDK,AEDMGGGSQGNLI,SGHAT,FQNNGV,ASSRDRGRHYNEQF,0
SPRWYFYYL,TSGFNGNVLDGLAVRGSGGYNKLISNHLYFYNNEIASHATGAYGYT,TSGFNG,NVLDGL,AVRGSGGYNKLI,SNHLY,FYNNEI,ASHATGAYGYT,0
CTELKLSDY,SSYSPSYTSAATLVVVSDRNFNKFYENHRYSYGVKDAISESNGADTQY,SSYSPS,YTSAATLV,VVSDRNFNKFY,ENHRY,SYGVKD,AISESNGADTQY,1
GILGFVFTL,DSASNYIRSNVGEAATPPPSYDKVISGHDYFNNNVPASSPGTFRYT,DSASNY,IRSNVGE,AATPPPSYDKVI,SGHDY,FNNNVP,ASSPGTFRYT,0
RAKFKQLL,DRGSQSIYSNGDAVNAGNDMRMNHEYSVGEGTASSYGQGWGYT,DRGSQS,IYSNGD,AVNAGNDMR,MNHEY,SVGEGT,ASSYGQGWGYT,0
GILGFVFTL,DSASNYIRSNVGEAATPYGNNDMRWSHSYSAAADIASRGALVGDTQY,DSASNY,IRSNVGE,AATPYGNNDMR,WSHSY,SAAADI,ASRGALVGDTQY,1
KLGGALQAK,DRGSQSIYSNGDAVNKDAGNKLTMNHEYSVGAGIASSYLTGTSGEQF,DRGSQS,IYSNGD,AVNKDAGNKLT,MNHEY,SVGAGI,ASSYLTGTSGEQF,0
SPRWYFYYL,YSGSPEHISRALPNAGGTSYGKLTDFQATTSNEGSKASAYKLAGIGADTQY,YSGSPE,HISR,ALPNAGGTSYGKLT,DFQATT,SNEGSKA,SAYKLAGIGADTQY,0
KLGGALQAK,NSASQSVYSSGVVNLAGANNLFSGHRSYFSETQASSPDRAEEQF,NSASQS,VYSSG,VVNLAGANNLF,SGHRS,YFSETQ,ASSPDRAEEQF,1
KLGGALQAK,SSVPPYYTSAATLVAGLSGGSYIPTSGHDNFVKESKASSQDWGAGTQY,SSVPPY,YTSAATLV,AGLSGGSYIPT,SGHDN,FVKESK,ASSQDWGAGTQY,0
KLGGALQAK,NSASQSVYSSGVVNMIMNTGFQKLVGTSNPNSVGIGAWSVTSTGGTEAF,NSASQS,VYSSG,VVNMIMNTGFQKLV,GTSNPN,SVGIG,AWSVTSTGGTEAF,0
GILGFVFTL,NIATNDYGYKTKLVGVTPGGGADGLTSGHVSFQNEAQASSLQEAF,NIATNDY,GYKTK,LVGVTPGGGADGLT,SGHVS,FQNEAQ,ASSLQEAF,0
GILGFVFTL,SSVPPYYTSAATLVAGLSGGSYIPTSGHDNFVKESKASSQDWGAGTQY,SSVPPY,YTSAATLV,AGLSGGSYIPT,SGHDN,FVKESK,ASSQDWGAGTQY,1
GILGFVFTL,DRGSQSIYSNGDAVSVGAGNMLTSSHATFNYEAQASSLTESYEQY,DRGSQS,IYSNGD,AVSVGAGNMLT,SSHAT,FNYEAQ,ASSLTESYEQY,0
LLWNGPMAV,YGATPYYFSGDTLVAVGFNNNDMRWNHNNSYGVQDASSESRLDGYT,YGATPY,YFSGDTLV,AVGFNNNDMR,WNHNN,SYGVQD,ASSESRLDGYT,0
GILGFVFTL,NSASQSVYSSGVVNGEDDMRSGHNTYYREEEASIRDHNTGELF,NSASQS,VYSSG,VVNGEDDMR,SGHNT,YYREEE,ASIRDHNTGELF,0
CINGVCWTV,NIATNDYGYKTKLVVRDDKIISGHTAFQGNSAASSFPGDRMNTGELF,NIATNDY,GYKTK,LVVRDDKII,SGHTA,FQGNSA,ASSFPGDRMNTGELF,1
RAKFKQLL,YGATPYYFSGDTLVAVGAPGYSGTYKYIMDHENSYDVKMASSLEVARLAGEGYEQY,YGATPY,YFSGDTLV,AVGAPGYSGTYKYI,MDHEN,SYDVKM,ASSLEVARLAGEGYEQY,0
RAKFKQLL,VSGNPYYITGDNLVAVTPAGGSQGNLILNHDASQIVNDASSTRSTDTQY,VSGNPY,YITGDNLV,AVTPAGGSQGNLI,LNHDA,SQIVND,ASSTRSTDTQY,0
RLRAEAQVK,TTLSNLVKSGEVAGRRGAGKSTSGHDTYYEEEEASSAYAGLAGVRETQY,TTLSN,LVKSGEV,AGRRGAGKST,SGHDT,YYEEEE,ASSAYAGLAGVRETQY,0
KLGGALQAK,DRGSQSIYSNGDSSSDSGHDNFVKESKASSHAGLG,DRGSQS,IYSNGD,SSSD,SGHDN,FVKESK,ASSHAGLG,0
LLWNGPMAV,TISGTDYGLTSNILSTYNNNDMRMNHEYSVGAGIASSYEGSQGNEQF,TISGTDY,GLTSN,ILSTYNNNDMR,MNHEY,SVGAGI,ASSYEGSQGNEQF,0
AVFDRKSDAK,SSNFYAMTLNGDEASPEIKTGPARKLTLNHDASQIVNDASPPLGGGYNEQF,SSNFYA,MTLNGDE,ASPEIKTGPARKLT,LNHDA,SQIVND,ASPPLGGGYNEQF,0
CTELKLSDY,DRGSQSIYSNGDAVPSGGYNKLILGHNTFRNRAPASGLDSSSGNTIY,DRGSQS,IYSNGD,AVPSGGYNKLI,LGHNT,FRNRAP,ASGLDSSSGNTIY,0
NLVPMVATV,KTLYGLQKGGEEGADGGDSSYKLISEHNRFQNEAQASSLAGDEQF,KTLYG,LQKGGEE,GADGGDSSYKLI,SEHNR,FQNEAQ,ASSLAGDEQF,0
AVFDRKSDAK,DSSSTYIFSNMDMAEDNNARLMSNHLYFYNNEIASSPGSTAPGELF,DSSSTY,IFSNMDM,AEDNNARLM,SNHLY,FYNNEI,ASSPGSTAPGELF,0
GLCTLVAML,TISGNEYGLKNNITGGGADGLTLNHNVYYDKDFATSRDRLGRGKGTEAF,TISGNEY,GLKNN,ITGGGADGLT,LNHNV,YYDKDF,ATSRDRLGRGKGTEAF,0
ELAGIGILTV,DRGSQSIYSNGDAVSGTDKLISGHKSYYEKEEASSLGGLGSPLH,DRGSQS,IYSNGD,AVSGTDKLI,SGHKS,YYEKEE,ASSLGGLGSPLH,1
NLVPMVATV,SSVPPYYTSAATLVAVTDNNNNDMRMNHNSSASEGTASSDRLENNEKLF,SSVPPY,YTSAATLV,AVTDNNNNDMR,MNHNS,SASEGT,ASSDRLENNEKLF,1
LLWNGPMAV,SIFNTLYKAGELAGLETSGTYKYISGHNTYYREEEASSYKPGQRDYT,SIFNT,LYKAGEL,AGLETSGTYKYI,SGHNT,YYREEE,ASSYKPGQRDYT,0
RAKFKQLL,KALYSLLKGGEQGTGRGGSYIPTLNHDASQIVNDASREGHLEGQPQH,KALYS,LLKGGEQ,GTGRGGSYIPT,LNHDA,SQIVND,ASREGHLEGQPQH,0
AVFDRKSDAK,DRGSQSIYSNGDAVFRDNYGQNFVSGHRSYFSETQASATGTSYNEQF,DRGSQS,IYSNGD,AVFRDNYGQNFV,SGHRS,YFSETQ,ASATGTSYNEQF,0
GILGFVFTL,TSGFNGNVLDGLASMDSNYQLIDFQATTSNEGSKASLRTGEGSPLH,TSGFNG,NVLDGL,ASMDSNYQLI,DFQATT,SNEGSKA,SLRTGEGSPLH,0
RAKFKQLL,DSASNYIRSNVGEAASEGAPDKLISGHDYFNNNVPASSLVAGASNQPQH,DSASNY,IRSNVGE,AASEGAPDKLI,SGHDY,FNNNVP,ASSLVAGASNQPQH,1
IVTDFSVIK,NSASDYIRSNMDKADSGGGADGLTSGHDNFVKESKASSQEGYTEAF,NSASDY,IRSNMDK,ADSGGGADGLT,SGHDN,FVKESK,ASSQEGYTEAF,0
RAKFKQLL,DSASNYIRSNVGEAASEATNAGKSTLNHDASQIVNDASNDLGNEQF,DSASNY,IRSNVGE,AASEATNAGKST,LNHDA,SQIVND,ASNDLGNEQF,0
RAKFKQLL,DRGSQSIYSNGDAVAQGGSEKLVMDHENSYDVKMASRGQGLGQPQH,DRGSQS,IYSNGD,AVAQGGSEKLV,MDHEN,SYDVKM,ASRGQGLGQPQH,0
ATDALMTGF,SSVSVYYLSGSTLVAVSDKLVGAAGNKLTMGHRAYSYEKLASSQHGGDYEQY,SSVSVY,YLSGSTLV,AVSDKLVGAAGNKLT,MGHRA,YSYEKL,ASSQHGGDYEQY,0
KLGGALQAK,DSASNYIRSNVGEAAQGSQGNLILNHDASQIVNDASSTFGANVLT,DSASNY,IRSNVGE,AAQGSQGNLI,LNHDA,SQIVND,ASSTFGANVLT,0
AVFDRKSDAK,NSASDYIRSNMDKADHMDTGRRALTKGHDRSFDVKDATSTGGQPQH,NSASDY,IRSNMDK,ADHMDTGRRALT,KGHDR,SFDVKD,ATSTGGQPQH,0
KSKRTPMGF,TSGFNGNVLDGLAVRSTWDPMIKAAGNKLTKGHSHLQKENIASSEDRTYEQY,TSGFNG,NVLDGL,AVRSTWDPMIKAAGNKLT,KGHSH,LQKENI,ASSEDRTYEQY,0
GILGFVFTL,SSYSPSYTSAATLVVVSERDSSYKLISGHDYFNNNVPASSRGLGETQY,SSYSPS,YTSAATLV,VVSERDSSYKLI,SGHDY,FNNNVP,ASSRGLGETQY,0
GILGFVFTL,TISGTDYGLTSNILRPREDRGSTLGRLYSQVTMANQGSEASVRQGARDNEQF,TISGTDY,GLTSN,ILRPREDRGSTLGRLY,SQVTM,ANQGSEA,SVRQGARDNEQF,0
GILGFVFTL,TSENNYYQEAYKQQNFMTATFTSGTYKYLNHDASQIVNDSSLAGPYNEQ,TSENNYY,QEAYKQQN,FMTATFTSGTYKY,LNHDA,SQIVND,SSLAGPYNEQ,1
ELAGIGILTV,YGGTVNYFSGDPLVAVIGEGGKLTMDHENSYDVKMASSLLVSGVSSTDTQY,YGGTVN,YFSGDPLV,AVIGEGGKLT,MDHEN,SYDVKM,ASSLLVSGVSSTDTQY,0
YLQPRTFLL,DSSSTYIFSNMDMAEGGNTGKLISGHDTYYEEEEASSWNRDRYNTEAF,DSSSTY,IFSNMDM,AEGGNTGKLI,SGHDT,YYEEEE,ASSWNRDRYNTEAF,0
NLVPMVATV,NSASQSVYSSGVVGDNNDMRSQVTMANQGSEASVEGVGTSIGEQF,NSASQS,VYSSG,VVGDNNDMR,SQVTM,ANQGSEA,SVEGVGTSIGEQF,0
NLVPMVATV,DSASNYIRSNVGEAASFVERSNYKLTMNHEYSVGEGTASEEQGGLETQY,DSASNY,IRSNVGE,AASFVERSNYKLT,MNHEY,SVGEGT,ASEEQGGLETQY,0
AVFDRKSDAK,DRGSQSIYSNGDAGGDDKIISGDLSYYNGEEASSPGLAYEQY,DRGSQS,IYSNGD,AGGDDKII,SGDLS,YYNGEE,ASSPGLAYEQY,0
LLWNGPMAV,SVFSSVVTGGEVAGGGFADYGGSQGNLILNHDASQIVNDASSLYSNQPQH,SVFSS,VVTGGEV,AGGGFADYGGSQGNLI,LNHDA,SQIVND,ASSLYSNQPQH,0
GILGFVFTL,TSENNYYQEAYKQQNALHTGANSKLTSGHATFQNNGVASSWGGGSHYGYT,TSENNYY,QEAYKQQN,ALHTGANSKLT,SGHAT,FQNNGV,ASSWGGGSHYGYT,0
GILGFVFTL,NSASDYIRSNMDKAEIDSWGKLQSGHVSFNYEAQASSPRAGKETQY,NSASDY,IRSNMDK,AEIDSWGKLQ,SGHVS,FNYEAQ,ASSPRAGKETQY,0
ELAGIGILTV,DSASNYIRSNVGEAASETSYDKVISGHNSFNNNVPASHPRTPIYGYT,DSASNY,IRSNVGE,AASETSYDKVI,SGHNS,FNNNVP,ASHPRTPIYGYT,0
GILGFVFTL,DSSSTYIFSNMDMAESEGPTYTDKLISGHRSYFSETQASSFRGVNTEAF,DSSSTY,IFSNMDM,AESEGPTYTDKLI,SGHRS,YFSETQ,ASSFRGVNTEAF,0
ATDALMTGF,DSAIYNIQSSQREAVVYPLTHGSSNTGKLISEHNRFQNEAQASSLEGQLNEQF,DSAIYN,IQSSQRE,AVVYPLTHGSSNTGKLI,SEHNR,FQNEAQ,ASSLEGQLNEQF,1
GLCTLVAML,SSVPPYYTSAATLVAVTAAGNKLTGTSNPNSVGIGAWSPRVAGGRVWETQY,SSVPPY,YTSAATLV,AVTAAGNKLT,GTSNPN,SVGIG,AWSPRVAGGRVWETQY,0
KLGGALQAK,DRGSQSIYSNGDAVPSGNTPLVSGHDYFNNNVPASSLAAGGVDEQF,DRGSQS,IYSNGD,AVPSGNTPLV,SGHDY,FNNNVP,ASSLAAGGVDEQF,0
RAKFKQLL,DRGSQSIYSNGDAVSGGKLISGHDYFNNNVPASSPQGFSYEQY,DRGSQS,IYSNGD,AVSGGKLI,SGHDY,FNNNVP,ASSPQGFSYEQY,0
KLGGALQAK,DRGSQSIYSNGDAAVASKIILGHDTYNNKELASSIKPDGYEQY,DRGSQS,IYSNGD,AAVASKII,LGHDT,YNNKEL,ASSIKPDGYEQY,0
RAKFKQLL,VSGLRGLYSAGEEAVQALRAAGNKLTSGHRSYFSETQASRGSSSISGANVLT,VSGLRG,LYSAGEE,AVQALRAAGNKLT,SGHRS,YFSETQ,ASRGSSSISGANVLT,0
SPRWYFYYL,KTLYGLQKGGEEGAAHNYGQNFVLNHDASQIVNDASSTGLYGYT,KTLYG,LQKGGEE,GAAHNYGQNFV,LNHDA,SQIVND,ASSTGLYGYT,0
GILGFVFTL,VSGNPYYITGDNLVTSRVTDYKLSSEHNRFQNEAQASSPDRESNTGELF,VSGNPY,YITGDNLV,TSRVTDYKLS,SEHNR,FQNEAQ,ASSPDRESNTGELF,0
KLGGALQAK,TSENNYYQEAYKQQNAFMLGAGGTSYGKLTSGHVSFNYEAQASSFLTGNTEAF,TSENNYY,QEAYKQQN,AFMLGAGGTSYGKLT,SGHVS,FNYEAQ,ASSFLTGNTEAF,0
ELAGIGILTV,SVFSSVVTGGEVAGQYGNKLVSQVTMANQGSEASAGTSGSNEQF,SVFSS,VVTGGEV,AGQYGNKLV,SQVTM,ANQGSEA,SAGTSGSNEQF,0
ATDALMTGF,TSGFYGNALDGLAVRDQDYGQNFVSGHDTYYEEEEASRDRGVGSPLH,TSGFYG,NALDGL,AVRDQDYGQNFV,SGHDT,YYEEEE,ASRDRGVGSPLH,0
AVFDRKSDAK,VGISALSSGKAVSASGTYKYISGHDTYYEEEEASSLRDGSEAF,VGISA,LSSGK,AVSASGTYKYI,SGHDT,YYEEEE,ASSLRDGSEAF,0
KLGGALQAK,DSSSTYIFSNMDMAESGGSQGNLISGHTAFQGNSAASSLRTQGTGELF,DSSSTY,IFSNMDM,AESGGSQGNLI,SGHTA,FQGNSA,ASSLRTQGTGELF,1
SPRWYFYYL,DRGSQSIYSNGDAVSGYSTLTMNHEYSVGAGIASSAQGAYGYT,DRGSQS,IYSNGD,AVSGYSTLT,MNHEY,SVGAGI,ASSAQGAYGYT,0
RAKFKQLL,TSENNYYQEAYKQQNFMTATFTSGTYKYLNHDASQIVNDSSLAGPYNEQ,TSENNYY,QEAYKQQN,FMTATFTSGTYKY,LNHDA,SQIVND,SSLAGPYNEQ,0
LLWNGPMAV,VSGNPYYITGDNLVAVRDMLGFNKFYMRHNASNTAGTASSPTGSDTGELF,VSGNPY,YITGDNLV,AVRDMLGFNKFY,MRHNA,SNTAGT,ASSPTGSDTGELF,0
ELAGIGILTV,VSGNPYYITGDNLVAVRDMGTGGFKTISEHNRFQNEAQAIQEDTDTQY,VSGNPY,YITGDNLV,AVRDMGTGGFKTI,SEHNR,FQNEAQ,AIQEDTDTQY,0
AVFDRKSDAK,YGATPYYFSGDTLVAVFLYGNNRLASQVTMANQGSEASVSASGGDEQY,YGATPY,YFSGDTLV,AVFLYGNNRLA,SQVTM,ANQGSEA,SVSASGGDEQY,1
GILGFVFTL,DSASNYIRSNVGEAASETSYDKVISGDLSYYNGEEASSGTGSTDTQY,DSASNY,IRSNVGE,AASETSYDKVI,SGDLS,YYNGEE,ASSGTGSTDTQY,0
CINGVCWTV,NIATNDYGYKTKLVTGSARQLTLGHNAYNFKEQASSQEQGGWGEQY,NIATNDY,GYKTK,LVTGSARQLT,LGHNA,YNFKEQ,ASSQEQGGWGEQY,1
CINGVCWTV,DSVNNIPSGTAALMDSSYKLIMGHDKSYGVNSASRQGSSYEQY,DSVNN,IPSGT,AALMDSSYKLI,MGHDK,SYGVNS,ASRQGSSYEQY,0
AVFDRKSDAK,TRDTTYYRNSFDEQNALSVVDRGSTLGRLYLGHNAYNFKEQASSPPIGTSAQDTQY,TRDTTYY,RNSFDEQN,ALSVVDRGSTLGRLY,LGHNA,YNFKEQ,ASSPPIGTSAQDTQY,0
GILGFVFTL,NIATNDYGYKTKLVGEANGGSQGNLISGHVSFQNEAQASSLEEGYSYEQY,NIATNDY,GYKTK,LVGEANGGSQGNLI,SGHVS,FQNEAQ,ASSLEEGYSYEQY,0
KLGGALQAK,DRGSQSIYSNGDAVGDDKIIMNHNYSVGAGIASSPQGAYGYT,DRGSQS,IYSNGD,AVGDDKII,MNHNY,SVGAGI,ASSPQGAYGYT,0
AVFDRKSDAK,TTLSNLVKSGEVAGADAGNNRKLISGHRSYFSETQASSLDQGAYEQY,TTLSN,LVKSGEV,AGADAGNNRKLI,SGHRS,YFSETQ,ASSLDQGAYEQY,0
KLGGALQAK,VSGNPYYITGDNLVAVRLHNYGQNFVDFQATTSNEGSKASAPARSEPYEQY,VSGNPY,YITGDNLV,AVRLHNYGQNFV,DFQATT,SNEGSKA,SAPARSEPYEQY,1
DATYQRTRALVR,DSASNYIRSNVGEAASIAGGYQKVTSEHNRFQNEAQASSLGQGVFYEQF,DSASNY,IRSNVGE,AASIAGGYQKVT,SEHNR,FQNEAQ,ASSLGQGVFYEQF,0
CTELKLSDY,VSGNPYYITGDNLVAVRDREKAAGNKLTMNHNSSASEGTASSEFGNEQF,VSGNPY,YITGDNLV,AVRDREKAAGNKLT,MNHNS,SASEGT,ASSEFGNEQF,0
RAKFKQLL,DSSSTYIFSNMDMAESIGKLISQVTMANQGSEASVGAGGTNEKLF,DSSSTY,IFSNMDM,AESIGKLI,SQVTM,ANQGSEA,SVGAGGTNEKLF,0
RAKFKQLL,TSENNYYQEAYKQQNAFMKLAGANSKLTLGHDTYNNKELASKSEKGAGGSPLH,TSENNYY,QEAYKQQN,AFMKLAGANSKLT,LGHDT,YNNKEL,ASKSEKGAGGSPLH,0
LLWNGPMAV,DSVNNIPSGTAVDHLMNYGGSQGNLILNHDASQIVNDASSTYSQDTQY,DSVNN,IPSGT,AVDHLMNYGGSQGNLI,LNHDA,SQIVND,ASSTYSQDTQY,0
RAKFKQLL,SSNFYAMTLNGDEAWMDSSYKLIMGHRAYSYEKLASSLLAGEYNEQF,SSNFYA,MTLNGDE,AWMDSSYKLI,MGHRA,YSYEKL,ASSLLAGEYNEQF,1
AVFDRKSDAK,TISGNEYGLKNNIVRVTMDSNYQLILGHDTYNNKELASSQDRGATDELF,TISGNEY,GLKNN,IVRVTMDSNYQLI,LGHDT,YNNKEL,ASSQDRGATDELF,0
RLPGVLPRA,SSVPPYYTSAATLVAVSQDSNYQLISGHATFQNNGVASSWGGGSHYGYT,SSVPPY,YTSAATLV,AVSQDSNYQLI,SGHAT,FQNNGV,ASSWGGGSHYGYT,0
AVFDRKSDAK,NIATNDYGYKTKLVGDPFYSSASKIISGHNSFNNNVPASSFSGNTGELF,NIATNDY,GYKTK,LVGDPFYSSASKII,SGHNS,FNNNVP,ASSFSGNTGELF,0
KLGGALQAK,TSINNIRSNEREATADSWGKLQSGHRSYFSETQASSLESGDSYNEQF,TSINN,IRSNERE,ATADSWGKLQ,SGHRS,YFSETQ,ASSLESGDSYNEQF,1
RAKFKQLL,SVFSSVVTGGEVAGDDQGGKLILNHDASHIVNDASSIRSSYEQY,SVFSS,VVTGGEV,AGDDQGGKLI,LNHDA,SHIVND,ASSIRSSYEQY,0
RAKFKQLL,DSASNYIRSNVGEAAKLSDSSYKLIDFQATTSNEGSKASAMTSGSSYEQY,DSASNY,IRSNVGE,AAKLSDSSYKLI,DFQATT,SNEGSKA,SAMTSGSSYEQY,0
GILGFVFTL,DRGSQSIYSNGDAASNSGYALNMNHEYSMNVEVASSSPSGSGTGELF,DRGSQS,IYSNGD,AASNSGYALN,MNHEY,SMNVEV,ASSSPSGSGTGELF,0
AVFDRKSDAK,SSVPPYYTSAATLVAVTPGGEKLIMGHRAYSYEKLASSPGGAETQY,SSVPPY,YTSAATLV,AVTPGGEKLI,MGHRA,YSYEKL,ASSPGGAETQY,0
RAKFKQLL,SSVPPYYTSAATLVAVPNTGNQFYSGHTAFQGTGAASSPPTNYGYT,SSVPPY,YTSAATLV,AVPNTGNQFY,SGHTA,FQGTGA,ASSPPTNYGYT,0
KLGGALQAK,TSENNYYQEAYKQQNAFMTNAGGTSYGKLTPRHDTFYEKMQASSLMRGGTYNSPLH,TSENNYY,QEAYKQQN,AFMTNAGGTSYGKLT,PRHDT,FYEKMQ,ASSLMRGGTYNSPLH,0
FEDLRLLSF,TSGFYGNALDGLAVIEDTGKLISEHNRFQNEAQASSLVLGRETEAF,TSGFYG,NALDGL,AVIEDTGKLI,SEHNR,FQNEAQ,ASSLVLGRETEAF,0
RAKFKQLL,DSSSTYIFSNMDMAEDNNARLMSNHLYFYNNEIASSPGSTAPGELF,DSSSTY,IFSNMDM,AEDNNARLM,SNHLY,FYNNEI,ASSPGSTAPGELF,0
KLGGALQAK,DRGSQSIYSNGDAVPYSGGGADGLTKGHDRSFDVKDATSDFPPGVRGAPQETQY,DRGSQS,IYSNGD,AVPYSGGGADGLT,KGHDR,SFDVKD,ATSDFPPGVRGAPQETQY,0
KLGGALQAK,SIFNTLYKAGELAGHTGNQFYENHRYSYGVKDAISDPGLAGGGGEQF,SIFNT,LYKAGEL,AGHTGNQFY,ENHRY,SYGVKD,AISDPGLAGGGGEQF,0
ELAGIGILTV,DRGSQSIYSNGDAVDDKIISGHRSYFSETQASSPDRGLAGELF,DRGSQS,IYSNGD,AVDDKII,SGHRS,YFSETQ,ASSPDRGLAGELF,1
RAKFKQLL,VSGNPYYITGDNLVAVRLHNYGQNFVMNHEYSMNVEVASSSTGEQY,VSGNPY,YITGDNLV,AVRLHNYGQNFV,MNHEY,SMNVEV,ASSSTGEQY,0
GILGFVFTL,TRDTTYYRNSFDEQNALGILTGANSKLTSGHNSFNNNVPASSFSGNTGELF,TRDTTYY,RNSFDEQN,ALGILTGANSKLT,SGHNS,FNNNVP,ASSFSGNTGELF,0
KLGGALQAK,TRDTTYYRNSFDEQNALGILTGANSKLTSGHNSFNNNVPASSFSGNTGELF,TRDTTYY,RNSFDEQN,ALGILTGANSKLT,SGHNS,FNNNVP,ASSFSGNTGELF,0
KLGGALQAK,DSASNYIRSNVGEAASETSYDKVIMGHRAYSYEKLASSPLAGIYNEQF,DSASNY,IRSNVGE,AASETSYDKVI,MGHRA,YSYEKL,ASSPLAGIYNEQF,0
GILGFVFTL,SVFSSVVTGGEVAGQAPSGSARQLTKGHDRSFDVKDATSDRLAGGELF,SVFSS,VVTGGEV,AGQAPSGSARQLT,KGHDR,SFDVKD,ATSDRLAGGELF,0
KLGGALQAK,DRGSQSIYSNGDAVNSNFGNEKLTMNHEYSVGAGIASSSGVEAF,DRGSQS,IYSNGD,AVNSNFGNEKLT,MNHEY,SVGAGI,ASSSGVEAF,0
AVFDRKSDAK,TRDTTYYRNSFDEQNALSDPYSGAGSYQLTSGHVSFQNEAQASSLAVLGETQY,TRDTTYY,RNSFDEQN,ALSDPYSGAGSYQLT,SGHVS,FQNEAQ,ASSLAVLGETQY,0
GILGFVFTL,DSASNYIRSNVGEAATETSYDKVISGHNSFNNNVPASGPPGGEKLF,DSASNY,IRSNVGE,AATETSYDKVI,SGHNS,FNNNVP,ASGPPGGEKLF,0
IVTDFSVIK,DSASNYIRSNVGEAAQGSQGNLILNHDASQIVNDASSTFGANVLT,DSASNY,IRSNVGE,AAQGSQGNLI,LNHDA,SQIVND,ASSTFGANVLT,0
KLGGALQAK,DSASNYIRSNVGEAASETSYDKVISGHNSFNNNVPASRPTGDYGYT,DSASNY,IRSNVGE,AASETSYDKVI,SGHNS,FNNNVP,ASRPTGDYGYT,0
ELAGIGILTV,SVFSSVVTGGEVAGPYNAGNMLTMNHEYSVGAGIASSYSTGEGAQY,SVFSS,VVTGGEV,AGPYNAGNMLT,MNHEY,SVGAGI,ASSYSTGEGAQY,0
GLCTLVAML,SSNFYAMTLNGDEAFELILGAQKLVMNHEYSVGEGTASSYSWTGSNYGYT,SSNFYA,MTLNGDE,AFELILGAQKLV,MNHEY,SVGEGT,ASSYSWTGSNYGYT,0
RPPIFIRRL,YGGTVNYFSGDPLVAVNSGYSTLTKGHDRSFDVKDATASGTVTDTQY,YGGTVN,YFSGDPLV,AVNSGYSTLT,KGHDR,SFDVKD,ATASGTVTDTQY,0
SPRWYFYYL,VSGNPYYITGDNLVAVRDMLGFNKFYMRHNASNTAGTASSPTGSDTGELF,VSGNPY,YITGDNLV,AVRDMLGFNKFY,MRHNA,SNTAGT,ASSPTGSDTGELF,0
SPRWYFYYL,DSASNYIRSNVGEAASYGSGGYNKLIMDHENSYDVKMASSSLTGSSGELF,DSASNY,IRSNVGE,AASYGSGGYNKLI,MDHEN,SYDVKM,ASSSLTGSSGELF,1
YLQPRTFLL,VGISALSSGKAVRKFGNEKLTLNHDASHIVNDASSIGLYGYT,VGISA,LSSGK,AVRKFGNEKLT,LNHDA,SHIVND,ASSIGLYGYT,0
KLGGALQAK,SSVPPYYTSAATLVAVIPSSGGYNKLISGHNTYYREEEASSAVLFGTEGDTQY,SSVPPY,YTSAATLV,AVIPSSGGYNKLI,SGHNT,YYREEE,ASSAVLFGTEGDTQY,1
YLQPRTFLL,TSDPSYGQGSYDQQNAMREGRGTGANNLFSGHRSYFSETQASSLVAEPSLNTEAF,TSDPSYG,QGSYDQQN,AMREGRGTGANNLF,SGHRS,YFSETQ,ASSLVAEPSLNTEAF,0
GILGFVFTL,TISGTDYGLTSNILRGNQFYSGHRSYFSETQASSPSLLEGNSYEQY,TISGTDY,GLTSN,ILRGNQFY,SGHRS,YFSETQ,ASSPSLLEGNSYEQY,0
CINGVCWTV,NIATNDYGYKTKLVSEPYNTDKLIMGHRAYSYEKLASSLQMASGSPDLGEQF,NIATNDY,GYKTK,LVSEPYNTDKLI,MGHRA,YSYEKL,ASSLQMASGSPDLGEQF,1
AVFDRKSDAK,ATGYPSATKADDKALRETSYDKVIMDHENSYDVKMASSLYSATGELF,ATGYPS,ATKADDK,ALRETSYDKVI,MDHEN,SYDVKM,ASSLYSATGELF,0
NLVPMVATV,DRGSQSIYSNGDAVNGGNQFYLGHNAYNFKEQASSLEMGAGTEAF,DRGSQS,IYSNGD,AVNGGNQFY,LGHNA,YNFKEQ,ASSLEMGAGTEAF,0
NLVPMVATV,DSASNYIRSNVGEAASETSYDKVISGHNSFNNNVPASTQQGSYGYT,DSASNY,IRSNVGE,AASETSYDKVI,SGHNS,FNNNVP,ASTQQGSYGYT,0
KLGGALQAK,DSSSTYIFSNMDMADNAGNNRKLISGDLSYYNGEEASSVASNQPQH,DSSSTY,IFSNMDM,ADNAGNNRKLI,SGDLS,YYNGEE,ASSVASNQPQH,0
FEDLRLLSF,DRGSQSIYSNGDAVGIGFGNVLHMNHEYSMNVEVASSFGQGLSEQF,DRGSQS,IYSNGD,AVGIGFGNVLH,MNHEY,SMNVEV,ASSFGQGLSEQF,0
KLGGALQAK,VSGNPYYITGDNLVAVRDMLGFNKFYMRHNASNTAGTASSPTGSDTGELF,VSGNPY,YITGDNLV,AVRDMLGFNKFY,MRHNA,SNTAGT,ASSPTGSDTGELF,0
NLVPMVATV,DRGSQSIYSNGDAVPYSGGGADGLTKGHDRSFDVKDATSDFPPGVRGAPQETQY,DRGSQS,IYSNGD,AVPYSGGGADGLT,KGHDR,SFDVKD,ATSDFPPGVRGAPQETQY,0
RLPGVLPRA,SIFNTLYKAGELAGHTGNQFYSGHATFQNNGVASSLGVAGTNTGELF,SIFNT,LYKAGEL,AGHTGNQFY,SGHAT,FQNNGV,ASSLGVAGTNTGELF,0
ELAGIGILTV,TRDTTYYRNSFDEQNARDNAGNMLTMNHNYSVGAGIASSYSAWNEQF,TRDTTYY,RNSFDEQN,ARDNAGNMLT,MNHNY,SVGAGI,ASSYSAWNEQF,0
KLGGALQAK,YGATPYYFSGDTLVAVTRDDKIILNHDASQIVNDASSIYSNQPQH,YGATPY,YFSGDTLV,AVTRDDKII,LNHDA,SQIVND,ASSIYSNQPQH,0
GILGFVFTL,TSGFNGNVLDGLAVENQGGKLIKGHTFFQNEQVASSQSPGAGGTEAF,TSGFNG,NVLDGL,AVENQGGKLI,KGHTF,FQNEQV,ASSQSPGAGGTEAF,0
RAKFKQLL,DSASNYIRSNVGEAAAETSYDKVISEHNRFQNEAQASSLRGIDEQY,DSASNY,IRSNVGE,AAAETSYDKVI,SEHNR,FQNEAQ,ASSLRGIDEQY,1
RLPGVLPRA,TRDTTYYRNSFDEQNALSGPGTSFLGSARQLTSGHDTYYEEEEASSLRDGSEAF,TRDTTYY,RNSFDEQN,ALSGPGTSFLGSARQLT,SGHDT,YYEEEE,ASSLRDGSEAF,0
KSKRTPMGF,DSASNYIRSNVGEAAAETSYDKVILNHDASQIVNDASSWIAANTGELF,DSASNY,IRSNVGE,AAAETSYDKVI,LNHDA,SQIVND,ASSWIAANTGELF,0
KLGGALQAK,NSAFQYTYSSGNAMTGTTNAGKSTSGHNSFNNNVPASTYGSYGYT,NSAFQY,TYSSGN,AMTGTTNAGKST,SGHNS,FNNNVP,ASTYGSYGYT,0
NLVPMVATV,NSMFDYISSIKDKAARANNARLMSEHNRFQNEAQASSLEYSPRPYEQY,NSMFDY,ISSIKDK,AARANNARLM,SEHNR,FQNEAQ,ASSLEYSPRPYEQY,1
AVFDRKSDAK,VSGNPYYITGDNLVAVRDPGGYNKLILNHDASQIVNDASSARSSTEQY,VSGNPY,YITGDNLV,AVRDPGGYNKLI,LNHDA,SQIVND,ASSARSSTEQY,0
ATDALMTGF,DRGSQSIYSNGDAVQGNFNKFYDFQATTSNEGSKASAEQLGVLNTEAF,DRGSQS,IYSNGD,AVQGNFNKFY,DFQATT,SNEGSKA,SAEQLGVLNTEAF,0
KLGGALQAK,TSINNIRSNEREASPHQKVTLNHDASQIVNDASSQRSTDTQY,TSINN,IRSNERE,ASPHQKVT,LNHDA,SQIVND,ASSQRSTDTQY,0
GILGFVFTL,NSAFQYTYSSGNAMGGSGGSQGNLILNHDASQIVNDASSIRASNEQF,NSAFQY,TYSSGN,AMGGSGGSQGNLI,LNHDA,SQIVND,ASSIRASNEQF,1
GLCTLVAML,SSYSPSYTSAATLVVVTSYGGATNKLIMNHNSSASEGTASSLPGLAIPYEQY,SSYSPS,YTSAATLV,VVTSYGGATNKLI,MNHNS,SASEGT,ASSLPGLAIPYEQY,0
AVFDRKSDAK,DSVNNIPSGTAVSPVTQGGSEKLVDFQATTSNEGSKASARVIPREAF,DSVNN,IPSGT,AVSPVTQGGSEKLV,DFQATT,SNEGSKA,SARVIPREAF,0
ELAGIGILTV,NSMFDYISSIKDKAARANNARLMSEHNRFQNEAQASSLEYSPRPYEQY,NSMFDY,ISSIKDK,AARANNARLM,SEHNR,FQNEAQ,ASSLEYSPRPYEQY,0
RPPIFIRRL,TTLSNLVKSGEVAGRRGAGKSTSGHDTYYEEEEASSAYAGLAGVRETQY,TTLSN,LVKSGEV,AGRRGAGKST,SGHDT,YYEEEE,ASSAYAGLAGVRETQY,0
GILGFVFTL,DRGSQSIYSNGDAVTPSNTGKLILNHDASQIVNDASSTRAGGVGQF,DRGSQS,IYSNGD,AVTPSNTGKLI,LNHDA,SQIVND,ASSTRAGGVGQF,1
KLGGALQAK,TSGFYGNALDGLVLDSNYQLISGHNTYYREEEASSLEWGWPPYYEQY,TSGFYG,NALDGL,VLDSNYQLI,SGHNT,YYREEE,ASSLEWGWPPYYEQY,0
ATDALMTGF,VSGNPYYITGDNLVAVRDREKAAGNKLTMNHNSSASEGTASSEFGNEQF,VSGNPY,YITGDNLV,AVRDREKAAGNKLT,MNHNS,SASEGT,ASSEFGNEQF,0
CINGVCWTV,TTLSNLVKSGEVAGRRGAGKSTSGHDTYYEEEEASSAYAGLAGVRETQY,TTLSN,LVKSGEV,AGRRGAGKST,SGHDT,YYEEEE,ASSAYAGLAGVRETQY,0
KLGGALQAK,TTSDRLLSNGAVAVDFRDNYGQNFVSGDLSYYNGEEASSLSSGTYEQY,TTSDR,LLSNGAV,AVDFRDNYGQNFV,SGDLS,YYNGEE,ASSLSSGTYEQY,0
KSKRTPMGF,TTLSNLVKSGEVAGPVYDYKLSSGHVSFQNEAQASSLSGTGDYEQY,TTLSN,LVKSGEV,AGPVYDYKLS,SGHVS,FQNEAQ,ASSLSGTGDYEQY,1
GILGFVFTL,TRDTTYYRNSFDEQNALIANRDDKIISGHNSFNNNVPASSFLDRGPNTEAF,TRDTTYY,RNSFDEQN,ALIANRDDKII,SGHNS,FNNNVP,ASSFLDRGPNTEAF,0
AVFDRKSDAK,DRGSQSIYSNGDAVNADKIIMDHENSYDVKMASTQIFGNYGYT,DRGSQS,IYSNGD,AVNADKII,MDHEN,SYDVKM,ASTQIFGNYGYT,0
RAKFKQLL,DRGSQSIYSNGDAVNWEEQGGSYIPTDFQATTSNEGSKASAPARSEPYEQY,DRGSQS,IYSNGD,AVNWEEQGGSYIPT,DFQATT,SNEGSKA,SAPARSEPYEQY,0
KLGGALQAK,SIFNTLYKAGELAGLETSGTYKYISGHNTYYREEEASSYKPGQRDYT,SIFNT,LYKAGEL,AGLETSGTYKYI,SGHNT,YYREEE,ASSYKPGQRDYT,1
RAKFKQLL,DSAIYNIQSSQREAASSVRQAGTALILNHDASQIVNDASSIGRSEQF,DSAIYN,IQSSQRE,AASSVRQAGTALI,LNHDA,SQIVND,ASSIGRSEQF,0
SLFNTVATLY,VSGNPYYITGDNLVAVRDREKAAGNKLTMNHNSSASEGTASSEFGNEQF,VSGNPY,YITGDNLV,AVRDREKAAGNKLT,MNHNS,SASEGT,ASSEFGNEQF,0
DATYQRTRALVR,YGATPYYFSGDTLVAVGAPGYSGTYKYIMDHENSYDVKMASSLEVARLAGEGYEQY,YGATPY,YFSGDTLV,AVGAPGYSGTYKYI,MDHEN,SYDVKM,ASSLEVARLAGEGYEQY,0
ATDALMTGF,NSASQSVYSSGVVNNGDKLISGHVSFNYEAQASSPGTTLAKNIQY,NSASQS,VYSSG,VVNNGDKLI,SGHVS,FNYEAQ,ASSPGTTLAKNIQY,0
KLGGALQAK,TSESDYYQEAYKQQNALMSARLMSGHNSFNNNVPASSFARAQADTQY,TSESDYY,QEAYKQQN,ALMSARLM,SGHNS,FNNNVP,ASSFARAQADTQY,0
KLGGALQAK,TRDTTYYRNSFDEQNALSVVDRGSTLGRLYLGHNAYNFKEQASSPPIGTSAQDTQY,TRDTTYY,RNSFDEQN,ALSVVDRGSTLGRLY,LGHNA,YNFKEQ,ASSPPIGTSAQDTQY,0
GILGFVFTL,DSASNYIRSNVGEAATNSGGSNYKLTSGHNTYYREEEASSFQGWELF,DSASNY,IRSNVGE,AATNSGGSNYKLT,SGHNT,YYREEE,ASSFQGWELF,0
SLFNTVATLY,VSNAYNGSKPAVEDSYNQGGKLIPRHDTFYEKMQASSPSGQGAGGYT,VSNAYN,GSKP,AVEDSYNQGGKLI,PRHDT,FYEKMQ,ASSPSGQGAGGYT,0
KLGGALQAK,DSASNYIRSNVGEAPPSMNHEYSVGEGTASSWGQGSPLH,DSASNY,IRSNVGE,APPS,MNHEY,SVGEGT,ASSWGQGSPLH,0
YLQPRTFLL,VSGNPYYITGDNLVAVAKDLQNSGGGADGLTLNHNVYYDKDFATSYEDNSGANVLT,VSGNPY,YITGDNLV,AVAKDLQNSGGGADGLT,LNHNV,YYDKDF,ATSYEDNSGANVLT,0
CINGVCWTV,TSENNYYQEAYKQQNAFMLGAGGTSYGKLTSGHVSFNYEAQASSFLTGNTEAF,TSENNYY,QEAYKQQN,AFMLGAGGTSYGKLT,SGHVS,FNYEAQ,ASSFLTGNTEAF,0
ELAGIGILTV,DSSSTYIFSNMDMAESTPGKLISGHDNFVKESKASSQSPGGITY,DSSSTY,IFSNMDM,AESTPGKLI,SGHDN,FVKESK,ASSQSPGGITY,0
AVFDRKSDAK,NSAFQYTYSSGNAVTSNSNSGYALNMDHENSYDVKMASSPQGVGQPQH,NSAFQY,TYSSGN,AVTSNSNSGYALN,MDHEN,SYDVKM,ASSPQGVGQPQH,0
KLGGALQAK,NSASDYIRSNMDKAENILSSSNTGKLISGDLSYYNGEEASQSAEASTDTQY,NSASDY,IRSNMDK,AENILSSSNTGKLI,SGDLS,YYNGEE,ASQSAEASTDTQY,0
GILGFVFTL,NSASDYIRSNMDKADSGGGADGLTGTSNPNSVGIGAWGDSYEQY,NSASDY,IRSNMDK,ADSGGGADGLT,GTSNPN,SVGIG,AWGDSYEQY,0
KLGGALQAK,DRGSQSIYSNGDAVGGGGADGLTMDHENSYDVKMASSYGEFGNQPQH,DRGSQS,IYSNGD,AVGGGGADGLT,MDHEN,SYDVKM,ASSYGEFGNQPQH,0
KSKRTPMGF,SVFSSVVTGGEVAGATQGGSEKLVMDHENSYDVKMASSVDGTLVDTQY,SVFSS,VVTGGEV,AGATQGGSEKLV,MDHEN,SYDVKM,ASSVDGTLVDTQY,0
KLGGALQAK,DRGSQSIYSNGDAEFQGAQKLVMDHENSYDVKMASSPTGLGQPQH,DRGSQS,IYSNGD,AEFQGAQKLV,MDHEN,SYDVKM,ASSPTGLGQPQH,0
GLCTLVAML,DRGSQSIYSNGDAVGGNNRLASNHLYFYNNEIASSEDFSGNTIY,DRGSQS,IYSNGD,AVGGNNRLA,SNHLY,FYNNEI,ASSEDFSGNTIY,0
CINGVCWTV,DRGSQSIYSNGDAGQGGKLIDFQATTSNEGSKASAALGLGEKLF,DRGSQS,IYSNGD,AGQGGKLI,DFQATT,SNEGSKA,SAALGLGEKLF,0
ELAGIGILTV,NIATNDYGYKTKLVGVPSGGYNKLIGTSNPNSVGIGAWSPITSNYGYT,NIATNDY,GYKTK,LVGVPSGGYNKLI,GTSNPN,SVGIG,AWSPITSNYGYT,0
NLVPMVATV,DSVNNIPSGTAVTPPPSYDKVISGHDYFNNNVPASSSVSGYT,DSVNN,IPSGT,AVTPPPSYDKVI,SGHDY,FNNNVP,ASSSVSGYT,1
NLVPMVATV,DRGSQSIYSNGDAVNPLRDSNYQLIMGHRAYSYEKLASSQTRGAGNTIY,DRGSQS,IYSNGD,AVNPLRDSNYQLI,MGHRA,YSYEKL,ASSQTRGAGNTIY,0
GILGFVFTL,SSNFYAMTLNGDEAFELILGAQKLVMNHEYSVGEGTASSYSWTGSNYGYT,SSNFYA,MTLNGDE,AFELILGAQKLV,MNHEY,SVGEGT,ASSYSWTGSNYGYT,0
ATDALMTGF,TSESDYYQEAYKQQNAYRTPYGGSQGNLIDFQATTSNEGSKASARPRESSNQPQH,TSESDYY,QEAYKQQN,AYRTPYGGSQGNLI,DFQATT,SNEGSKA,SARPRESSNQPQH,1
KLGGALQAK,DSSSTYIFSNMDMAEGETSYDKVISGHNSFNNNVPASRILDRGEAGELF,DSSSTY,IFSNMDM,AEGETSYDKVI,SGHNS,FNNNVP,ASRILDRGEAGELF,0
KLGGALQAK,DSVNNIPSGTAGSPSNTGKLILNHDASQIVNDASSIHSGNQPQH,DSVNN,IPSGT,AGSPSNTGKLI,LNHDA,SQIVND,ASSIHSGNQPQH,0
GILGFVFTL,TRDTTYYRNSFDEQNALSEAGRGGSYIPTLNHDASQIVNDASSIFGGAEAF,TRDTTYY,RNSFDEQN,ALSEAGRGGSYIPT,LNHDA,SQIVND,ASSIFGGAEAF,1
GILGFVFTL,TRDTTYYRNSFDEQNALLANAGGTSYGKLTSGHKSYYEKEEASSLDGYSGANVLT,TRDTTYY,RNSFDEQN,ALLANAGGTSYGKLT,SGHKS,YYEKEE,ASSLDGYSGANVLT,0
GILGFVFTL,TSGFYGNALDGLAVRDQDYGQNFVSGHDTYYEEEEASRDRGVGSPLH,TSGFYG,NALDGL,AVRDQDYGQNFV,SGHDT,YYEEEE,ASRDRGVGSPLH,0
GILGFVFTL,DSAIYNIQSSQREAELIYNQGGKLILNHDASQIVNDASSIRASVEQY,DSAIYN,IQSSQRE,AELIYNQGGKLI,LNHDA,SQIVND,ASSIRASVEQY,1
AVFDRKSDAK,TISGNEYGLKNNIVRVGYTGFQKLVMGHRAYSYEKLASRGTGGGSGQPQH,TISGNEY,GLKNN,IVRVGYTGFQKLV,MGHRA,YSYEKL,ASRGTGGGSGQPQH,0
NLVPMVATV,NSASQSVYSSGVARYNFNKFYGTSNPNSVGIGAWSVLGGNTEAF,NSASQS,VYSSG,VARYNFNKFY,GTSNPN,SVGIG,AWSVLGGNTEAF,0
RAKFKQLL,DSVNNIPSGTAVVHNDMRLGHDTYNNKELASSQDVSRLAHLSTDTQN,DSVNN,IPSGT,AVVHNDMR,LGHDT,YNNKEL,ASSQDVSRLAHLSTDTQN,0
NLVPMVATV,SIFNTLYKAGELAGRPEVDSQGNLILNHDASQIVNDASSIFSVSNEQY,SIFNT,LYKAGEL,AGRPEVDSQGNLI,LNHDA,SQIVND,ASSIFSVSNEQY,0
GILGFVFTL,SVFSSVVTGGEVAGASSGGGADGLTMNHEYSVGAGIASSPENSPLH,SVFSS,VVTGGEV,AGASSGGGADGLT,MNHEY,SVGAGI,ASSPENSPLH,0
KSKRTPMGF,VSGLRGLYSAGEEAVQALRAAGNKLTSGHRSYFSETQASRGSSSISGANVLT,VSGLRG,LYSAGEE,AVQALRAAGNKLT,SGHRS,YFSETQ,ASRGSSSISGANVLT,0
KLGGALQAK,TSINNIRSNEREATDYYGNNRLAMNHEYSVGAGIASREGQFQETQY,TSINN,IRSNERE,ATDYYGNNRLA,MNHEY,SVGAGI,ASREGQFQETQY,1
GILGFVFTL,TISGTDYGLTSNIRGGNTPLVPRHDTFYEKMQASSPGLAGTGYEQY,TISGTDY,GLTSN,IRGGNTPLV,PRHDT,FYEKMQ,ASSPGLAGTGYEQY,0
VLFGLGFAI,NSMFDYISSIKDKAASGGSNYKLTLGHDTYNNKELASSQEVMTALQPDYGYT,NSMFDY,ISSIKDK,AASGGSNYKLT,LGHDT,YNNKEL,ASSQEVMTALQPDYGYT,1
KLGGALQAK,TSGFYGNALDGLAVDDTGGGNKLTSNHLYFYNNEIASSAGQVSPGELF,TSGFYG,NALDGL,AVDDTGGGNKLT,SNHLY,FYNNEI,ASSAGQVSPGELF,0
RAKFKQLL,DSASNYIRSNVGEAAARMDSSYKLISQVTMANQGSEASAGGNTEAF,DSASNY,IRSNVGE,AAARMDSSYKLI,SQVTM,ANQGSEA,SAGGNTEAF,1
GILGFVFTL,TSENNYYQEAYKQQNAFTRDNYGQNFVSGHATFQNNGVASSLVRAATGELF,TSENNYY,QEAYKQQN,AFTRDNYGQNFV,SGHAT,FQNNGV,ASSLVRAATGELF,0
AVFDRKSDAK,VSPFSNMTFSENTVVSQSNAGNNRKLIMNHNSSASEGTASSEPEGNYGYT,VSPFSN,MTFSENT,VVSQSNAGNNRKLI,MNHNS,SASEGT,ASSEPEGNYGYT,1
KLGGALQAK,TRDTTYYRNSFDEQNALSDLNQAGTALISGHVSFQNEAQASSYGIAGKETQY,TRDTTYY,RNSFDEQN,ALSDLNQAGTALI,SGHVS,FQNEAQ,ASSYGIAGKETQY,0
NLVPMVATV,DRGSQSIYSNGDAVAAYKYIMNHNSSASEGTASSGGQAYEQY,DRGSQS,IYSNGD,AVAAYKYI,MNHNS,SASEGT,ASSGGQAYEQY,0
GILGFVFTL,NIATNDYGYKTKLVGEGPSGGYQKVTLNHNVYYDKDFATGTSGKDNEQF,NIATNDY,GYKTK,LVGEGPSGGYQKVT,LNHNV,YYDKDF,ATGTSGKDNEQF,0
GILGFVFTL,DRGSQSIYSNGDAVSGGKLISGHDYFNNNVPASSPQGFSYEQY,DRGSQS,IYSNGD,AVSGGKLI,SGHDY,FNNNVP,ASSPQGFSYEQY,0
RAKFKQLL,NSAFQYTYSSGNAMMGDSWGKLQMNHEYSVGAGIASSEQGYEQY,NSAFQY,TYSSGN,AMMGDSWGKLQ,MNHEY,SVGAGI,ASSEQGYEQY,0
ELAGIGILTV,TRDTTYYRNSFDEQNALSEDSSASKIIMDHENSYDVKMASEPGQGPGGWSYEQY,TRDTTYY,RNSFDEQN,ALSEDSSASKII,MDHEN,SYDVKM,ASEPGQGPGGWSYEQY,0
GILGFVFTL,NSASDYIRSNMDKADSGGGADGLTSGHATFQNNGVASSLGVAGTNTGELF,NSASDY,IRSNMDK,ADSGGGADGLT,SGHAT,FQNNGV,ASSLGVAGTNTGELF,0
KLGGALQAK,DSASNYIRSNVGEAASETSYDKVISGHNSFNNNVPASSIGDRAYGYT,DSASNY,IRSNVGE,AASETSYDKVI,SGHNS,FNNNVP,ASSIGDRAYGYT,0
RAKFKQLL,TISGTDYGLTSNILDNNNDMRSGHVSFNYEAQASSLAPGTTNEKLF,TISGTDY,GLTSN,ILDNNNDMR,SGHVS,FNYEAQ,ASSLAPGTTNEKLF,0
GILGFVFTL,NSASQSVYSSGVVNMDTGRRALTSGDLSYYNGEEASSPRPDKEAF,NSASQS,VYSSG,VVNMDTGRRALT,SGDLS,YYNGEE,ASSPRPDKEAF,1
KLGGALQAK,NIATNDYGYKTKLVGDMAGGFKTISGHNTYYREEEASSWTQGDEQY,NIATNDY,GYKTK,LVGDMAGGFKTI,SGHNT,YYREEE,ASSWTQGDEQY,0
YLQPRTFLL,DRGSQSIYSNGDAVLTLNARLMSGHDYFNNNVPASLPTGTNTGELF,DRGSQS,IYSNGD,AVLTLNARLM,SGHDY,FNNNVP,ASLPTGTNTGELF,0
GILGFVFTL,ATGYPSATKADDKALDNTGKLISGHATFQNNGVASSWNRASSYEQY,ATGYPS,ATKADDK,ALDNTGKLI,SGHAT,FQNNGV,ASSWNRASSYEQY,0
CINGVCWTV,SVFSSVVTGGEVAGCHGSGNTGKLILNHDASQIVNDASSSRSAYEQY,SVFSS,VVTGGEV,AGCHGSGNTGKLI,LNHDA,SQIVND,ASSSRSAYEQY,0
KLGGALQAK,KALYSLLKGGEQGTEKARPNDYKLSMNHNYSVGAGIASSYPLPGLQLSTSTDTQY,KALYS,LLKGGEQ,GTEKARPNDYKLS,MNHNY,SVGAGI,ASSYPLPGLQLSTSTDTQY,1
GILGFVFTL,TSGFYGNALDGLAVNNYGQNFVSGHNSFNNNVPASSTTSGGVETQY,TSGFYG,NALDGL,AVNNYGQNFV,SGHNS,FNNNVP,ASSTTSGGVETQY,1
RAKFKQLL,DRGSQSIYSNGDAVDTGGGADGLTSNHLYFYNNEIARGQDAANTGELF,DRGSQS,IYSNGD,AVDTGGGADGLT,SNHLY,FYNNEI,ARGQDAANTGELF,0
ELAGIGILTV,TSESDYYQEAYKQQNAYRSLDLSGNTPLVMNHEYSMNVEVASSLYIQGGEQY,TSESDYY,QEAYKQQN,AYRSLDLSGNTPLV,MNHEY,SMNVEV,ASSLYIQGGEQY,0
GILGFVFTL,DSAIYNIQSSQREAAALYNNAGNMLTLNHDASQIVNDASSIYSNQPQH,DSAIYN,IQSSQRE,AAALYNNAGNMLT,LNHDA,SQIVND,ASSIYSNQPQH,1
SPRWYFYYL,SVFSSVVTGGEVALEGGGADGLTFGMNHNSSASEGTASSEAELLSSYNEQFFG,SVFSS,VVTGGEV,ALEGGGADGLTFG,MNHNS,SASEGT,ASSEAELLSSYNEQFFG,0
KLGGALQAK,DSSSTYIFSNMDMAESEGPTYTDKLISGHKSYYEKEEASSGPGGVDEQY,DSSSTY,IFSNMDM,AESEGPTYTDKLI,SGHKS,YYEKEE,ASSGPGGVDEQY,0
KLGGALQAK,VSGLRGLYSAGEEAVQALRAAGNKLTSGHRSYFSETQASRGSSSISGANVLT,VSGLRG,LYSAGEE,AVQALRAAGNKLT,SGHRS,YFSETQ,ASRGSSSISGANVLT,0
GLCTLVAML,DSASNYIRSNVGEAAPPSTGTASKLTDFQATTSNEGSKASARDETGNTIY,DSASNY,IRSNVGE,AAPPSTGTASKLT,DFQATT,SNEGSKA,SARDETGNTIY,1
RAKFKQLL,TRDTTYYRNSFDEQNALSEAQYGGATNKLIMNHEYSVGAGIATSPNRAYEQY,TRDTTYY,RNSFDEQN,ALSEAQYGGATNKLI,MNHEY,SVGAGI,ATSPNRAYEQY,0
AVFDRKSDAK,SVFSSVVTGGEVAGGGSQGNLIDFQATTSNEGSKASARDLTAGSYEQY,SVFSS,VVTGGEV,AGGGSQGNLI,DFQATT,SNEGSKA,SARDLTAGSYEQY,0
AVFDRKSDAK,SSVSVYYLSGSTLVAVSDPDTDKLIMNHNSSASEGTASSDWTNTGELF,SSVSVY,YLSGSTLV,AVSDPDTDKLI,MNHNS,SASEGT,ASSDWTNTGELF,0
RAKFKQLL,TRDTTYYRNSFDEQNALSEANTGGFKTISGHATFQNNGVASSWGGGSHYGYT,TRDTTYY,RNSFDEQN,ALSEANTGGFKTI,SGHAT,FQNNGV,ASSWGGGSHYGYT,0
NLVPMVATV,VSGNPYYITGDNLVTSRVTDYKLSSEHNRFQNEAQASSPDRESNTGELF,VSGNPY,YITGDNLV,TSRVTDYKLS,SEHNR,FQNEAQ,ASSPDRESNTGELF,0
IVTDFSVIK,DSAIYNIQSSQREAVNYGGSQGNLISGHATFQNNGVASRLLGQLETQY,DSAIYN,IQSSQRE,AVNYGGSQGNLI,SGHAT,FQNNGV,ASRLLGQLETQY,0
ELAGIGILTV,SSYSPSYTSAATLVVVSVYSGGGADGLTMNHEYSVGAGIASSYRPGQYTEAF,SSYSPS,YTSAATLV,VVSVYSGGGADGLT,MNHEY,SVGAGI,ASSYRPGQYTEAF,0
GILGFVFTL,SSYSPSYTSAATLVVVSAPGQAGTALISEHNRFQNEAQASSLDQGMTEAF,SSYSPS,YTSAATLV,VVSAPGQAGTALI,SEHNR,FQNEAQ,ASSLDQGMTEAF,0
IVTDFSVIK,DSASNYIRSNVGEAAINTGTASKLTMNHEYSMNVEVASSSPGPREKLF,DSASNY,IRSNVGE,AAINTGTASKLT,MNHEY,SMNVEV,ASSSPGPREKLF,0
RAKFKQLL,YSGSPEHISRALDYKAAGNKLTSGHTAFQGTGAASSQGPTGGYVSEAF,YSGSPE,HISR,ALDYKAAGNKLT,SGHTA,FQGTGA,ASSQGPTGGYVSEAF,0
KSKRTPMGF,DSVNNIPSGTAVDHLMNYGGSQGNLILNHDASQIVNDASSTYSQDTQY,DSVNN,IPSGT,AVDHLMNYGGSQGNLI,LNHDA,SQIVND,ASSTYSQDTQY,0
LLWNGPMAV,SSVPPYYTSAATLVAVSAGGGFKTIKGHSHLQKENIASSEDDFTGTDTQY,SSVPPY,YTSAATLV,AVSAGGGFKTI,KGHSH,LQKENI,ASSEDDFTGTDTQY,0
IVTDFSVIK,DSASNYIRSNVGEAARETSYDKVISEHNRFQNEAQASSLVGTKRETQY,DSASNY,IRSNVGE,AARETSYDKVI,SEHNR,FQNEAQ,ASSLVGTKRETQY,0
AVFDRKSDAK,DRGSQSIYSNGDAVNGNQFYMGHRAYSYEKLASSQEEESLGYEQY,DRGSQS,IYSNGD,AVNGNQFY,MGHRA,YSYEKL,ASSQEEESLGYEQY,0
GILGFVFTL,DRGSQSIYSNGDAVPQAGTALILNHDASQIVNDASSPGALNTEAF,DRGSQS,IYSNGD,AVPQAGTALI,LNHDA,SQIVND,ASSPGALNTEAF,0
AVFDRKSDAK,TISGNEYGLKNNIVMDDFQKLVSGHNSFNNNVPASSFSGNTGELF,TISGNEY,GLKNN,IVMDDFQKLV,SGHNS,FNNNVP,ASSFSGNTGELF,0
GLCTLVAML,YGATPYYFSGDTLVAVAWGGGADGLTSGHNTYYREEEASSSTGGGEKDQPQH,YGATPY,YFSGDTLV,AVAWGGGADGLT,SGHNT,YYREEE,ASSSTGGGEKDQPQH,0
IVTDFSVIK,KTLYGLQKGGEEGAGRVDDMRSGHATFQNNGVASSWGGGSHYGYT,KTLYG,LQKGGEE,GAGRVDDMR,SGHAT,FQNNGV,ASSWGGGSHYGYT,1
RAKFKQLL,SVFSSVVTGGEVAGPYNAGNMLTMNHEYSVGAGIASSYSTGEGAQY,SVFSS,VVTGGEV,AGPYNAGNMLT,MNHEY,SVGAGI,ASSYSTGEGAQY,0
RAKFKQLL,NSASDYIRSNMDKAENRGTALILGHNAYNFKEQASSQRPSEVGELF,NSASDY,IRSNMDK,AENRGTALI,LGHNA,YNFKEQ,ASSQRPSEVGELF,1
GILGFVFTL,ATGYPSATKADDKALTKRTAAGNKLTSGHDYFNNNVPASRTGGAEAF,ATGYPS,ATKADDK,ALTKRTAAGNKLT,SGHDY,FNNNVP,ASRTGGAEAF,0
KLGGALQAK,TTSDRLLSNGAVAPGNTGKLISEHNRFQNEAQASSLGRDLNQPQH,TTSDR,LLSNGAV,APGNTGKLI,SEHNR,FQNEAQ,ASSLGRDLNQPQH,0
RLPGVLPRA,VSGNPYYITGDNLVAVRDREKAAGNKLTMNHNSSASEGTASSEFGNEQF,VSGNPY,YITGDNLV,AVRDREKAAGNKLT,MNHNS,SASEGT,ASSEFGNEQF,0
CINGVCWTV,NIATNDYGYKTKLAGGDKIISNHLYFYNNEIASRTPWDSDSYNEQF,NIATNDY,GYKTK,LAGGDKII,SNHLY,FYNNEI,ASRTPWDSDSYNEQF,1
RAKFKQLL,VSGLRGLYSAGEEAVQARNNNARLMPRHDTFYEKMQASSSTIAGGNTGELF,VSGLRG,LYSAGEE,AVQARNNNARLM,PRHDT,FYEKMQ,ASSSTIAGGNTGELF,0
FEDLRVLSF,DRGSQSIYSNGDAVTIGWGKLQSQVTMANQGSEASVYLNTEAF,DRGSQS,IYSNGD,AVTIGWGKLQ,SQVTM,ANQGSEA,SVYLNTEAF,1
GLCTLVAML,DRGSQSIYSNGDAVKGDDKIILGHNAYNFKEQASSQGILSGELF,DRGSQS,IYSNGD,AVKGDDKII,LGHNA,YNFKEQ,ASSQGILSGELF,0
LLWNGPMAV,TSGFYGNALDGLAVRDQEGNTPLVSGHNSFNNNVPASSSVNEQY,TSGFYG,NALDGL,AVRDQEGNTPLV,SGHNS,FNNNVP,ASSSVNEQY,0
ATDALMTGF,NSAFQYTYSSGNAMEGGANNLFLNHDASQIVNDASTSVMTDSIYGYT,NSAFQY,TYSSGN,AMEGGANNLF,LNHDA,SQIVND,ASTSVMTDSIYGYT,0
NLVPMVATV,TSINNIRSNEREATDAATGRRALTDFQATTSNEGSKASAWTGTEAF,TSINN,IRSNERE,ATDAATGRRALT,DFQATT,SNEGSKA,SAWTGTEAF,0
LLWNGPMAV,TSINNIRSNEREATDADYGGSQGNLISEHNRFQNEAQASSGSSRTPNTEAF,TSINN,IRSNERE,ATDADYGGSQGNLI,SEHNR,FQNEAQ,ASSGSSRTPNTEAF,0
LLWNGPMAV,DRGSQSIYSNGDAVSGQKLLDFQATTSNEGSKASASDNMVGAYEQY,DRGSQS,IYSNGD,AVSGQKLL,DFQATT,SNEGSKA,SASDNMVGAYEQY,1
KSKRTPMGF,DRGSQSIYSNGDAAQGGKLIMNHEYSMNVEVASSSGTGVFLAEAF,DRGSQS,IYSNGD,AAQGGKLI,MNHEY,SMNVEV,ASSSGTGVFLAEAF,0
LLWNGPMAV,YGATPYYFSGDTLVAVGLNHMRPRHDTFYEKMQASSLQLASNTGELF,YGATPY,YFSGDTLV,AVGLNHMR,PRHDT,FYEKMQ,ASSLQLASNTGELF,0
GILGFVFTL,TTSDRLLSNGAVAVDMEYGNKLVLGHNAYSLEERASSQGGYGYT,TTSDR,LLSNGAV,AVDMEYGNKLV,LGHNA,YSLEER,ASSQGGYGYT,0
HPVTKYIM,TISGTDYGLTSNILRPREDRGSTLGRLYSQVTMANQGSEASVRQGARDNEQF,TISGTDY,GLTSN,ILRPREDRGSTLGRLY,SQVTM,ANQGSEA,SVRQGARDNEQF,1
GILGFVFTL,NSASDYIRSNMDKAENLGDSSYKLISGHDYFNNNVPASRPSGGAETQY,NSASDY,IRSNMDK,AENLGDSSYKLI,SGHDY,FNNNVP,ASRPSGGAETQY,1
RAKFKQLL,TSGFNGNVLDGLAPKDGQKLLDFQATTSNEGSKASAETGNTEAF,TSGFNG,NVLDGL,APKDGQKLL,DFQATT,SNEGSKA,SAETGNTEAF,0
LLWNGPMAV,SSNFYAMTLNGDEAFSYNNNDMRMGHRAYSYEKLASSQDRFTDPYGYT,SSNFYA,MTLNGDE,AFSYNNNDMR,MGHRA,YSYEKL,ASSQDRFTDPYGYT,0
GILGFVFTL,DSSSTYIFSNMDMAESEGPTYTDKLIMGHRAYSYEKLASSLLWAEYNEQF,DSSSTY,IFSNMDM,AESEGPTYTDKLI,MGHRA,YSYEKL,ASSLLWAEYNEQF,0
AVFDRKSDAK,TTLSNLVKSGEVAGVGYALNLGHNAYSLEERASSQDSTYEQY,TTLSN,LVKSGEV,AGVGYALN,LGHNA,YSLEER,ASSQDSTYEQY,1
GILGFVFTL,TSINNIRSNEREAPSLMDTGRRALTSGHNSFNNNVPASSFGGDGYNEQF,TSINN,IRSNERE,APSLMDTGRRALT,SGHNS,FNNNVP,ASSFGGDGYNEQF,0
GILGFVFTL,TSGFYGNALDGLAVRDQWAGNTPLVMNHEYSVGAGIASSYEAGPANEQF,TSGFYG,NALDGL,AVRDQWAGNTPLV,MNHEY,SVGAGI,ASSYEAGPANEQF,0
CINGVCWTV,DSAIYNIQSSQREATYLCAAGDDKIISGHVSFQNEAQASSLQNTGELF,DSAIYN,IQSSQRE,ATYLCAAGDDKII,SGHVS,FQNEAQ,ASSLQNTGELF,0
RAKFKQLL,DSSSTYIFSNMDMAERRNAGNNRKLILNHNVYYDKDFATSTGGGYEQY,DSSSTY,IFSNMDM,AERRNAGNNRKLI,LNHNV,YYDKDF,ATSTGGGYEQY,0
ELAGIGILTV,NIATNDYGYKTKLVGDRSDGQKLLENHRYSYGVKDAINTGDSNQPQH,NIATNDY,GYKTK,LVGDRSDGQKLL,ENHRY,SYGVKD,AINTGDSNQPQH,0
SPRWYFYYL,SSVPPYYTSAATLVAVSSRDDKLISEHNRFQNEAQASSSPGEYEKLF,SSVPPY,YTSAATLV,AVSSRDDKLI,SEHNR,FQNEAQ,ASSSPGEYEKLF,0
SPRWYFYYL,NIATNDYGYKTKLVGEPLGGGGNKLTSGHDTYYEEEEASSLARGTEAF,NIATNDY,GYKTK,LVGEPLGGGGNKLT,SGHDT,YYEEEE,ASSLARGTEAF,0
RAKFKQLL,DSVNNIPSGTAGSPSNTGKLIDFQATTSNEGSKASARARTRDSSMQY,DSVNN,IPSGT,AGSPSNTGKLI,DFQATT,SNEGSKA,SARARTRDSSMQY,0
KLGGALQAK,DRGSQSIYSNGDAVSSTDKLIDFQATTSNEGSKASAPLAGGPNEQF,DRGSQS,IYSNGD,AVSSTDKLI,DFQATT,SNEGSKA,SAPLAGGPNEQF,0
RAKFKQLL,TRDTTYYRNSFDEQNALSEAGGMGGGADGLTSGHNSFNNNVPASSFSGNTGELF,TRDTTYY,RNSFDEQN,ALSEAGGMGGGADGLT,SGHNS,FNNNVP,ASSFSGNTGELF,1
LLWNGPMAV,NSASDYIRSNMDKADSGGGADGLTDFQATTSNEGSKASALWTDSYEQY,NSASDY,IRSNMDK,ADSGGGADGLT,DFQATT,SNEGSKA,SALWTDSYEQY,0
GILGFVFTL,TTSDRLLSNGAVAVDFRDNYGQNFVSGDLSYYNGEEASSLSSGTYEQY,TTSDR,LLSNGAV,AVDFRDNYGQNFV,SGDLS,YYNGEE,ASSLSSGTYEQY,0
KLGGALQAK,TRDTTYYRNSFDEQNALSGEGGSEKLVMGHDKSYGVNSASSETGFGNQPQH,TRDTTYY,RNSFDEQN,ALSGEGGSEKLV,MGHDK,SYGVNS,ASSETGFGNQPQH,0
AVFDRKSDAK,VGISALSSGKAVSASGTYKYIMNHEYSVGEGTASRASMSSYNEQF,VGISA,LSSGK,AVSASGTYKYI,MNHEY,SVGEGT,ASRASMSSYNEQF,1
LLWNGPMAV,VSPFSNMTFSENTVVSSYSSASKIIKGHDRSFDVKDATSDLPGKAGYT,VSPFSN,MTFSENT,VVSSYSSASKII,KGHDR,SFDVKD,ATSDLPGKAGYT,0
KLGGALQAK,SSYSPSYTSAATLVVVSETGTASKLTLGHDTYNNKELASSQGGQSAWTQY,SSYSPS,YTSAATLV,VVSETGTASKLT,LGHDT,YNNKEL,ASSQGGQSAWTQY,0
RAKFKQLL,SSVPPYYTSAATLVAVTFTGNTPLVLNHDASQIVNDASSTRSQETQY,SSVPPY,YTSAATLV,AVTFTGNTPLV,LNHDA,SQIVND,ASSTRSQETQY,0
LLWNGPMAV,DSSSTYIFSNMDMAEDSASKIIDFQATTSNEGSKASARDETGNGYT,DSSSTY,IFSNMDM,AEDSASKII,DFQATT,SNEGSKA,SARDETGNGYT,0
GILGFVFTL,DRGSQSIYSNGDSSSDSGHDNFVKESKASSHAGLG,DRGSQS,IYSNGD,SSSD,SGHDN,FVKESK,ASSHAGLG,0
KLGGALQAK,KTLYGLQKGGEEGADSKTGSYQLTMDHENSYDVKMASSFLPRAYNEQF,KTLYG,LQKGGEE,GADSKTGSYQLT,MDHEN,SYDVKM,ASSFLPRAYNEQF,0
SPRWYFYYL,NSASQSVYSSGVVNMIMNTGFQKLVGTSNPNSVGIGAWSVTSTGGTEAF,NSASQS,VYSSG,VVNMIMNTGFQKLV,GTSNPN,SVGIG,AWSVTSTGGTEAF,0
GLCTLVAML,SVFSSVVTGGEVAGATQGGSEKLVMDHENSYDVKMASSVDGTLVDTQY,SVFSS,VVTGGEV,AGATQGGSEKLV,MDHEN,SYDVKM,ASSVDGTLVDTQY,0
GILGFVFTL,SVFSSVVTGGEVAGGLGGGSQGNLILNHDASQIVNDASSIRAAYEQY,SVFSS,VVTGGEV,AGGLGGGSQGNLI,LNHDA,SQIVND,ASSIRAAYEQY,1
LLWNGPMAV,DSASNYIRSNVGEAAPYSGGSNYKLTSGHTAFQGTGAASSLVGTGELF,DSASNY,IRSNVGE,AAPYSGGSNYKLT,SGHTA,FQGTGA,ASSLVGTGELF,0
KLGGALQAK,SSVPPYYTSAATLVAVTPGDYKLSLNHDASQIVNDASSIRDSGNQPQH,SSVPPY,YTSAATLV,AVTPGDYKLS,LNHDA,SQIVND,ASSIRDSGNQPQH,0
GLCTLVAML,TRDTTYYRNSFDEQNALSEASLVDSNYQLILNHDASQIVNDASSPTSGGYNEQF,TRDTTYY,RNSFDEQN,ALSEASLVDSNYQLI,LNHDA,SQIVND,ASSPTSGGYNEQF,0
GILGFVFTL,TRDTTYYRNSFDEQNALSEASLVDSNYQLILNHDASQIVNDASSPTSGGYNEQF,TRDTTYY,RNSFDEQN,ALSEASLVDSNYQLI,LNHDA,SQIVND,ASSPTSGGYNEQF,1
GILGFVFTL,TSGFYGNALDGLAVKASGGSYIPTLNHDASQIVNDASSVGLAGDNEQF,TSGFYG,NALDGL,AVKASGGSYIPT,LNHDA,SQIVND,ASSVGLAGDNEQF,0
AVFDRKSDAK,SVFSSVVTGGEVAGDGGGGSQGNLILNHDASQIVNDASSFGSTDTQY,SVFSS,VVTGGEV,AGDGGGGSQGNLI,LNHDA,SQIVND,ASSFGSTDTQY,0
ELAGIGILTV,DSASNYIRSNVGEAASETSYDKVISGHNSFNNNVPASQPHGTGDHEQY,DSASNY,IRSNVGE,AASETSYDKVI,SGHNS,FNNNVP,ASQPHGTGDHEQY,0
GILGFVFTL,DSASNYIRSNVGEAASFFSGGYNKLILGHNAYNFKEQASSPDRDQTYEQY,DSASNY,IRSNVGE,AASFFSGGYNKLI,LGHNA,YNFKEQ,ASSPDRDQTYEQY,0
KLGGALQAK,VSGNPYYITGDNLVAVRDPHYGGSQGNLISGHKSYYEKEEASSTGGEVQY,VSGNPY,YITGDNLV,AVRDPHYGGSQGNLI,SGHKS,YYEKEE,ASSTGGEVQY,0
RLPGVLPRA,VSGNPYYITGDNLVAVRDMLGFNKFYMRHNASNTAGTASSPTGSDTGELF,VSGNPY,YITGDNLV,AVRDMLGFNKFY,MRHNA,SNTAGT,ASSPTGSDTGELF,0
AVFDRKSDAK,YGATPYYFSGDTLVAPGETGANNLFLNHDASQIVNDASSFYSNQPQH,YGATPY,YFSGDTLV,APGETGANNLF,LNHDA,SQIVND,ASSFYSNQPQH,0
RAKFKQLL,YSGSPEHISRALPNAGGTSYGKLTDFQATTSNEGSKASAYKLAGIGADTQY,YSGSPE,HISR,ALPNAGGTSYGKLT,DFQATT,SNEGSKA,SAYKLAGIGADTQY,0
RAKFKQLL,SVFSSVVTGGEVAGELSHADSWGKLQLGHDTYNNKELASSQYLQVSAGNTIY,SVFSS,VVTGGEV,AGELSHADSWGKLQ,LGHDT,YNNKEL,ASSQYLQVSAGNTIY,0
GILGFVFTL,TSGFNGNVLDGLAVKDSNYQLIMDHENSYDVKMASSFGRLSGANVLT,TSGFNG,NVLDGL,AVKDSNYQLI,MDHEN,SYDVKM,ASSFGRLSGANVLT,0
GILGFVFTL,NSAFQYTYSSGNARGGGFKTISEHNRFQNEAQASSPVTGGGSGANVLT,NSAFQY,TYSSGN,ARGGGFKTI,SEHNR,FQNEAQ,ASSPVTGGGSGANVLT,1
AVFDRKSDAK,NSASDYIRSNMDKADSGGGADGLTMGHRAYSYEKLASSQDRGGPGELF,NSASDY,IRSNMDK,ADSGGGADGLT,MGHRA,YSYEKL,ASSQDRGGPGELF,0
RAKFKQLL,TSINNIRSNEREATDGSSGGSNYKLTLNHDASQIVNDASSIGLYGYT,TSINN,IRSNERE,ATDGSSGGSNYKLT,LNHDA,SQIVND,ASSIGLYGYT,0
RPPIFIRRL,TSINNIRSNEREATDYYGNNRLAMNHEYSVGAGIASREGQFQETQY,TSINN,IRSNERE,ATDYYGNNRLA,MNHEY,SVGAGI,ASREGQFQETQY,0
RAKFKQLL,DRGSQSIYSNGDAVNTDKLISQVTMANQGSEASVDRRADEQF,DRGSQS,IYSNGD,AVNTDKLI,SQVTM,ANQGSEA,SVDRRADEQF,0
RLRAEAQVK,DSVNNIPSGTAVDHLMNYGGSQGNLILNHDASQIVNDASSTYSQDTQY,DSVNN,IPSGT,AVDHLMNYGGSQGNLI,LNHDA,SQIVND,ASSTYSQDTQY,0
SPRWYFYYL,DSASNYIRSNVGEAASETSYDKVISEHNRFQNEAQASSLFFGYEQY,DSASNY,IRSNVGE,AASETSYDKVI,SEHNR,FQNEAQ,ASSLFFGYEQY,0
ELAGIGILTV,NIATNDYGYKTKLVSEPYNTDKLIMGHRAYSYEKLASSLQMASGSPDLGEQF,NIATNDY,GYKTK,LVSEPYNTDKLI,MGHRA,YSYEKL,ASSLQMASGSPDLGEQF,0
ELAGIGILTV,YSGSPEHISRALSGGSNYKLTLNHDASQIVNDASSIRSSYEQY,YSGSPE,HISR,ALSGGSNYKLT,LNHDA,SQIVND,ASSIRSSYEQY,0
YLQPRTFLL,TRDTTYYRNSFDEQNALSLKYNFNKFYSGHNSFNNNVPASSLARTEDNYEQY,TRDTTYY,RNSFDEQN,ALSLKYNFNKFY,SGHNS,FNNNVP,ASSLARTEDNYEQY,0
GILGFVFTL,DSAIYNIQSSQREAVRNQGGSEKLVLNHDASQIVNDASSARSSYEQY,DSAIYN,IQSSQRE,AVRNQGGSEKLV,LNHDA,SQIVND,ASSARSSYEQY,1
GLCTLVAML,NSAFQYTYSSGNAMKSTNAGKSTDFQATTSNEGSKASARDRVGNTIY,NSAFQY,TYSSGN,AMKSTNAGKST,DFQATT,SNEGSKA,SARDRVGNTIY,1
NLVPMVATV,NIATNDYGYKTKLVGEPLGGGGNKLTSGHDTYYEEEEASSLARGTEAF,NIATNDY,GYKTK,LVGEPLGGGGNKLT,SGHDT,YYEEEE,ASSLARGTEAF,0
KLGGALQAK,SVFSSVVTGGEVAGPYNAGNMLTMNHEYSVGAGIASSYSTGEGAQY,SVFSS,VVTGGEV,AGPYNAGNMLT,MNHEY,SVGAGI,ASSYSTGEGAQY,0
KSKRTPMGF,NSAFQYTYSSGNASYNQGGKLILNHDASQIVNDASSIRSSYEQY,NSAFQY,TYSSGN,ASYNQGGKLI,LNHDA,SQIVND,ASSIRSSYEQY,0
GLCTLVAML,DSVNNIPSGTAVEPLYGNKLVKGHDRSFDVKDATSDRLAGGELF,DSVNN,IPSGT,AVEPLYGNKLV,KGHDR,SFDVKD,ATSDRLAGGELF,0
AVFDRKSDAK,SVFSSVVTGGEVAGAGGGSQGNLILNHDASQIVNDASSIYGGAGDGYT,SVFSS,VVTGGEV,AGAGGGSQGNLI,LNHDA,SQIVND,ASSIYGGAGDGYT,0
RAKFKQLL,TRDTTYYRNSFDEQNALCKGDDKIILNHDASQIVNDASSMRSTGELF,TRDTTYY,RNSFDEQN,ALCKGDDKII,LNHDA,SQIVND,ASSMRSTGELF,0
RLRAEAQVK,NSAFQYTYSSGNAMSGGLNTGNQFYSGHRSYFSETQASSLAGEQF,NSAFQY,TYSSGN,AMSGGLNTGNQFY,SGHRS,YFSETQ,ASSLAGEQF,1
RPPIFIRRL,ATGYPSATKADDKALLTYNNNDMRSGHNSFNNNVPASSLDLRTSNQPQH,ATGYPS,ATKADDK,ALLTYNNNDMR,SGHNS,FNNNVP,ASSLDLRTSNQPQH,0
RLRAEAQVK,TRDTTYYRNSFDEQNALSEASLVDSNYQLILNHDASQIVNDASSPTSGGYNEQF,TRDTTYY,RNSFDEQN,ALSEASLVDSNYQLI,LNHDA,SQIVND,ASSPTSGGYNEQF,0
RAKFKQLL,NSASDYIRSNMDKAENGGGGADGLTSGHDTYYEEEEASSFEGLNTGELF,NSASDY,IRSNMDK,AENGGGGADGLT,SGHDT,YYEEEE,ASSFEGLNTGELF,0
RLPGVLPRA,TSINNIRSNEREATDYYGNNRLAMNHEYSVGAGIASREGQFQETQY,TSINN,IRSNERE,ATDYYGNNRLA,MNHEY,SVGAGI,ASREGQFQETQY,0
KLGGALQAK,YSGSPEHISRALVTFTGGGNKLTSGHNTYYREEEASSSTGGGEKDQPQH,YSGSPE,HISR,ALVTFTGGGNKLT,SGHNT,YYREEE,ASSSTGGGEKDQPQH,0
KSKRTPMGF,TRDTTYYRNSFDEQNALSEAVGADGLTSGHNTYYREEEASSLRSRDSPLH,TRDTTYY,RNSFDEQN,ALSEAVGADGLT,SGHNT,YYREEE,ASSLRSRDSPLH,0
GILGFVFTL,YGGTVNYFSGDPLVAVAMARSARQLTLGHDTYNNKELASSHLGTDSYGYGYT,YGGTVN,YFSGDPLV,AVAMARSARQLT,LGHDT,YNNKEL,ASSHLGTDSYGYGYT,0
KLGGALQAK,DSASNYIRSNVGEAAAETSYDKVISEHNRFQNEAQASSLRGIDEQY,DSASNY,IRSNVGE,AAAETSYDKVI,SEHNR,FQNEAQ,ASSLRGIDEQY,0
RAKFKQLL,DSSSTYIFSNMDMAESIRNNDMRDFQATTSNEGSKASARAYSSYEQY,DSSSTY,IFSNMDM,AESIRNNDMR,DFQATT,SNEGSKA,SARAYSSYEQY,0
GILGFVFTL,DSASNYIRSNVGEAASIAGYSTLTSQVTMANQGSEASVEDRHPPKNIQY,DSASNY,IRSNVGE,AASIAGYSTLT,SQVTM,ANQGSEA,SVEDRHPPKNIQY,0
KLGGALQAK,SVFSSVVTGGEVAGNSGNTGKLILNHDASQIVNDASSSRSGYEQY,SVFSS,VVTGGEV,AGNSGNTGKLI,LNHDA,SQIVND,ASSSRSGYEQY,0
NLVPMVATV,NIATNDYGYKTKLVNPDDYKLSGTSNPNSVGIGAWSVAGTNTEAF,NIATNDY,GYKTK,LVNPDDYKLS,GTSNPN,SVGIG,AWSVAGTNTEAF,0
GILGFVFTL,DSASNYIRSNVGEAATDTGGTSYGKLTLGHDTYNNKELASSQAYPSGAQASTDTQY,DSASNY,IRSNVGE,AATDTGGTSYGKLT,LGHDT,YNNKEL,ASSQAYPSGAQASTDTQY,0
KLGGALQAK,TRDTTYYRNSFDEQNALSEIGGGADGLTLNHDASQIVNDASSPEAGTVLEAF,TRDTTYY,RNSFDEQN,ALSEIGGGADGLT,LNHDA,SQIVND,ASSPEAGTVLEAF,1
IVTDFSVIK,DSASNYIRSNVGEAASINRMDNDMRDFQATTSNEGSKASAFDREGVDGYT,DSASNY,IRSNVGE,AASINRMDNDMR,DFQATT,SNEGSKA,SAFDREGVDGYT,0
GILGFVFTL,TSENNYYQEAYKQQNAFMTHTGTASKLTLNHDASQIVNDASSIGPTDTQY,TSENNYY,QEAYKQQN,AFMTHTGTASKLT,LNHDA,SQIVND,ASSIGPTDTQY,0
AVFDRKSDAK,NSASQSVYSSGVVNGEDDMRSGHNTYYREEEASIRDHNTGELF,NSASQS,VYSSG,VVNGEDDMR,SGHNT,YYREEE,ASIRDHNTGELF,0
IVTDFSVIK,VSGNPYYITGDNLVAVRDPHYGGSQGNLISGHKSYYEKEEASSTGGEVQY,VSGNPY,YITGDNLV,AVRDPHYGGSQGNLI,SGHKS,YYEKEE,ASSTGGEVQY,0
GILGFVFTL,DRGSQSIYSNGDAASGGYQKVTSGHTAFQGTGAASSPPGSGELF,DRGSQS,IYSNGD,AASGGYQKVT,SGHTA,FQGTGA,ASSPPGSGELF,0
ELAGIGILTV,DSASNYIRSNVGEAAQGSQGNLILNHDASQIVNDASSTFGANVLT,DSASNY,IRSNVGE,AAQGSQGNLI,LNHDA,SQIVND,ASSTFGANVLT,0
ELAGIGILTV,DRGSQSIYSNGDAVTARLMMGHRAYSYEKLASRAEDSGVHEQF,DRGSQS,IYSNGD,AVTARLM,MGHRA,YSYEKL,ASRAEDSGVHEQF,0
RAKFKQLL,YGGTVNYFSGDPLVAVKGVNFGNEKLTSGHTAFQGNSAASNWGGRGNTGELF,YGGTVN,YFSGDPLV,AVKGVNFGNEKLT,SGHTA,FQGNSA,ASNWGGRGNTGELF,0
GILGFVFTL,SVFSSVVTGGEVAGANDYKLSSGDLSYYNGEEASSAGQGGGYGYT,SVFSS,VVTGGEV,AGANDYKLS,SGDLS,YYNGEE,ASSAGQGGGYGYT,0
RAKFKQLL,DSASNYIRSNVGEAASETSYDKVISEHNRFQNEAQASSQLGRGDNEQF,DSASNY,IRSNVGE,AASETSYDKVI,SEHNR,FQNEAQ,ASSQLGRGDNEQF,1
GLCTLVAML,DSAIYNIQSSQREAALDSGAGNMLTMNHEYSVGAGIASIAGLRAF,DSAIYN,IQSSQRE,AALDSGAGNMLT,MNHEY,SVGAGI,ASIAGLRAF,0
RAKFKQLL,DSAIYNIQSSQREAVDLMKTSYDKVILNHDASQIVNDASSITWTGNMNTEAF,DSAIYN,IQSSQRE,AVDLMKTSYDKVI,LNHDA,SQIVND,ASSITWTGNMNTEAF,0
GPRLGVRAT,NIATNDYGYKTKLVNTNAGKSTLGHNAYNFKEQASSQEVGQRLLNTGELF,NIATNDY,GYKTK,LVNTNAGKST,LGHNA,YNFKEQ,ASSQEVGQRLLNTGELF,0
GILGFVFTL,NSASQSVYSSGVVNMGDFGNEKLTLGHNAYNFKEQASSPRLAARSDTQY,NSASQS,VYSSG,VVNMGDFGNEKLT,LGHNA,YNFKEQ,ASSPRLAARSDTQY,0
RLPGVLPRA,DRGSQSIYSNGDAVNDYKLSLGHNAYSLEERASSPNSAGGTEAF,DRGSQS,IYSNGD,AVNDYKLS,LGHNA,YSLEER,ASSPNSAGGTEAF,0
KLGGALQAK,NIATNDYGYKTKLVGDQILTGGGNKLTSGHTAFQGNSAASSLATGSGNQPQH,NIATNDY,GYKTK,LVGDQILTGGGNKLT,SGHTA,FQGNSA,ASSLATGSGNQPQH,0
GILGFVFTL,VSNAYNGSKPAVEDLKTGANNLFMGHRAYSYEKLASSLLWAEYNEQF,VSNAYN,GSKP,AVEDLKTGANNLF,MGHRA,YSYEKL,ASSLLWAEYNEQF,0
RAKFKQLL,TISGNEYGLKNNIVRVNAGNMLTGTSNPNSVGIGAWSGRAGVSNEQF,TISGNEY,GLKNN,IVRVNAGNMLT,GTSNPN,SVGIG,AWSGRAGVSNEQF,0
YLQPRTFLL,KTLYGLQKGGEEGAGRVDDMRSGHATFQNNGVASSWGGGSHYGYT,KTLYG,LQKGGEE,GAGRVDDMR,SGHAT,FQNNGV,ASSWGGGSHYGYT,0
GILGFVFTL,DRGSQSIYSNGDAVNTDSWGKLQSGHKSYYEKEEASSGPGGVDEQY,DRGSQS,IYSNGD,AVNTDSWGKLQ,SGHKS,YYEKEE,ASSGPGGVDEQY,0
IVTDFSVIK,NSASDYIRSNMDKAEIDSWGKLQSGHVSFNYEAQASSPRAGKETQY,NSASDY,IRSNMDK,AEIDSWGKLQ,SGHVS,FNYEAQ,ASSPRAGKETQY,1
RAKFKQLL,NSMFDYISSIKDKAASGGSYIPTMNHEYSVGAGIASSSGPAYEQY,NSMFDY,ISSIKDK,AASGGSYIPT,MNHEY,SVGAGI,ASSSGPAYEQY,0
GILGFVFTL,ATGYPSATKADDKALLTYNNNDMRSGHNSFNNNVPASSLDLRTSNQPQH,ATGYPS,ATKADDK,ALLTYNNNDMR,SGHNS,FNNNVP,ASSLDLRTSNQPQH,0
AVFDRKSDAK,NSASDYIRSNMDKAENSGGGSQGNLILNHDASQIVNDASSFRATDTQY,NSASDY,IRSNMDK,AENSGGGSQGNLI,LNHDA,SQIVND,ASSFRATDTQY,0
RAKFKQLL,SSVSVYYLSGSTLVAVKIKAAGNKLTPRHDTFYEKMQASSSTGGKETQY,SSVSVY,YLSGSTLV,AVKIKAAGNKLT,PRHDT,FYEKMQ,ASSSTGGKETQY,0
RAKFKQLL,DRGSQSIYSNGDAVNGASKIIMNHEYSMNVEVASGSGRLAEQY,DRGSQS,IYSNGD,AVNGASKII,MNHEY,SMNVEV,ASGSGRLAEQY,0
GILGFVFTL,DRGSQSIYSNGDAVNNARLMWSHSYSAAADIASSEGFLVADTQY,DRGSQS,IYSNGD,AVNNARLM,WSHSY,SAAADI,ASSEGFLVADTQY,0
VLFGLGFAI,TSDQSYGQGSYDEQNAMREHFTGNQFYMDHENSYDVKMASSLLIGGALKETQY,TSDQSYG,QGSYDEQN,AMREHFTGNQFY,MDHEN,SYDVKM,ASSLLIGGALKETQY,0
VLFGLGFAI,DSVNNIPSGTAGSPSNTGKLILNHDASQIVNDASSIHSGNQPQH,DSVNN,IPSGT,AGSPSNTGKLI,LNHDA,SQIVND,ASSIHSGNQPQH,0
CINGVCWTV,TRDTTYYRNSFDEQNALSEAVGADGLTSGHNTYYREEEASSLRSRDSPLH,TRDTTYY,RNSFDEQN,ALSEAVGADGLT,SGHNT,YYREEE,ASSLRSRDSPLH,0
RAKFKQLL,NSASDYIRSNMDKAENSKGHDNDMRSGHTAFQGTGAASRLTNGTYQNQPQH,NSASDY,IRSNMDK,AENSKGHDNDMR,SGHTA,FQGTGA,ASRLTNGTYQNQPQH,1
KSKRTPMGF,YGGTVNYFSGDPLVALNTGGFKTIMNHEYSMNVEVASSLFPDNYGYT,YGGTVN,YFSGDPLV,ALNTGGFKTI,MNHEY,SMNVEV,ASSLFPDNYGYT,0
RAKFKQLL,SVFSSVVTGGEVAGAKGAQKLVSQVTMANQGSEASVGSGDYEQY,SVFSS,VVTGGEV,AGAKGAQKLV,SQVTM,ANQGSEA,SVGSGDYEQY,1
RAKFKQLL,DRGSQSIYSNGDAVTPSNTGKLILNHDASQIVNDASSTRAGGVGQF,DRGSQS,IYSNGD,AVTPSNTGKLI,LNHDA,SQIVND,ASSTRAGGVGQF,0
CINGVCWTV,TSESDYYQEAYKQQNAYRSLDLSGNTPLVMNHEYSMNVEVASSLYIQGGEQY,TSESDYY,QEAYKQQN,AYRSLDLSGNTPLV,MNHEY,SMNVEV,ASSLYIQGGEQY,1
RAKFKQLL,DRGSQSIYSNGDAVNADYGGATNKLIMNHEYSMNVEVASSPPQFTEAF,DRGSQS,IYSNGD,AVNADYGGATNKLI,MNHEY,SMNVEV,ASSPPQFTEAF,0
GILGFVFTL,DRGSQSIYSNGDAVNTSGGGADGLTLGHNAYSLEERASSQDLLAGAADTQY,DRGSQS,IYSNGD,AVNTSGGGADGLT,LGHNA,YSLEER,ASSQDLLAGAADTQY,0
GILGFVFTL,DSVNNIPSGTAALMDSSYKLIMGHDKSYGVNSASRQGSSYEQY,DSVNN,IPSGT,AALMDSSYKLI,MGHDK,SYGVNS,ASRQGSSYEQY,0
GILGFVFTL,TRDTTYYRNSFDEQNALCKGDDKIILNHDASQIVNDASSMRSTGELF,TRDTTYY,RNSFDEQN,ALCKGDDKII,LNHDA,SQIVND,ASSMRSTGELF,1
IVTDFSVIK,VSGNPYYITGDNLVAVRDEAGGSYIPTSGHRSYFSETQASSFGQGTGTEAF,VSGNPY,YITGDNLV,AVRDEAGGSYIPT,SGHRS,YFSETQ,ASSFGQGTGTEAF,1
CINGVCWTV,NIATNDYGYKTKLVGEPLGGGGNKLTSGHDTYYEEEEASSLARGTEAF,NIATNDY,GYKTK,LVGEPLGGGGNKLT,SGHDT,YYEEEE,ASSLARGTEAF,1
GILGFVFTL,DSASNYIRSNVGEAASMSSGSARQLTMGHRAYSYEKLASSQRDRQETQY,DSASNY,IRSNVGE,AASMSSGSARQLT,MGHRA,YSYEKL,ASSQRDRQETQY,0
NLVPMVATV,DSASNYIRSNVGEAASIAGGYQKVTSEHNRFQNEAQASSLGQGVFYEQF,DSASNY,IRSNVGE,AASIAGGYQKVT,SEHNR,FQNEAQ,ASSLGQGVFYEQF,0
GPRLGVRAT,VSGNPYYITGDNLVAPPRGSSNTGKLISGHDTYYEEEEASSLGRAVIWGYT,VSGNPY,YITGDNLV,APPRGSSNTGKLI,SGHDT,YYEEEE,ASSLGRAVIWGYT,0
ELAGIGILTV,TRDTTYYRNSFDEQNALSEANQAGTALILGHNAYSLEERASSQERGGKWAYEQY,TRDTTYY,RNSFDEQN,ALSEANQAGTALI,LGHNA,YSLEER,ASSQERGGKWAYEQY,0
AVFDRKSDAK,YGATPYYFSGDTLVAVVDNYGQNFVSGHRSYFSETQASSLDGNNEQF,YGATPY,YFSGDTLV,AVVDNYGQNFV,SGHRS,YFSETQ,ASSLDGNNEQF,1
GILGFVFTL,NSASQSVYSSGVVNMDNARLMSQVTMANQGSEASAGQGPYEQY,NSASQS,VYSSG,VVNMDNARLM,SQVTM,ANQGSEA,SAGQGPYEQY,0
GILGFVFTL,TRDTTYYRNSFDEQNALRPDSNYQLILGHNAYSLEERASSPGEGLKTEAF,TRDTTYY,RNSFDEQN,ALRPDSNYQLI,LGHNA,YSLEER,ASSPGEGLKTEAF,0
ELAGIGILTV,NSASDYIRSNMDKADSGGGADGLTSGHDTYYEEEEASSSTLYGSYNEQF,NSASDY,IRSNMDK,ADSGGGADGLT,SGHDT,YYEEEE,ASSSTLYGSYNEQF,0
GILGFVFTL,YGATPYYFSGDTLVAVGEDSQLTLGHNAYSLEERASSQDSTSGYSREQF,YGATPY,YFSGDTLV,AVGEDSQLT,LGHNA,YSLEER,ASSQDSTSGYSREQF,0
GLCTLVAML,TRDTTYYRNSFDEQNALSGPGTSFLGSARQLTSGHDTYYEEEEASSLRDGSEAF,TRDTTYY,RNSFDEQN,ALSGPGTSFLGSARQLT,SGHDT,YYEEEE,ASSLRDGSEAF,0
KLGGALQAK,NSASDYIRSNMDKADSGGGADGLTSEHNRFQNEAQASSSRDGGTDTQY,NSASDY,IRSNMDK,ADSGGGADGLT,SEHNR,FQNEAQ,ASSSRDGGTDTQY,0
CINGVCWTV,DSSSTYIFSNMDMAEYSSAFKIISGHDNFVKESKASSQSPGGTQY,DSSSTY,IFSNMDM,AEYSSAFKII,SGHDN,FVKESK,ASSQSPGGTQY,0
ELAGIGILTV,SSVPPYYTSAATLVAVIGGYQKVTDFQATTSNEGSKASAGQGSNEKLF,SSVPPY,YTSAATLV,AVIGGYQKVT,DFQATT,SNEGSKA,SAGQGSNEKLF,0
KLGGALQAK,TSGFNGNVLDGLAVRDSNYQLIMRHNASNTAGTASSDSPGVGYNEQF,TSGFNG,NVLDGL,AVRDSNYQLI,MRHNA,SNTAGT,ASSDSPGVGYNEQF,0
RAKFKQLL,DSSSTYIFSNMDMAERETSYDKVISEHNRFQNEAQASSLGQGKEATNEKLF,DSSSTY,IFSNMDM,AERETSYDKVI,SEHNR,FQNEAQ,ASSLGQGKEATNEKLF,1
GLCTLVAML,DSSSTYIFSNMDMAEKLAGTALISGHRSYFSETQASSHTSGNGDTQY,DSSSTY,IFSNMDM,AEKLAGTALI,SGHRS,YFSETQ,ASSHTSGNGDTQY,0
KLGGALQAK,SSNFYAMTLNGDEAFSYNNNDMRMGHRAYSYEKLASSQDRFTDPYGYT,SSNFYA,MTLNGDE,AFSYNNNDMR,MGHRA,YSYEKL,ASSQDRFTDPYGYT,0
RAKFKQLL,DSASNYIRSNVGEAASETSYDKVIMGHRAYSYEKLASSTSTGTGYGYT,DSASNY,IRSNVGE,AASETSYDKVI,MGHRA,YSYEKL,ASSTSTGTGYGYT,1
SPRWYFYYL,TRDTTYYRNSFDEQNALSGDDYKLSSGDLSYYNGEEASSVASGRAHEQY,TRDTTYY,RNSFDEQN,ALSGDDYKLS,SGDLS,YYNGEE,ASSVASGRAHEQY,0
GILGFVFTL,DSASNYIRSNVGEAASRDGQNFVSGHATFQNNGVASSLDPGRGQETQY,DSASNY,IRSNVGE,AASRDGQNFV,SGHAT,FQNNGV,ASSLDPGRGQETQY,0
GILGFVFTL,DSAIYNIQSSQREAVYAGGADGLTSGHTAFQGTGAASSPTPSGYEQY,DSAIYN,IQSSQRE,AVYAGGADGLT,SGHTA,FQGTGA,ASSPTPSGYEQY,0
GILGFVFTL,TSDPSYGQGSYDQQNREYMGSSYKLSGDLSYYNGEESVEGNQPQ,TSDPSYG,QGSYDQQN,REYMGSSYKL,SGDLS,YYNGEE,SVEGNQPQ,1
RAKFKQLL,TSGFNGNVLDGLAVRDPGRDYKLSDFQATTSNEGSKASARGHETTGELF,TSGFNG,NVLDGL,AVRDPGRDYKLS,DFQATT,SNEGSKA,SARGHETTGELF,1
RAKFKQLL,DSASNYIRSNVGEAAQPPTGNQFYSGHATFQNNGVASSFLTGQGETQY,DSASNY,IRSNVGE,AAQPPTGNQFY,SGHAT,FQNNGV,ASSFLTGQGETQY,1
KLGGALQAK,TRDTTYYRNSFDEQNALSEANRGSTLGRLYDFQATTSNEGSKASAIGGGREDTDTQY,TRDTTYY,RNSFDEQN,ALSEANRGSTLGRLY,DFQATT,SNEGSKA,SAIGGGREDTDTQY,0
GPRLGVRAT,VSGLRGLYSAGEEAVKPNYGGSQGNLIMNHNSSASEGTASSAGDGYTHTVFGNIQY,VSGLRG,LYSAGEE,AVKPNYGGSQGNLI,MNHNS,SASEGT,ASSAGDGYTHTVFGNIQY,0
CTELKLSDY,DRGSQSIYSNGDAVSGQKLLDFQATTSNEGSKASASDNMVGAYEQY,DRGSQS,IYSNGD,AVSGQKLL,DFQATT,SNEGSKA,SASDNMVGAYEQY,0
IVTDFSVIK,DRGSQSIYSNGDAVRDNQGGKLISGHDTYYEEEEASSTRDRQGLPYEQY,DRGSQS,IYSNGD,AVRDNQGGKLI,SGHDT,YYEEEE,ASSTRDRQGLPYEQY,1
GILGFVFTL,KTLYGLQKGGEEGAPTSSNTGKLIMNHEYSMNVEVASSPSGVWRDETQY,KTLYG,LQKGGEE,GAPTSSNTGKLI,MNHEY,SMNVEV,ASSPSGVWRDETQY,0
GILGFVFTL,DSSSTYIFSNMDMAEKANTDKLIMNHEYSVGEGTASSYSGSGELF,DSSSTY,IFSNMDM,AEKANTDKLI,MNHEY,SVGEGT,ASSYSGSGELF,0
CTELKLSDY,DRGSQSIYSNGDAVPGGGGSQGNLILNHDASQIVNDASSMRSTNEQF,DRGSQS,IYSNGD,AVPGGGGSQGNLI,LNHDA,SQIVND,ASSMRSTNEQF,0
KLGGALQAK,DSAIYNIQSSQREATLNAGGTSYGKLTKGHDRSFDVKDATSDLRDRGYEQY,DSAIYN,IQSSQRE,ATLNAGGTSYGKLT,KGHDR,SFDVKD,ATSDLRDRGYEQY,0
GILGFVFTL,YGGTVNYFSGDPLVAVNRNAGNMLTLNHDASQIVNDASSIRSSYEQY,YGGTVN,YFSGDPLV,AVNRNAGNMLT,LNHDA,SQIVND,ASSIRSSYEQY,1
GLCTLVAML,TSENNYYQEAYKQQNAFMKLAGANSKLTLGHDTYNNKELASKSEKGAGGSPLH,TSENNYY,QEAYKQQN,AFMKLAGANSKLT,LGHDT,YNNKEL,ASKSEKGAGGSPLH,0
DATYQRTRALVR,TSGFNGNVLDGLAVRADSGAGSYQLTDFQATTSNEGSKASARDRVGNTIY,TSGFNG,NVLDGL,AVRADSGAGSYQLT,DFQATT,SNEGSKA,SARDRVGNTIY,0
SPRWYFYYL,SVFSSVVTGGEVAGDWNNNAGNMLTSGHDYFNNNVPASSRGTVYEQY,SVFSS,VVTGGEV,AGDWNNNAGNMLT,SGHDY,FNNNVP,ASSRGTVYEQY,0
AVFDRKSDAK,TSINNIRSNEREATDADYGGSQGNLISEHNRFQNEAQASSGSSRTPNTEAF,TSINN,IRSNERE,ATDADYGGSQGNLI,SEHNR,FQNEAQ,ASSGSSRTPNTEAF,0
AVFDRKSDAK,TRDTTYYRNSFDEQNALSEAGRGGSYIPTLNHDASQIVNDASSIFGGAEAF,TRDTTYY,RNSFDEQN,ALSEAGRGGSYIPT,LNHDA,SQIVND,ASSIFGGAEAF,0
RAKFKQLL,SSYSPSYTSAATLVVVANGFKTISGHDNFVKESKASSRLAGGNTGELF,SSYSPS,YTSAATLV,VVANGFKTI,SGHDN,FVKESK,ASSRLAGGNTGELF,0
ELAGIGILTV,DSAIYNIQSSQREAHGGDARLMSGHVSFQNEAQASSLGTGFSNQPQH,DSAIYN,IQSSQRE,AHGGDARLM,SGHVS,FQNEAQ,ASSLGTGFSNQPQH,0
KLGGALQAK,NSMFDYISSIKDKAASDGAGNMLTMDHENSYDVKMASRGLIIQRSSYEQY,NSMFDY,ISSIKDK,AASDGAGNMLT,MDHEN,SYDVKM,ASRGLIIQRSSYEQY,0
ELAGIGILTV,DSASNYIRSNVGEAASETSYDKVIMGHDKSYGVNSASSEQGQGEKLF,DSASNY,IRSNVGE,AASETSYDKVI,MGHDK,SYGVNS,ASSEQGQGEKLF,0
KLGGALQAK,YGATPYYFSGDTLVAVTRDDKIISGHNSFNNNVPASSGGVSGGAGETQY,YGATPY,YFSGDTLV,AVTRDDKII,SGHNS,FNNNVP,ASSGGVSGGAGETQY,0
CINGVCWTV,YGGTVNYFSGDPLVAVNAQGGGSTLGRLYLNHDASQIVNDASSIHGLETQY,YGGTVN,YFSGDPLV,AVNAQGGGSTLGRLY,LNHDA,SQIVND,ASSIHGLETQY,0
ELAGIGILTV,DRGSQSIYSNGDAVSGNEKLTSGDLSYYNGEEASSVYLSGNTIY,DRGSQS,IYSNGD,AVSGNEKLT,SGDLS,YYNGEE,ASSVYLSGNTIY,1
IVTDFSVIK,DSAIYNIQSSQREAAASSQGAQKLVSGHRSYFSETQASSWDQGYSSYNEQF,DSAIYN,IQSSQRE,AAASSQGAQKLV,SGHRS,YFSETQ,ASSWDQGYSSYNEQF,1
RAKFKQLL,YGATPYYFSGDTLVAVAWGGGADGLTSGHNTYYREEEASSSTGGGEKDQPQH,YGATPY,YFSGDTLV,AVAWGGGADGLT,SGHNT,YYREEE,ASSSTGGGEKDQPQH,0
GILGFVFTL,NIATNDYGYKTKLVEPPPGNGGFKTIDFQATTSNEGSKASATGGRHTGELF,NIATNDY,GYKTK,LVEPPPGNGGFKTI,DFQATT,SNEGSKA,SATGGRHTGELF,0
RAKFKQLL,SIFNTLYKAGELAGLYNNNDMRSGHRSYFSETQASSLGQGVFYT,SIFNT,LYKAGEL,AGLYNNNDMR,SGHRS,YFSETQ,ASSLGQGVFYT,0
GLCTLVAML,TSGFNGNVLDGLACRGFKTISGHNTYYREEEASSLGLEGGNEQF,TSGFNG,NVLDGL,ACRGFKTI,SGHNT,YYREEE,ASSLGLEGGNEQF,0
ELAGIGILTV,DRGSQSIYSNGDAVNNNAGNMLTFGSEHNRFQNEAQASSLAQGWGAFFG,DRGSQS,IYSNGD,AVNNNAGNMLTFG,SEHNR,FQNEAQ,ASSLAQGWGAFFG,1
IVTDFSVIK,TSENNYYQEAYKQQNALHTGANSKLTSGHATFQNNGVASSWGGGSHYGYT,TSENNYY,QEAYKQQN,ALHTGANSKLT,SGHAT,FQNNGV,ASSWGGGSHYGYT,1
SLFNTVATLY,TSGFYGNALDGLAVKASGGSYIPTLNHDASQIVNDASSVGLAGDNEQF,TSGFYG,NALDGL,AVKASGGSYIPT,LNHDA,SQIVND,ASSVGLAGDNEQF,0
RPPIFIRRL,TISGTDYGLTSNIRGGNTPLVPRHDTFYEKMQASSPGLAGTGYEQY,TISGTDY,GLTSN,IRGGNTPLV,PRHDT,FYEKMQ,ASSPGLAGTGYEQY,0
KLGGALQAK,DRGSQSIYSNGDAVKDDKIIMGHDKSYGVNSASTGTGGFSYNEQF,DRGSQS,IYSNGD,AVKDDKII,MGHDK,SYGVNS,ASTGTGGFSYNEQF,0
KLGGALQAK,DRGSQSIYSNGDAVNDRGSEKLVLNHDASQIVNDASSARSSYEQY,DRGSQS,IYSNGD,AVNDRGSEKLV,LNHDA,SQIVND,ASSARSSYEQY,0
KLGGALQAK,DSSSTYIFSNMDMAEDSASKIIDFQATTSNEGSKASARDETGNGYT,DSSSTY,IFSNMDM,AEDSASKII,DFQATT,SNEGSKA,SARDETGNGYT,0
GILGFVFTL,SIFNTLYKAGELAGHTGNQFYSGHATFQNNGVASSLGVAGTNTGELF,SIFNT,LYKAGEL,AGHTGNQFY,SGHAT,FQNNGV,ASSLGVAGTNTGELF,0
ATDALMTGF,DSASNYIRSNVGEAAKEGYSTLTSGDLSYYNGEEASSEGDRVTEAF,DSASNY,IRSNVGE,AAKEGYSTLT,SGDLS,YYNGEE,ASSEGDRVTEAF,0
KLGGALQAK,NIATNDYGYKTKLAGGDKIISNHLYFYNNEIASRTPWDSDSYNEQF,NIATNDY,GYKTK,LAGGDKII,SNHLY,FYNNEI,ASRTPWDSDSYNEQF,0
LLWNGPMAV,DSASNYIRSNVGEAATYSGAGSYQLTMNHEYSMNVEVASSNQETQY,DSASNY,IRSNVGE,AATYSGAGSYQLT,MNHEY,SMNVEV,ASSNQETQY,0
LLWNGPMAV,DSAIYNIQSSQREAVASFYGNNRLAMDHENSYDVKMASNRDRDYGYT,DSAIYN,IQSSQRE,AVASFYGNNRLA,MDHEN,SYDVKM,ASNRDRDYGYT,1
LLWNGPMAV,DSSSTYIFSNMDMAINQGGGATNKLIWNHNNSYGVQDASSPGRTGELF,DSSSTY,IFSNMDM,AINQGGGATNKLI,WNHNN,SYGVQD,ASSPGRTGELF,0
ATDALMTGF,SVFSSVVTGGEVAGGGSQGNLIDFQATTSNEGSKASARDLTAGSYEQY,SVFSS,VVTGGEV,AGGGSQGNLI,DFQATT,SNEGSKA,SARDLTAGSYEQY,0
ELAGIGILTV,NIATNDYGYKTKLVGDFPNTDKLISGHATFQNNGVASSLGVAGTNTGELF,NIATNDY,GYKTK,LVGDFPNTDKLI,SGHAT,FQNNGV,ASSLGVAGTNTGELF,0
AVFDRKSDAK,NSASDYIRSNMDKAETALGNTGKLIMGHRAYSYEKLASSHGKGGNEQF,NSASDY,IRSNMDK,AETALGNTGKLI,MGHRA,YSYEKL,ASSHGKGGNEQF,1
AVFDRKSDAK,KALYSLLKGGEQGTAMGGGSQGNLILNHDASQIVNDASSMRSTDTQY,KALYS,LLKGGEQ,GTAMGGGSQGNLI,LNHDA,SQIVND,ASSMRSTDTQY,0
YLQPRTFLL,NSASQSVYSSGVVNNGDKLISGHVSFNYEAQASSPGTTLAKNIQY,NSASQS,VYSSG,VVNNGDKLI,SGHVS,FNYEAQ,ASSPGTTLAKNIQY,1
GILGFVFTL,SSYSPSYTSAATLVVVSDPPAGGGADGLTSQVTMANQGSEASVPLAGVYNEQF,SSYSPS,YTSAATLV,VVSDPPAGGGADGLT,SQVTM,ANQGSEA,SVPLAGVYNEQF,0
LLWNGPMAV,TRDTTYYRNSFDEQNALKMNAGGTSYGKLTLGHNAYSLEERASSRADLSHEQF,TRDTTYY,RNSFDEQN,ALKMNAGGTSYGKLT,LGHNA,YSLEER,ASSRADLSHEQF,0
LLWNGPMAV,DRGSQSIYSNGDAGDSGGGSQGNLILNHDASQIVNDASSIRSNTEAF,DRGSQS,IYSNGD,AGDSGGGSQGNLI,LNHDA,SQIVND,ASSIRSNTEAF,0
GILGFVFTL,TISGTDYGLTSNIAHGGGGADGLTKGHDRSFDVKDATSDGLAGGWANVLT,TISGTDY,GLTSN,IAHGGGGADGLT,KGHDR,SFDVKD,ATSDGLAGGWANVLT,1
RAKFKQLL,DRGSQSIYSNGDALTPRDDMRSGHATFQNNGVASSLGVAGTNTGELF,DRGSQS,IYSNGD,ALTPRDDMR,SGHAT,FQNNGV,ASSLGVAGTNTGELF,0
GILGFVFTL,ATGYPSATKADDKALRETSYDKVIMDHENSYDVKMASSLYSATGELF,ATGYPS,ATKADDK,ALRETSYDKVI,MDHEN,SYDVKM,ASSLYSATGELF,0
RAKFKQLL,SSYSPSYTSAATLVVVSERDSSYKLISGHDYFNNNVPASSRGLGETQY,SSYSPS,YTSAATLV,VVSERDSSYKLI,SGHDY,FNNNVP,ASSRGLGETQY,0
IVTDFSVIK,DSASNYIRSNVGEATVPSNTGKLILNHDASQIVNDASSMRSGANVLT,DSASNY,IRSNVGE,ATVPSNTGKLI,LNHDA,SQIVND,ASSMRSGANVLT,0
KLGGALQAK,NIATNDYGYKTKLVGEANGGSQGNLISGHVSFQNEAQASSLEEGYSYEQY,NIATNDY,GYKTK,LVGEANGGSQGNLI,SGHVS,FQNEAQ,ASSLEEGYSYEQY,0
AVFDRKSDAK,TISGNEYGLKNNIVRVRGGSNYKLTSGHDNFVKESKASSQLLAGGFSQTDTQY,TISGNEY,GLKNN,IVRVRGGSNYKLT,SGHDN,FVKESK,ASSQLLAGGFSQTDTQY,0
KLGGALQAK,SIFNTLYKAGELAGHTGNQFYSGHATFQNNGVASSLGVAGTNTGELF,SIFNT,LYKAGEL,AGHTGNQFY,SGHAT,FQNNGV,ASSLGVAGTNTGELF,0
GILGFVFTL,DSVNNIPSGTAGSPSNTGKLIDFQATTSNEGSKASARARTRDSSMQY,DSVNN,IPSGT,AGSPSNTGKLI,DFQATT,SNEGSKA,SARARTRDSSMQY,1
KLGGALQAK,DSVNNIPSGTAPETSGSRLTSQVTMANQGSEASVSGGETEAF,DSVNN,IPSGT,APETSGSRLT,SQVTM,ANQGSEA,SVSGGETEAF,1
SPRWYFYYL,DSASNYIRSNVGEAPPSMNHEYSVGEGTASSWGQGSPLH,DSASNY,IRSNVGE,APPS,MNHEY,SVGEGT,ASSWGQGSPLH,0
AVFDRKSDAK,DSASNYIRSNVGEAAAETSYDKVISGHNSFNNNVPASSNSGANVLT,DSASNY,IRSNVGE,AAAETSYDKVI,SGHNS,FNNNVP,ASSNSGANVLT,0
RAKFKQLL,VSNAYNGSKPAVEEAGANNLFSGDLSYYNGEEARKKTRRISQAF,VSNAYN,GSKP,AVEEAGANNLF,SGDLS,YYNGEE,ARKKTRRISQAF,0
AVFDRKSDAK,TISGTDYGLTSNIRGGNTPLVPRHDTFYEKMQASSPGLAGTGYEQY,TISGTDY,GLTSN,IRGGNTPLV,PRHDT,FYEKMQ,ASSPGLAGTGYEQY,1
RAKFKQLL,DSASNYIRSNVGEAASATNAGGTSYGKLTSGDLSYYNGEEASSASSGGVSDTQY,DSASNY,IRSNVGE,AASATNAGGTSYGKLT,SGDLS,YYNGEE,ASSASSGGVSDTQY,0
ATDALMTGF,TSENNYYQEAYKQQNAFMKLAGANSKLTLGHDTYNNKELASKSEKGAGGSPLH,TSENNYY,QEAYKQQN,AFMKLAGANSKLT,LGHDT,YNNKEL,ASKSEKGAGGSPLH,0
RAKFKQLL,DSASNYIRSNVGEAAPYSGGSNYKLTSGHTAFQGTGAASSLVGTGELF,DSASNY,IRSNVGE,AAPYSGGSNYKLT,SGHTA,FQGTGA,ASSLVGTGELF,0
KLGGALQAK,DRGSQSIYSNGDALTPRDDMRSGHATFQNNGVASSLGVAGTNTGELF,DRGSQS,IYSNGD,ALTPRDDMR,SGHAT,FQNNGV,ASSLGVAGTNTGELF,0
GILGFVFTL,SIFNTLYKAGELAGHTGNQFYSGHVSFNYEAQASSRGPNYEQY,SIFNT,LYKAGEL,AGHTGNQFY,SGHVS,FNYEAQ,ASSRGPNYEQY,0
RAKFKQLL,DRGSQSIYSNGDAVNRGFGNVLHSGHRSYFSETQASSLGTGDGYT,DRGSQS,IYSNGD,AVNRGFGNVLH,SGHRS,YFSETQ,ASSLGTGDGYT,0
SPRWYFYYL,TSGFNGNVLDGLAVLDSNYQLISGHDYFNNNVPASSPSSSYEQY,TSGFNG,NVLDGL,AVLDSNYQLI,SGHDY,FNNNVP,ASSPSSSYEQY,0
CINGVCWTV,DSAIYNIQSSQREAVRRSASKIISGHDTYYEEEEASSSAGTDHEQY,DSAIYN,IQSSQRE,AVRRSASKII,SGHDT,YYEEEE,ASSSAGTDHEQY,0
KLGGALQAK,DSAIYNIQSSQREAVMNSGGYQKVTSGHKSYYEKEEASSGPGGVDEQY,DSAIYN,IQSSQRE,AVMNSGGYQKVT,SGHKS,YYEKEE,ASSGPGGVDEQY,0
KLGGALQAK,NSAFQYTYSSGNATLLYNTDKLISGDLSYYNGEEASSPTPTGSSTDTQY,NSAFQY,TYSSGN,ATLLYNTDKLI,SGDLS,YYNGEE,ASSPTPTGSSTDTQY,0
ELAGIGILTV,YGGTVNYFSGDPLVAVIPGSNYQLILNHDASQIVNDASSDRSNTEAF,YGGTVN,YFSGDPLV,AVIPGSNYQLI,LNHDA,SQIVND,ASSDRSNTEAF,0
GILGFVFTL,VSGLRGLYSAGEEAVQARNNNARLMPRHDTFYEKMQASSSTIAGGNTGELF,VSGLRG,LYSAGEE,AVQARNNNARLM,PRHDT,FYEKMQ,ASSSTIAGGNTGELF,0
GILGFVFTL,DSASNYIRSNVGEAAARMDSSYKLIDFQATTSNEGSKASASPGDYEQY,DSASNY,IRSNVGE,AAARMDSSYKLI,DFQATT,SNEGSKA,SASPGDYEQY,0
RAKFKQLL,TISGTDYGLTSNILLGTGANNLFKGHSHLQKENIASSPKLQGAWAEKLF,TISGTDY,GLTSN,ILLGTGANNLF,KGHSH,LQKENI,ASSPKLQGAWAEKLF,0
NLVPMVATV,DSASNYIRSNVGEAASEEYGNKLVLGHNAYNFKEQASSQRPSEVGELF,DSASNY,IRSNVGE,AASEEYGNKLV,LGHNA,YNFKEQ,ASSQRPSEVGELF,0
GILGFVFTL,VSNAYNGSKPAVEDYNKFYSGHDYFNNNVPASGRLSYNEQF,VSNAYN,GSKP,AVEDYNKFY,SGHDY,FNNNVP,ASGRLSYNEQF,0
IVTDFSVIK,TRDTTYYRNSFDEQNALSNAKTSYDKVIDFQATTSNEGSKASARPGQFYSNQPQH,TRDTTYY,RNSFDEQN,ALSNAKTSYDKVI,DFQATT,SNEGSKA,SARPGQFYSNQPQH,0
KLGGALQAK,VSPFSNMTFSENTVLASGGSYIPTSGHNSFNNNVPASLAGVRTDTQY,VSPFSN,MTFSENT,VLASGGSYIPT,SGHNS,FNNNVP,ASLAGVRTDTQY,0
KLGGALQAK,VSGNPYYITGDNLVAVRLHNYGQNFVMNHEYSMNVEVASSSTGEQY,VSGNPY,YITGDNLV,AVRLHNYGQNFV,MNHEY,SMNVEV,ASSSTGEQY,1
IVTDFSVIK,SSYSPSYTSAATLVVVSVYSGGGADGLTMNHEYSVGAGIASSYRPGQYTEAF,SSYSPS,YTSAATLV,VVSVYSGGGADGLT,MNHEY,SVGAGI,ASSYRPGQYTEAF,1
RAKFKQLL,TTLSNLVKSGEVAGRSRSNDYKLSSGDLSYYNGEEASSPSTGETAEAF,TTLSN,LVKSGEV,AGRSRSNDYKLS,SGDLS,YYNGEE,ASSPSTGETAEAF,0
SPRWYFYYL,VSGLRGLYSAGEEAVQARNNAGNMLTLNHDASQIVNDASSIVKLAGGTYEQY,VSGLRG,LYSAGEE,AVQARNNAGNMLT,LNHDA,SQIVND,ASSIVKLAGGTYEQY,0
KLGGALQAK,NIATNDYGYKTKLVGDPFYSSASKIISGHNSFNNNVPASSFSGNTGELF,NIATNDY,GYKTK,LVGDPFYSSASKII,SGHNS,FNNNVP,ASSFSGNTGELF,0
CINGVCWTV,NIATNDYGYKTKLVEPPPGNGGFKTIDFQATTSNEGSKASATGGRHTGELF,NIATNDY,GYKTK,LVEPPPGNGGFKTI,DFQATT,SNEGSKA,SATGGRHTGELF,1
GILGFVFTL,DSASNYIRSNVGEAASETSYDKVIMGHRAYSYEKLASSTSTGTGYGYT,DSASNY,IRSNVGE,AASETSYDKVI,MGHRA,YSYEKL,ASSTSTGTGYGYT,0
NLVPMVATV,SIFNTLYKAGELAGQLILWGWELPTHSGHNSFNNNVPASSLTNSPYEQY,SIFNT,LYKAGEL,AGQLILWGWELPTH,SGHNS,FNNNVP,ASSLTNSPYEQY,0
GILGFVFTL,TSGFNGNVLDGLAVGMIKAAGNKLTDFQATTSNEGSKASALGGTQY,TSGFNG,NVLDGL,AVGMIKAAGNKLT,DFQATT,SNEGSKA,SALGGTQY,1
AVFDRKSDAK,DRGSQSIYSNGDAVGGSARQLTSNHLYFYNNEIASSEGQTGNTIY,DRGSQS,IYSNGD,AVGGSARQLT,SNHLY,FYNNEI,ASSEGQTGNTIY,0
SPRWYFYYL,SSVSVYYLSGSTLVAVSGVGFKIISGHDNFVKESKASSYLAGGYNEQF,SSVSVY,YLSGSTLV,AVSGVGFKII,SGHDN,FVKESK,ASSYLAGGYNEQF,1
AVFDRKSDAK,YGATPYYFSGDTLVAVDYAGEGGGADGLTMNHEYSMNVEVASSLGPVNTEAF,YGATPY,YFSGDTLV,AVDYAGEGGGADGLT,MNHEY,SMNVEV,ASSLGPVNTEAF,0
ELAGIGILTV,DRGSQSIYSNGDALNTGGFKTILGHNAYNFKEQASSQETSGGASQF,DRGSQS,IYSNGD,ALNTGGFKTI,LGHNA,YNFKEQ,ASSQETSGGASQF,1
RAKFKQLL,NSASQSVYSSGVVNGGDSSYKLISQVTMANQGSEASAGQGPYEQY,NSASQS,VYSSG,VVNGGDSSYKLI,SQVTM,ANQGSEA,SAGQGPYEQY,1
KLGGALQAK,YGATPYYFSGDTLVAVDNNNDMRSGHDYFNNNVPASRTSGNEQF,YGATPY,YFSGDTLV,AVDNNNDMR,SGHDY,FNNNVP,ASRTSGNEQF,1
IVTDFSVIK,YGATPYYFSGDTLVAVGLFNFNKFYDFQATTSNEGSKASARDRVGNTIY,YGATPY,YFSGDTLV,AVGLFNFNKFY,DFQATT,SNEGSKA,SARDRVGNTIY,0
IVTDFSVIK,DSASNYIRSNVGEAASIAGGYQKVTSEHNRFQNEAQASSLGQGVFYEQF,DSASNY,IRSNVGE,AASIAGGYQKVT,SEHNR,FQNEAQ,ASSLGQGVFYEQF,0
KLGGALQAK,DRGSQSIYSNGDAVNQGGKLIMDHENSYDVKMASTTSGLSTDTQY,DRGSQS,IYSNGD,AVNQGGKLI,MDHEN,SYDVKM,ASTTSGLSTDTQY,0
HPVTKYIM,ATGYPSATKADDKALSDRENYGGSQGNLISGDLSYYNGEEASSVGWGGTYEQY,ATGYPS,ATKADDK,ALSDRENYGGSQGNLI,SGDLS,YYNGEE,ASSVGWGGTYEQY,1
KLGGALQAK,TTLSNLVKSGEVAGPQDGGSQGNLILNHDASQIVNDASSYYSNQPQH,TTLSN,LVKSGEV,AGPQDGGSQGNLI,LNHDA,SQIVND,ASSYYSNQPQH,0
AVFDRKSDAK,VSGNPYYITGDNLVAVRLHNYGQNFVDFQATTSNEGSKASAPARSEPYEQY,VSGNPY,YITGDNLV,AVRLHNYGQNFV,DFQATT,SNEGSKA,SAPARSEPYEQY,0
ELAGIGILTV,TRDTTYYRNSFDEQNALIANRDDKIISGHNSFNNNVPASSFLDRGPNTEAF,TRDTTYY,RNSFDEQN,ALIANRDDKII,SGHNS,FNNNVP,ASSFLDRGPNTEAF,0
AVFDRKSDAK,TSGFNGNVLDGLAVRGSGGYNKLISNHLYFYNNEIASHATGAYGYT,TSGFNG,NVLDGL,AVRGSGGYNKLI,SNHLY,FYNNEI,ASHATGAYGYT,1
RAKFKQLL,SIFNTLYKAGELAGQLILWGWELPTHSGHNSFNNNVPASSLTNSPYEQY,SIFNT,LYKAGEL,AGQLILWGWELPTH,SGHNS,FNNNVP,ASSLTNSPYEQY,1
AVFDRKSDAK,NSAFQYTYSSGNAMSGDGGSQGNLILNHDASQIVNDASSIRAAYEQY,NSAFQY,TYSSGN,AMSGDGGSQGNLI,LNHDA,SQIVND,ASSIRAAYEQY,0
ELAGIGILTV,YGATPYYFSGDTLVAVDPMDTGRRALTMNHEYSMNVEVASSLGFTDTQY,YGATPY,YFSGDTLV,AVDPMDTGRRALT,MNHEY,SMNVEV,ASSLGFTDTQY,0
CINGVCWTV,DRGSQSIYSNGDAVNGGNKLVMDHENSYDVKMASSPSGVVQPQH,DRGSQS,IYSNGD,AVNGGNKLV,MDHEN,SYDVKM,ASSPSGVVQPQH,0
LLWNGPMAV,YSGSPEHISRAPIRAGNNRKLIPRHDTFYEKMQASSVVGTGGRNTEAF,YSGSPE,HISR,APIRAGNNRKLI,PRHDT,FYEKMQ,ASSVVGTGGRNTEAF,0
RAKFKQLL,VSGNPYYITGDNLVAVRDGTGANNLFLNHDASQIVNDASSRTATHGYT,VSGNPY,YITGDNLV,AVRDGTGANNLF,LNHDA,SQIVND,ASSRTATHGYT,0
KLGGALQAK,VSGNPYYITGDNLVAVRDKDTGFQKLVLGHNTFRNRAPASGLGPLAQTYNEQF,VSGNPY,YITGDNLV,AVRDKDTGFQKLV,LGHNT,FRNRAP,ASGLGPLAQTYNEQF,0
GILGFVFTL,DRGSQSIYSNGDAVTARLMMGHRAYSYEKLASRAEDSGVHEQF,DRGSQS,IYSNGD,AVTARLM,MGHRA,YSYEKL,ASRAEDSGVHEQF,0
GILGFVFTL,SSVSVYYLSGSTLVAVSDKLVGAAGNKLTMGHRAYSYEKLASSQHGGDYEQY,SSVSVY,YLSGSTLV,AVSDKLVGAAGNKLT,MGHRA,YSYEKL,ASSQHGGDYEQY,0
CINGVCWTV,SSYSPSYTSAATLVVVANGFKTISGHDNFVKESKASSRLAGGNTGELF,SSYSPS,YTSAATLV,VVANGFKTI,SGHDN,FVKESK,ASSRLAGGNTGELF,0
KLGGALQAK,TSDQSYGQGSYDEQNAMREHFTGNQFYMDHENSYDVKMASSLLIGGALKETQY,TSDQSYG,QGSYDEQN,AMREHFTGNQFY,MDHEN,SYDVKM,ASSLLIGGALKETQY,0
GLCTLVAML,YGGTVNYFSGDPLVAVTGGFKTISGHATFQNNGVASSLYNEQF,YGGTVN,YFSGDPLV,AVTGGFKTI,SGHAT,FQNNGV,ASSLYNEQF,0
HPVTKYIM,DRGSQSIYSNGDAVPGGGGSQGNLILNHDASQIVNDASSMRSTNEQF,DRGSQS,IYSNGD,AVPGGGGSQGNLI,LNHDA,SQIVND,ASSMRSTNEQF,0
SPRWYFYYL,VSPFSNMTFSENTVGRDTGRRALTMDHENSYDVKMASSSLTGQSQETQY,VSPFSN,MTFSENT,VGRDTGRRALT,MDHEN,SYDVKM,ASSSLTGQSQETQY,1
NLVPMVATV,VGISALSSGKAVSASGTYKYISGHDTYYEEEEASSLRDGSEAF,VGISA,LSSGK,AVSASGTYKYI,SGHDT,YYEEEE,ASSLRDGSEAF,0
KLGGALQAK,DSAIYNIQSSQREAVFSLNNNDMRLNHDASQIVNDASSIGEFGNTEAF,DSAIYN,IQSSQRE,AVFSLNNNDMR,LNHDA,SQIVND,ASSIGEFGNTEAF,0
GILGFVFTL,DSASNYIRSNVGEAATYSGAGSYQLTMNHEYSMNVEVASSNQETQY,DSASNY,IRSNVGE,AATYSGAGSYQLT,MNHEY,SMNVEV,ASSNQETQY,0
ELAGIGILTV,TSDPSYGQGSYDQQNAMREDNGARLMLNHDASQIVNDASSKFSINEQF,TSDPSYG,QGSYDQQN,AMREDNGARLM,LNHDA,SQIVND,ASSKFSINEQF,0
GILGFVFTL,DRGSQSIYSNGDAVNWEEQGGSYIPTSGHATFQNNGVASNPTGVGDEKLF,DRGSQS,IYSNGD,AVNWEEQGGSYIPT,SGHAT,FQNNGV,ASNPTGVGDEKLF,0
GILGFVFTL,DSSSTYIFSNMDMAESKNNNARLMMNHNSSASEGTASSEAGLGGELF,DSSSTY,IFSNMDM,AESKNNNARLM,MNHNS,SASEGT,ASSEAGLGGELF,0
GILGFVFTL,DRGSQSIYSNGDAVIAGKSTLNHNVYYDKDFATSGRTGGGEQY,DRGSQS,IYSNGD,AVIAGKST,LNHNV,YYDKDF,ATSGRTGGGEQY,0
KLGGALQAK,NSASDYIRSNMDKAETETSYDKVISEHNRFQNEAQASSLTELGHRADTQY,NSASDY,IRSNMDK,AETETSYDKVI,SEHNR,FQNEAQ,ASSLTELGHRADTQY,0
AVFDRKSDAK,SVFSSVVTGGEVAGAIGSSNTGKLILNHDASQIVNDASSIRAAYEQY,SVFSS,VVTGGEV,AGAIGSSNTGKLI,LNHDA,SQIVND,ASSIRAAYEQY,0
RAKFKQLL,DRGSQSIYSNGDAEFQGAQKLVMDHENSYDVKMASSPTGLGQPQH,DRGSQS,IYSNGD,AEFQGAQKLV,MDHEN,SYDVKM,ASSPTGLGQPQH,0
HPVTKYIM,SSYSPSYTSAATLVVVANGFKTISGHDNFVKESKASSRLAGGNTGELF,SSYSPS,YTSAATLV,VVANGFKTI,SGHDN,FVKESK,ASSRLAGGNTGELF,0
GILGFVFTL,NSAFQYTYSSGNAIDLGGGSQGNLILNHDASQIVNDASSIRSSQPQH,NSAFQY,TYSSGN,AIDLGGGSQGNLI,LNHDA,SQIVND,ASSIRSSQPQH,1
AVFDRKSDAK,NIATNDYGYKTKLVVGRYAGNMLTSNHLYFYNNEIASSLNRELF,NIATNDY,GYKTK,LVVGRYAGNMLT,SNHLY,FYNNEI,ASSLNRELF,0
ELAGIGILTV,TSGFNGNVLDGLAVETGGFKTILGHNAYSLEERASSQEPSGMVSRDNEQF,TSGFNG,NVLDGL,AVETGGFKTI,LGHNA,YSLEER,ASSQEPSGMVSRDNEQF,0
RAKFKQLL,VGISALSSGKAAPANTGNQFYSGHNSFNNNVPASSLLWRNNEQF,VGISA,LSSGK,AAPANTGNQFY,SGHNS,FNNNVP,ASSLLWRNNEQF,0
GILGFVFTL,DSASNYIRSNVGEAAKEGGSEKLVMNHEYSMNVEVASSLSGRPYEQY,DSASNY,IRSNVGE,AAKEGGSEKLV,MNHEY,SMNVEV,ASSLSGRPYEQY,0
RAKFKQLL,TRDTTYYRNSFDEQNALGVGSGAGSYQLTMGHRAYSYEKLASSQSKGQGNEKLF,TRDTTYY,RNSFDEQN,ALGVGSGAGSYQLT,MGHRA,YSYEKL,ASSQSKGQGNEKLF,0
CINGVCWTV,TSGFNGNVLDGLASMDSNYQLIDFQATTSNEGSKASLRTGEGSPLH,TSGFNG,NVLDGL,ASMDSNYQLI,DFQATT,SNEGSKA,SLRTGEGSPLH,0
LLWNGPMAV,YGATPYYFSGDTLVAVAWGGGADGLTSGHNTYYREEEASSSTGGGEKDQPQH,YGATPY,YFSGDTLV,AVAWGGGADGLT,SGHNT,YYREEE,ASSSTGGGEKDQPQH,0
LLWNGPMAV,YGATPYYFSGDTLVAVVDNYGQNFVSGHRSYFSETQASSLDGNNEQF,YGATPY,YFSGDTLV,AVVDNYGQNFV,SGHRS,YFSETQ,ASSLDGNNEQF,0
ELAGIGILTV,VGISALSSGKAVAGSGGSNYKLTSGHRSYFSETQASSLEASGPYNEQF,VGISA,LSSGK,AVAGSGGSNYKLT,SGHRS,YFSETQ,ASSLEASGPYNEQF,0
GILGFVFTL,NSMFDYISSIKDKAARANTDKLILNHNVYYDKDFATSRESGNGKLF,NSMFDY,ISSIKDK,AARANTDKLI,LNHNV,YYDKDF,ATSRESGNGKLF,0
FEDLRVLSF,DSASNYIRSNVGEAASGPGDDKIIMNHEYSMNVEVASSPHFQVDTGELF,DSASNY,IRSNVGE,AASGPGDDKII,MNHEY,SMNVEV,ASSPHFQVDTGELF,0
GILGFVFTL,TSENNYYQEAYKQQNAFMLGAGGTSYGKLTSGHVSFNYEAQASSFLTGNTEAF,TSENNYY,QEAYKQQN,AFMLGAGGTSYGKLT,SGHVS,FNYEAQ,ASSFLTGNTEAF,1
IVTDFSVIK,SIFNTLYKAGELAGLETSGTYKYISGHNTYYREEEASSYKPGQRDYT,SIFNT,LYKAGEL,AGLETSGTYKYI,SGHNT,YYREEE,ASSYKPGQRDYT,0
NLVPMVATV,VSGNPYYITGDNLVAVRDMGTGGFKTISEHNRFQNEAQAIQEDTDTQY,VSGNPY,YITGDNLV,AVRDMGTGGFKTI,SEHNR,FQNEAQ,AIQEDTDTQY,0
GILGFVFTL,TSINNIRSNEREATASYNTDKLISGDLSYYNGEEASSVAPTGDTDTQY,TSINN,IRSNERE,ATASYNTDKLI,SGDLS,YYNGEE,ASSVAPTGDTDTQY,0
GILGFVFTL,NIATNDYGYKTKLVGPGGFGNEKLTSGHRSYFSETQASSLEGNGHREQY,NIATNDY,GYKTK,LVGPGGFGNEKLT,SGHRS,YFSETQ,ASSLEGNGHREQY,0
DATYQRTRALVR,TSGFNGNVLDGLAVSLDGQKLLMNHEYSMNVEVASSPGTPTDTQY,TSGFNG,NVLDGL,AVSLDGQKLL,MNHEY,SMNVEV,ASSPGTPTDTQY,1
RAKFKQLL,TTLSNLVKSGEVAGVGYALNLGHNAYSLEERASSQDSTYEQY,TTLSN,LVKSGEV,AGVGYALN,LGHNA,YSLEER,ASSQDSTYEQY,0
RLRAEAQVK,TSINNIRSNEREARSRNKQGGIFFMNHEYSMNVEVASSLMGQGINQPQH,TSINN,IRSNERE,ARSRNKQGGIFF,MNHEY,SMNVEV,ASSLMGQGINQPQH,0
GILGFVFTL,VSNAYNGSKPAVEGSSGSARQLTMNHEYSMNVEVASSSDGNEQF,VSNAYN,GSKP,AVEGSSGSARQLT,MNHEY,SMNVEV,ASSSDGNEQF,0
GILGFVFTL,VSNAYNGSKPAVPFSGGYNKLIMNHEYSVGEGTASSKTGTSSYNEQF,VSNAYN,GSKP,AVPFSGGYNKLI,MNHEY,SVGEGT,ASSKTGTSSYNEQF,0
SPRWYFYYL,YGGTVNYFSGDPLVAVIPGSNYQLILNHDASQIVNDASSDRSNTEAF,YGGTVN,YFSGDPLV,AVIPGSNYQLI,LNHDA,SQIVND,ASSDRSNTEAF,0
KLGGALQAK,YGGTVNYFSGDPLVAVAMARSARQLTLGHDTYNNKELASSHLGTDSYGYGYT,YGGTVN,YFSGDPLV,AVAMARSARQLT,LGHDT,YNNKEL,ASSHLGTDSYGYGYT,1
ELAGIGILTV,NIATNDYGYKTKLVGVRRSNDYKLSLGHDTYNNKELASSQEAGFWGEQY,NIATNDY,GYKTK,LVGVRRSNDYKLS,LGHDT,YNNKEL,ASSQEAGFWGEQY,0
ELAGIGILTV,DRGSQSIYSNGDAVNQGGKLIMDHENSYDVKMASTTSGLSTDTQY,DRGSQS,IYSNGD,AVNQGGKLI,MDHEN,SYDVKM,ASTTSGLSTDTQY,1
ELAGIGILTV,SVFSSVVTGGEVAGGGSQGNLIMNHEYSVGEGTASRASMSSYNEQF,SVFSS,VVTGGEV,AGGGSQGNLI,MNHEY,SVGEGT,ASRASMSSYNEQF,0
AVFDRKSDAK,VSPFSNMTFSENTVVSANSDGQKLLSGDLSYYNGEEASSVVSGANVLT,VSPFSN,MTFSENT,VVSANSDGQKLL,SGDLS,YYNGEE,ASSVVSGANVLT,1
GLCTLVAML,SVFSSVVTGGEVAGGGFADYGGSQGNLILNHDASQIVNDASSLYSNQPQH,SVFSS,VVTGGEV,AGGGFADYGGSQGNLI,LNHDA,SQIVND,ASSLYSNQPQH,0
GILGFVFTL,TRDTTYYRNSFDEQNARDNAGNMLTMNHNYSVGAGIASSYSAWNEQF,TRDTTYY,RNSFDEQN,ARDNAGNMLT,MNHNY,SVGAGI,ASSYSAWNEQF,0
NLVPMVATV,YSGSPEHISRALRYGNNRLASEHNRFQNEAQASGAGELF,YSGSPE,HISR,ALRYGNNRLA,SEHNR,FQNEAQ,ASGAGELF,0
GILGFVFTL,VSGNPYYITGDNLVAVRDIGGTALIMNHNSSASEGTASSDLDSNQPQH,VSGNPY,YITGDNLV,AVRDIGGTALI,MNHNS,SASEGT,ASSDLDSNQPQH,1
CINGVCWTV,DSAIYNIQSSQREATLNAGGTSYGKLTKGHDRSFDVKDATSDLRDRGYEQY,DSAIYN,IQSSQRE,ATLNAGGTSYGKLT,KGHDR,SFDVKD,ATSDLRDRGYEQY,0
GILGFVFTL,TSENNYYQEAYKQQNAFMEYGNKLVPRHDTFYEKMQASSFLGVTYGYT,TSENNYY,QEAYKQQN,AFMEYGNKLV,PRHDT,FYEKMQ,ASSFLGVTYGYT,0
CINGVCWTV,DSSSTYIFSNMDMAESIGKLISQVTMANQGSEASVGAGGTNEKLF,DSSSTY,IFSNMDM,AESIGKLI,SQVTM,ANQGSEA,SVGAGGTNEKLF,0
GLCTLVAML,NSMFDYISSIKDKAVLRGGADGLTMNHEYSMNVEVASSSGAGLDEQF,NSMFDY,ISSIKDK,AVLRGGADGLT,MNHEY,SMNVEV,ASSSGAGLDEQF,1
RAKFKQLL,SVFSSVVTGGEVAGPSGANNLFLNHDASQIVNDASSSRASYEQY,SVFSS,VVTGGEV,AGPSGANNLF,LNHDA,SQIVND,ASSSRASYEQY,0
KLGGALQAK,DSASNYIRSNVGEATVPSNTGKLILNHDASQIVNDASSMRSGANVLT,DSASNY,IRSNVGE,ATVPSNTGKLI,LNHDA,SQIVND,ASSMRSGANVLT,0
AVFDRKSDAK,TRDTTYYRNSFDEQNALSDLNQAGTALISGHVSFQNEAQASSYGIAGKETQY,TRDTTYY,RNSFDEQN,ALSDLNQAGTALI,SGHVS,FQNEAQ,ASSYGIAGKETQY,0
KLGGALQAK,TRDTTYYRNSFDEQNALSNAKTSYDKVIDFQATTSNEGSKASARPGQFYSNQPQH,TRDTTYY,RNSFDEQN,ALSNAKTSYDKVI,DFQATT,SNEGSKA,SARPGQFYSNQPQH,0
RAKFKQLL,TTSDRLLSNGAVAVDFRDNYGQNFVSGDLSYYNGEEASSLSSGTYEQY,TTSDR,LLSNGAV,AVDFRDNYGQNFV,SGDLS,YYNGEE,ASSLSSGTYEQY,0
YLQPRTFLL,DRGSQSIYSNGDALTPRDDMRSGHATFQNNGVASSLGVAGTNTGELF,DRGSQS,IYSNGD,ALTPRDDMR,SGHAT,FQNNGV,ASSLGVAGTNTGELF,0
GILGFVFTL,TSGFNGNVLDGLADANNDMRDFQATTSNEGSKASARDRTDSYNSPLH,TSGFNG,NVLDGL,ADANNDMR,DFQATT,SNEGSKA,SARDRTDSYNSPLH,0
SPRWYFYYL,TRDTTYYRNSFDEQNALSEASLVDSNYQLILNHDASQIVNDASSPTSGGYNEQF,TRDTTYY,RNSFDEQN,ALSEASLVDSNYQLI,LNHDA,SQIVND,ASSPTSGGYNEQF,0
CINGVCWTV,NSASQSVYSSGVVNMGDFGNEKLTLGHNAYNFKEQASSPRLAARSDTQY,NSASQS,VYSSG,VVNMGDFGNEKLT,LGHNA,YNFKEQ,ASSPRLAARSDTQY,0
KLGGALQAK,NSASQSVYSSGVVWGGSYIPTMDHENSYDVKMASSFPPDLNTGELF,NSASQS,VYSSG,VVWGGSYIPT,MDHEN,SYDVKM,ASSFPPDLNTGELF,0
IVTDFSVIK,NSMFDYISSIKDKAARGTASKLTSEHNRFQNEAQASSLEAGRSPYEQY,NSMFDY,ISSIKDK,AARGTASKLT,SEHNR,FQNEAQ,ASSLEAGRSPYEQY,0
KLGGALQAK,TSINNIRSNEREATDAPSNYQLISNHLYFYNNEIASSSSGRDYEQY,TSINN,IRSNERE,ATDAPSNYQLI,SNHLY,FYNNEI,ASSSSGRDYEQY,0
NLVPMVATV,TISGTDYGLTSNILGWGKLQMNHEYSMNVEVASSLDRVTGELF,TISGTDY,GLTSN,ILGWGKLQ,MNHEY,SMNVEV,ASSLDRVTGELF,1
ELAGIGILTV,DRGSQSIYSNGDAVNTDSGNTPLVSGHATFQNNGVASSLTQGGYTDTQY,DRGSQS,IYSNGD,AVNTDSGNTPLV,SGHAT,FQNNGV,ASSLTQGGYTDTQY,0
GLCTLVAML,VSGLRGLYSAGEEAVQALMYSGGGADGLTSGHVSFQNEAQASSFLAGGYNEQF,VSGLRG,LYSAGEE,AVQALMYSGGGADGLT,SGHVS,FQNEAQ,ASSFLAGGYNEQF,0
GILGFVFTL,DSASNYIRSNVGEAASETSYDKVISEHNRFQNEAQASSPVTGGGSGANVLT,DSASNY,IRSNVGE,AASETSYDKVI,SEHNR,FQNEAQ,ASSPVTGGGSGANVLT,0
RAKFKQLL,DSAIYNIQSSQREAHGGDARLMSGHVSFQNEAQASSLGTGFSNQPQH,DSAIYN,IQSSQRE,AHGGDARLM,SGHVS,FQNEAQ,ASSLGTGFSNQPQH,0
IVTDFSVIK,DSASNYIRSNVGEAASKWGDDMRSGHNSFNNNVPASSSLAGGSYNEQF,DSASNY,IRSNVGE,AASKWGDDMR,SGHNS,FNNNVP,ASSSLAGGSYNEQF,0
CINGVCWTV,DRGSQSIYSNGDAVTVSNDYKLSSGDLSYYNGEEASSDASGSIGEQF,DRGSQS,IYSNGD,AVTVSNDYKLS,SGDLS,YYNGEE,ASSDASGSIGEQF,1
RAKFKQLL,DSASNYIRSNVGEAASETSYDKVIMNHNYSVGAGIASSWDGNTEAF,DSASNY,IRSNVGE,AASETSYDKVI,MNHNY,SVGAGI,ASSWDGNTEAF,1
CINGVCWTV,TSDQSYGQGSYDEQNAMREHFTGNQFYMDHENSYDVKMASSLLIGGALKETQY,TSDQSYG,QGSYDEQN,AMREHFTGNQFY,MDHEN,SYDVKM,ASSLLIGGALKETQY,1
RAKFKQLL,TRDTTYYRNSFDEQNALIANRDDKIISGHNSFNNNVPASSFLDRGPNTEAF,TRDTTYY,RNSFDEQN,ALIANRDDKII,SGHNS,FNNNVP,ASSFLDRGPNTEAF,1
GILGFVFTL,NIATNDYGYKTKLVGGTGTASKLTMNHNSSASEGTASRETGGVWETQY,NIATNDY,GYKTK,LVGGTGTASKLT,MNHNS,SASEGT,ASRETGGVWETQY,0
RAKFKQLL,DSASNYIRSNVGEAATRNFGNEKLTSGHDTYYEEEEASSSLFPLGANVLT,DSASNY,IRSNVGE,AATRNFGNEKLT,SGHDT,YYEEEE,ASSSLFPLGANVLT,0
GILGFVFTL,DSSSTYIFSNMDMAEMEGGSYIPTLGHNAYNFKEQASSQEWLAVSTDTQY,DSSSTY,IFSNMDM,AEMEGGSYIPT,LGHNA,YNFKEQ,ASSQEWLAVSTDTQY,0
IVTDFSVIK,TRDTTYYRNSFDEQNALSEAYSSASKIIMNHEYSMNVEVASSLVAGSSNEQF,TRDTTYY,RNSFDEQN,ALSEAYSSASKII,MNHEY,SMNVEV,ASSLVAGSSNEQF,0
LLWNGPMAV,TTSDRLLSNGAVAVDMEYGNKLVLGHNAYSLEERASSQGGYGYT,TTSDR,LLSNGAV,AVDMEYGNKLV,LGHNA,YSLEER,ASSQGGYGYT,1
HPVTKYIM,SVFSSVVTGGEVAGGGFADYGGSQGNLILNHDASQIVNDASSLYSNQPQH,SVFSS,VVTGGEV,AGGGFADYGGSQGNLI,LNHDA,SQIVND,ASSLYSNQPQH,0
IVTDFSVIK,SIFNTLYKAGELAGRPEVDSQGNLILNHDASQIVNDASSIFSVSNEQY,SIFNT,LYKAGEL,AGRPEVDSQGNLI,LNHDA,SQIVND,ASSIFSVSNEQY,0
RAKFKQLL,SSVPPYYTSAATLVAVSDFKAAGNKLTSGHNSFNNNVPASSLTGLAGGRGQETQY,SSVPPY,YTSAATLV,AVSDFKAAGNKLT,SGHNS,FNNNVP,ASSLTGLAGGRGQETQY,0
LLWNGPMAV,DSVNNIPSGTAGSPSNTGKLILNHDASQIVNDASSIHSGNQPQH,DSVNN,IPSGT,AGSPSNTGKLI,LNHDA,SQIVND,ASSIHSGNQPQH,0
AVFDRKSDAK,TSINNIRSNEREATDARNTDKLIMGHRAYSYEKLASSPRRVGLAGVNGTDTQY,TSINN,IRSNERE,ATDARNTDKLI,MGHRA,YSYEKL,ASSPRRVGLAGVNGTDTQY,1
AVFDRKSDAK,TTLSNLVKSGEVAVSYGGSQGNLILNHDASQIVNDASSGRPTETQY,TTLSN,LVKSGEV,AVSYGGSQGNLI,LNHDA,SQIVND,ASSGRPTETQY,0
IVTDFSVIK,DSASNYIRSNVGEAASETSYDKVISEHNRFQNEAQASSLFFGYEQY,DSASNY,IRSNVGE,AASETSYDKVI,SEHNR,FQNEAQ,ASSLFFGYEQY,1
RAKFKQLL,TISGTDYGLTSNILPLAGGTSYGKLTLNHDASQIVNDASSISSINEQF,TISGTDY,GLTSN,ILPLAGGTSYGKLT,LNHDA,SQIVND,ASSISSINEQF,0
SPRWYFYYL,DSASNYIRSNVGEAAPYSGGSNYKLTSGHTAFQGTGAASSLVGTGELF,DSASNY,IRSNVGE,AAPYSGGSNYKLT,SGHTA,FQGTGA,ASSLVGTGELF,0
NLVPMVATV,NYSPAYIRENEKEAPHPSGYSTLTMDHENSYDVKMASSLIQGSYEQY,NYSPAY,IRENEKE,APHPSGYSTLT,MDHEN,SYDVKM,ASSLIQGSYEQY,0
GILGFVFTL,ATGYPSATKADDKALEDGQKLLSEHNRFQNEAQASSLTDRPTYEQY,ATGYPS,ATKADDK,ALEDGQKLL,SEHNR,FQNEAQ,ASSLTDRPTYEQY,0
RFPLTFGWCF,DSASNYIRSNVGEAASETSYDKVISEHNRFQNEAQASSLLGQPNTEAF,DSASNY,IRSNVGE,AASETSYDKVI,SEHNR,FQNEAQ,ASSLLGQPNTEAF,0
RAKFKQLL,TSDPSYGQGSYDQQNAMREGRGTGANNLFSGHRSYFSETQASSLVAEPSLNTEAF,TSDPSYG,QGSYDQQN,AMREGRGTGANNLF,SGHRS,YFSETQ,ASSLVAEPSLNTEAF,0
GLCTLVAML,NSASQSVYSSGVVNGMDSSHKLISNHLYFYNNEIASSGVQLLPGELF,NSASQS,VYSSG,VVNGMDSSHKLI,SNHLY,FYNNEI,ASSGVQLLPGELF,1
IVTDFSVIK,DRGSQSIYSNGDAVNSGNQFYFGMNHEYSMNVEVASRPTGMGQPQHFG,DRGSQS,IYSNGD,AVNSGNQFYFG,MNHEY,SMNVEV,ASRPTGMGQPQHFG,0
KLGGALQAK,NSAFQYTYSSGNAMSGGLNTGNQFYSGHRSYFSETQASSLAGEQF,NSAFQY,TYSSGN,AMSGGLNTGNQFY,SGHRS,YFSETQ,ASSLAGEQF,0
RAKFKQLL,TISGTDYGLTSNILTHSNSGYALNSGDLSYYNGEEASSEVADYNEQF,TISGTDY,GLTSN,ILTHSNSGYALN,SGDLS,YYNGEE,ASSEVADYNEQF,0
CINGVCWTV,NSASDYIRSNMDKAETHSGGSNYKLTDFQATTSNEGSKASARDLGTSKQYEQY,NSASDY,IRSNMDK,AETHSGGSNYKLT,DFQATT,SNEGSKA,SARDLGTSKQYEQY,0
GILGFVFTL,DRGSQSIYSNGDAVDDKIISGHRSYFSETQASSPDRGLAGELF,DRGSQS,IYSNGD,AVDDKII,SGHRS,YFSETQ,ASSPDRGLAGELF,0
ELAGIGILTV,TISGTDYGLTSNILPLAGGTSYGKLTLNHDASQIVNDASSISSINEQF,TISGTDY,GLTSN,ILPLAGGTSYGKLT,LNHDA,SQIVND,ASSISSINEQF,0
IVTDFSVIK,VSGLRGLYSAGEEAVPPKANNLFSGHNSFNNNVPASTPGRSDTGELF,VSGLRG,LYSAGEE,AVPPKANNLF,SGHNS,FNNNVP,ASTPGRSDTGELF,0
GLCTLVAML,YGATPYYFSGDTLVAVTRDDKIILNHDASQIVNDASSIYSNQPQH,YGATPY,YFSGDTLV,AVTRDDKII,LNHDA,SQIVND,ASSIYSNQPQH,0
KLGGALQAK,TRDTTYYRNSFDEQNALSGGNTGANSKLTGTSNPNSVGIGAGLGANVLT,TRDTTYY,RNSFDEQN,ALSGGNTGANSKLT,GTSNPN,SVGIG,AGLGANVLT,1
KLGGALQAK,YGATPYYFSGDTLVAVGDNYGGSQGNLIMGHDKSYGVNSASRIGYTEAF,YGATPY,YFSGDTLV,AVGDNYGGSQGNLI,MGHDK,SYGVNS,ASRIGYTEAF,0
RAKFKQLL,TTLSNLVKSGEVAGPEDGGSQGNLILNHDASQIVNDASSIRSSGPQF,TTLSN,LVKSGEV,AGPEDGGSQGNLI,LNHDA,SQIVND,ASSIRSSGPQF,0
ELAGIGILTV,NSASDYIRSNMDKADSGGGADGLTSQVTMANQGSEASAGQGPYEQY,NSASDY,IRSNMDK,ADSGGGADGLT,SQVTM,ANQGSEA,SAGQGPYEQY,0
FEDLRVLSF,NSAFQYTYSSGNAMKSTNAGKSTDFQATTSNEGSKASARDRVGNTIY,NSAFQY,TYSSGN,AMKSTNAGKST,DFQATT,SNEGSKA,SARDRVGNTIY,0
LLWNGPMAV,NIATNDYGYKTKLVGEAGGFKTISGHTAFQGTGAASSLTVSLSPDLNEQF,NIATNDY,GYKTK,LVGEAGGFKTI,SGHTA,FQGTGA,ASSLTVSLSPDLNEQF,0
AVFDRKSDAK,NTAFDYIRPDVSEAASITPGTYKYIDFQATTSNEGSKASATDRANVNQPQH,NTAFDY,IRPDVSE,AASITPGTYKYI,DFQATT,SNEGSKA,SATDRANVNQPQH,0
RAKFKQLL,SIFNTLYKAGELAGGGYGGSQGNLILNHDASQIVNDASSIRSDTEAF,SIFNT,LYKAGEL,AGGGYGGSQGNLI,LNHDA,SQIVND,ASSIRSDTEAF,0
ELAGIGILTV,TSENNYYQEAYKQQNASFYNQGGKLISEHNRFQNEAQASSLPGELF,TSENNYY,QEAYKQQN,ASFYNQGGKLI,SEHNR,FQNEAQ,ASSLPGELF,0
KLGGALQAK,DSAIYNIQSSQREAVPEMRRDDKIIMNHEYSMNVEVASSSLTSGGARYTQY,DSAIYN,IQSSQRE,AVPEMRRDDKII,MNHEY,SMNVEV,ASSSLTSGGARYTQY,0
RAKFKQLL,TRDTTYYRNSFDEQNALSVVDRGSTLGRLYLGHNAYNFKEQASSPPIGTSAQDTQY,TRDTTYY,RNSFDEQN,ALSVVDRGSTLGRLY,LGHNA,YNFKEQ,ASSPPIGTSAQDTQY,0
KLGGALQAK,TTLSNLVKSGEVAGGGGAGSYQLTLNHDASQIVNDASSIRSSYEQY,TTLSN,LVKSGEV,AGGGGAGSYQLT,LNHDA,SQIVND,ASSIRSSYEQY,0
ELAGIGILTV,DSASNYIRSNVGEAAINTGTASKLTMNHEYSMNVEVASSSPGPREKLF,DSASNY,IRSNVGE,AAINTGTASKLT,MNHEY,SMNVEV,ASSSPGPREKLF,0
ELAGIGILTV,DRGSQSIYSNGDAVNTSGGGADGLTLGHNAYSLEERASSQDLLAGAADTQY,DRGSQS,IYSNGD,AVNTSGGGADGLT,LGHNA,YSLEER,ASSQDLLAGAADTQY,1
KLGGALQAK,DSAIYNIQSSQREDRGRGTSYDKVIMNHEYSVGEGTASTLGEGSEAF,DSAIYN,IQSSQRE,DRGRGTSYDKVI,MNHEY,SVGEGT,ASTLGEGSEAF,0
RAKFKQLL,SIFNTLYKAGELAGHTGNQFYSGHATFQNNGVASSLEGQLFYEQY,SIFNT,LYKAGEL,AGHTGNQFY,SGHAT,FQNNGV,ASSLEGQLFYEQY,0
RAKFKQLL,DSASNYIRSNVGEAATETSYDKVISGHNSFNNNVPASGPPGGEKLF,DSASNY,IRSNVGE,AATETSYDKVI,SGHNS,FNNNVP,ASGPPGGEKLF,1
RAKFKQLL,TSGFNGNVLDGLAVRADSGAGSYQLTDFQATTSNEGSKASARDRVGNTIY,TSGFNG,NVLDGL,AVRADSGAGSYQLT,DFQATT,SNEGSKA,SARDRVGNTIY,0
NLVPMVATV,SSVPPYYTSAATLVAVTFTGNTPLVLNHDASQIVNDASSTRSQETQY,SSVPPY,YTSAATLV,AVTFTGNTPLV,LNHDA,SQIVND,ASSTRSQETQY,0
ELAGIGILTV,SVFSSVVTGGEVSGTPGLPRDDKIIMGHRAYSYEKLASSYDRGPREGYT,SVFSS,VVTGGEV,SGTPGLPRDDKII,MGHRA,YSYEKL,ASSYDRGPREGYT,0
GILGFVFTL,NSASQSVYSSGVVNRVENSGYSTLTMNHNSSASEGTASSGNEQDLQPQH,NSASQS,VYSSG,VVNRVENSGYSTLT,MNHNS,SASEGT,ASSGNEQDLQPQH,0
GILGFVFTL,TSGFYGNALDGLAVDDTGGGNKLTSNHLYFYNNEIASSAGQVSPGELF,TSGFYG,NALDGL,AVDDTGGGNKLT,SNHLY,FYNNEI,ASSAGQVSPGELF,0
ATDALMTGF,YSGSPEHISRALVTFTGGGNKLTSGHNTYYREEEASSSTGGGEKDQPQH,YSGSPE,HISR,ALVTFTGGGNKLT,SGHNT,YYREEE,ASSSTGGGEKDQPQH,0
AVFDRKSDAK,TISGTDYGLTSNILRDVRGQNFVDFQATTSNEGSKASAFTGEGNTIY,TISGTDY,GLTSN,ILRDVRGQNFV,DFQATT,SNEGSKA,SAFTGEGNTIY,0
RLPGVLPRA,DSSSTYIFSNMDMAESMSYQKVTSGHRSYFSETQASSLEASTDTQY,DSSSTY,IFSNMDM,AESMSYQKVT,SGHRS,YFSETQ,ASSLEASTDTQY,1
RAKFKQLL,NIATNDYGYKTKLVGVRRSNDYKLSLGHDTYNNKELASSQEAGFWGEQY,NIATNDY,GYKTK,LVGVRRSNDYKLS,LGHDT,YNNKEL,ASSQEAGFWGEQY,0
GILGFVFTL,DSAIYNIQSSQREAVRPSGGFKTISGHTAFQGNSAASSPSGQLDSQH,DSAIYN,IQSSQRE,AVRPSGGFKTI,SGHTA,FQGNSA,ASSPSGQLDSQH,0
GILGFVFTL,DSVNNIPSGTAGSPSNTGKLISGHNSFNNNVPASSFSGNTGELF,DSVNN,IPSGT,AGSPSNTGKLI,SGHNS,FNNNVP,ASSFSGNTGELF,1
RAKFKQLL,DRGSQSIYSNGDAVEGGKLISQVTMANQGSEASVEGRGTDTQY,DRGSQS,IYSNGD,AVEGGKLI,SQVTM,ANQGSEA,SVEGRGTDTQY,0
GLCTLVAML,DRGSQSIYSNGDAVPVQTSYDKVISGHDYFNNNVPASSSAYYGYT,DRGSQS,IYSNGD,AVPVQTSYDKVI,SGHDY,FNNNVP,ASSSAYYGYT,0
RAKFKQLL,NIATNDYGYKTKLVGASNTGNQFYLGHDTYNNKELASSQEAGAWGEQY,NIATNDY,GYKTK,LVGASNTGNQFY,LGHDT,YNNKEL,ASSQEAGAWGEQY,0
LLWNGPMAV,SIFNTLYKAGELAGHTGNQFYSGHNTYYREEEASSSTGGGEKDQPQH,SIFNT,LYKAGEL,AGHTGNQFY,SGHNT,YYREEE,ASSSTGGGEKDQPQH,0
KLGGALQAK,DSAIYNIQSSQREAVRPGSNDYKLSSQVTMANQGSEASVEDFGNQETQY,DSAIYN,IQSSQRE,AVRPGSNDYKLS,SQVTM,ANQGSEA,SVEDFGNQETQY,0
IVTDFSVIK,SSYSPSYTSAATLVVVSAPGQAGTALISEHNRFQNEAQASSLDQGMTEAF,SSYSPS,YTSAATLV,VVSAPGQAGTALI,SEHNR,FQNEAQ,ASSLDQGMTEAF,0
RAKFKQLL,SIFNTLYKAGELAGRHGGTSYGKLTSGHDYFNNNVPASSLAYILGLGDEQF,SIFNT,LYKAGEL,AGRHGGTSYGKLT,SGHDY,FNNNVP,ASSLAYILGLGDEQF,0
NLVPMVATV,DSAIYNIQSSQREAVPNTNAGKSTLNHDASHIVNDASSSRSGNEKLF,DSAIYN,IQSSQRE,AVPNTNAGKST,LNHDA,SHIVND,ASSSRSGNEKLF,0
ELAGIGILTV,TTLSNLVKSGEVAVSYGGSQGNLILNHDASQIVNDASSGRPTETQY,TTLSN,LVKSGEV,AVSYGGSQGNLI,LNHDA,SQIVND,ASSGRPTETQY,0
IVTDFSVIK,DSAIYNIQSSQREAVVYPLTHGSSNTGKLISEHNRFQNEAQASSLEGQLNEQF,DSAIYN,IQSSQRE,AVVYPLTHGSSNTGKLI,SEHNR,FQNEAQ,ASSLEGQLNEQF,0
RAKFKQLL,TSENNYYQEAYKQQNAFSYNNNDMRMGHRAYSYEKLASSQETGIYTQY,TSENNYY,QEAYKQQN,AFSYNNNDMR,MGHRA,YSYEKL,ASSQETGIYTQY,0
RAKFKQLL,TRDTTYYRNSFDEQNALSSPSAAGNKLTMNHEYSVGAGIASKGLAGGGSYNEQF,TRDTTYY,RNSFDEQN,ALSSPSAAGNKLT,MNHEY,SVGAGI,ASKGLAGGGSYNEQF,0
DATYQRTRALVR,TTLSNLVKSGEVAGPVYDYKLSSGHVSFQNEAQASSLSGTGDYEQY,TTLSN,LVKSGEV,AGPVYDYKLS,SGHVS,FQNEAQ,ASSLSGTGDYEQY,0
KSKRTPMGF,NIATNDYGYKTKLVGGTGTASKLTMNHNSSASEGTASRETGGVWETQY,NIATNDY,GYKTK,LVGGTGTASKLT,MNHNS,SASEGT,ASRETGGVWETQY,0
KLGGALQAK,SSNFYAMTLNGDEAFTAGGADGLTMRHNASNTAGTASSDTGVLNSPLH,SSNFYA,MTLNGDE,AFTAGGADGLT,MRHNA,SNTAGT,ASSDTGVLNSPLH,0
CINGVCWTV,TSGFNGNVLDGLAVRGLGGSQGNLISGHTSYDEGEEASSLVGEQF,TSGFNG,NVLDGL,AVRGLGGSQGNLI,SGHTS,YDEGEE,ASSLVGEQF,0
IVTDFSVIK,SVFSSVVTGGEVAGPYNAGNMLTMNHEYSVGAGIASSYSTGEGAQY,SVFSS,VVTGGEV,AGPYNAGNMLT,MNHEY,SVGAGI,ASSYSTGEGAQY,0
GLCTLVAML,TRDTTYYRNSFDEQNALSNAKTSYDKVIDFQATTSNEGSKASARPGQFYSNQPQH,TRDTTYY,RNSFDEQN,ALSNAKTSYDKVI,DFQATT,SNEGSKA,SARPGQFYSNQPQH,0
NLVPMVATV,VSNAYNGSKPAVEGSSGSARQLTMNHEYSMNVEVASSSDGNEQF,VSNAYN,GSKP,AVEGSSGSARQLT,MNHEY,SMNVEV,ASSSDGNEQF,0
CINGVCWTV,YGATPYYFSGDTLVAVGAGTNAGKSTMGHRAYSYEKLASSQESGTEAF,YGATPY,YFSGDTLV,AVGAGTNAGKST,MGHRA,YSYEKL,ASSQESGTEAF,1
RAKFKQLL,NSMFDYISSIKDKAASDGAGGTSYGKLTSGHTSYDEGEEASSLWTGSHEQY,NSMFDY,ISSIKDK,AASDGAGGTSYGKLT,SGHTS,YDEGEE,ASSLWTGSHEQY,0
GILGFVFTL,TSDPSYGQGSYDQQNAMRDGGGSQGNLILNHDASQIVNDASSIRSGAEQY,TSDPSYG,QGSYDQQN,AMRDGGGSQGNLI,LNHDA,SQIVND,ASSIRSGAEQY,1
IVTDFSVIK,DSAIYNIQSSQREAVRNTGGFKTISGHATFQNNGVASSLSGQLDTQY,DSAIYN,IQSSQRE,AVRNTGGFKTI,SGHAT,FQNNGV,ASSLSGQLDTQY,0
KLGGALQAK,DRGSQSIYSNGDAVNSGNQFYFGMNHEYSMNVEVASRPTGMGQPQHFG,DRGSQS,IYSNGD,AVNSGNQFYFG,MNHEY,SMNVEV,ASRPTGMGQPQHFG,0
KLGGALQAK,DSASNYIRSNVGEAALAGTASKLTSQVTMANQGSEASVVPLAGPYEQY,DSASNY,IRSNVGE,AALAGTASKLT,SQVTM,ANQGSEA,SVVPLAGPYEQY,0
AVFDRKSDAK,TSENNYYQEAYKQQNAFLQGGSEKLVMDHENSYDVKMASSLFGLAGVEETQY,TSENNYY,QEAYKQQN,AFLQGGSEKLV,MDHEN,SYDVKM,ASSLFGLAGVEETQY,0
AVFDRKSDAK,TSGFNGNVLDGLAVRADSGAGSYQLTDFQATTSNEGSKASARDRVGNTIY,TSGFNG,NVLDGL,AVRADSGAGSYQLT,DFQATT,SNEGSKA,SARDRVGNTIY,0
AVFDRKSDAK,DRGSQSIYSNGDAVNGNNNDMRLNHDASQIVNDASAWGGMTNEQY,DRGSQS,IYSNGD,AVNGNNNDMR,LNHDA,SQIVND,ASAWGGMTNEQY,0
RLRAEAQVK,TSENNYYQEAYKQQNAFMLGAGGTSYGKLTSGHVSFNYEAQASSFLTGNTEAF,TSENNYY,QEAYKQQN,AFMLGAGGTSYGKLT,SGHVS,FNYEAQ,ASSFLTGNTEAF,0
RAKFKQLL,DRGSQSIYSNGDAGRNYNQGGKLISGHVSFQNEAQASSSPEGQPLNTGELF,DRGSQS,IYSNGD,AGRNYNQGGKLI,SGHVS,FQNEAQ,ASSSPEGQPLNTGELF,0
RAKFKQLL,SSNFYAMTLNGDEARNTGNQFYGTSNPNSVGIGAWSISDLAKNIQY,SSNFYA,MTLNGDE,ARNTGNQFY,GTSNPN,SVGIG,AWSISDLAKNIQY,0
LLWNGPMAV,TISGTDYGLTSNILGWGKLQMNHEYSMNVEVASSLDRVTGELF,TISGTDY,GLTSN,ILGWGKLQ,MNHEY,SMNVEV,ASSLDRVTGELF,0
AVFDRKSDAK,TRDTTYYRNSFDEQNALSEIGGGADGLTLNHDASQIVNDASSPEAGTVLEAF,TRDTTYY,RNSFDEQN,ALSEIGGGADGLT,LNHDA,SQIVND,ASSPEAGTVLEAF,0
LLWNGPMAV,TSGFNGNVLDGLAVGMIKAAGNKLTDFQATTSNEGSKASALGGTQY,TSGFNG,NVLDGL,AVGMIKAAGNKLT,DFQATT,SNEGSKA,SALGGTQY,0
GLCTLVAML,NSASDYIRSNMDKADSGGGADGLTSGHDTYYEEEEASSSTLYGSYNEQF,NSASDY,IRSNMDK,ADSGGGADGLT,SGHDT,YYEEEE,ASSSTLYGSYNEQF,0
GILGFVFTL,NIATNDYGYKTKLVGDNGSGNTGKLILGHNAYNFKEQASSQEVSGVWGELF,NIATNDY,GYKTK,LVGDNGSGNTGKLI,LGHNA,YNFKEQ,ASSQEVSGVWGELF,0
GILGFVFTL,ATGYPSATKADDKASSSVNEQYMNHEYSVGAGIASSPITGTGAYGYT,ATGYPS,ATKADDK,ASSSVNEQY,MNHEY,SVGAGI,ASSPITGTGAYGYT,0
AVFDRKSDAK,YGATPYYFSGDTLVAVGLNHMRPRHDTFYEKMQASSLQLASNTGELF,YGATPY,YFSGDTLV,AVGLNHMR,PRHDT,FYEKMQ,ASSLQLASNTGELF,1
KSKRTPMGF,SVFSSVVTGGEVAGGGSQGNLIDFQATTSNEGSKASARDLTAGSYEQY,SVFSS,VVTGGEV,AGGGSQGNLI,DFQATT,SNEGSKA,SARDLTAGSYEQY,0
FEDLRLLSF,NSASDYIRSNMDKAETHSGGSNYKLTDFQATTSNEGSKASARDLGTSKQYEQY,NSASDY,IRSNMDK,AETHSGGSNYKLT,DFQATT,SNEGSKA,SARDLGTSKQYEQY,0
DATYQRTRALVR,KALYSLLKGGEQGTVKGFGNVLHDFQATTSNEGSKASAPARSEPYEQY,KALYS,LLKGGEQ,GTVKGFGNVLH,DFQATT,SNEGSKA,SAPARSEPYEQY,0
ELAGIGILTV,DRGSQSIYSNGDAVNLGSYIPTLNHDASQIVNDATSWGGSGELF,DRGSQS,IYSNGD,AVNLGSYIPT,LNHDA,SQIVND,ATSWGGSGELF,1
IVTDFSVIK,DSVNNIPSGTAVSPVTQGGSEKLVDFQATTSNEGSKASARVIPREAF,DSVNN,IPSGT,AVSPVTQGGSEKLV,DFQATT,SNEGSKA,SARVIPREAF,1
GILGFVFTL,VSNAYNGSKPAVEDSYNQGGKLIPRHDTFYEKMQASSPSGQGAGGYT,VSNAYN,GSKP,AVEDSYNQGGKLI,PRHDT,FYEKMQ,ASSPSGQGAGGYT,0
IVTDFSVIK,DSASNYIRSNVGEAAQPPTGNQFYSGHATFQNNGVASSFLTGQGETQY,DSASNY,IRSNVGE,AAQPPTGNQFY,SGHAT,FQNNGV,ASSFLTGQGETQY,0
RAKFKQLL,NSASDYIRSNMDKADSGGGADGLTMNHEYSMNVEVASSPHFQVDTGELF,NSASDY,IRSNMDK,ADSGGGADGLT,MNHEY,SMNVEV,ASSPHFQVDTGELF,1
ELAGIGILTV,TSDPSYGQGSYDQQNAMRDGGGSQGNLILNHDASQIVNDASSIRSGAEQY,TSDPSYG,QGSYDQQN,AMRDGGGSQGNLI,LNHDA,SQIVND,ASSIRSGAEQY,0
GILGFVFTL,YGATPYYFSGDTLVAVGNLDGGSQGNLISGHKSYYEKEEASVGSYNEQF,YGATPY,YFSGDTLV,AVGNLDGGSQGNLI,SGHKS,YYEKEE,ASVGSYNEQF,0
GILGFVFTL,TTLSNLVKSGEVAGFPPGKLISGHNSFNNNVPASSPVAGVRDEQF,TTLSN,LVKSGEV,AGFPPGKLI,SGHNS,FNNNVP,ASSPVAGVRDEQF,0
GILGFVFTL,SVFSSVVTGGEVAGGGSQGNLIDFQATTSNEGSKASARDLTAGSYEQY,SVFSS,VVTGGEV,AGGGSQGNLI,DFQATT,SNEGSKA,SARDLTAGSYEQY,1
RAKFKQLL,TSGFYGNALDGLAVKAAGNKLTLGHDTYNNKELASSQDLQGVKNAEAF,TSGFYG,NALDGL,AVKAAGNKLT,LGHDT,YNNKEL,ASSQDLQGVKNAEAF,1
RAKFKQLL,TSGFNGNVLDGLAVRDPGTGRRALTSGHNSFNNNVPASSFSGNTGELF,TSGFNG,NVLDGL,AVRDPGTGRRALT,SGHNS,FNNNVP,ASSFSGNTGELF,1
GILGFVFTL,TSESDYYQEAYKQQNAYRSLDLSGNTPLVMNHEYSMNVEVASSLYIQGGEQY,TSESDYY,QEAYKQQN,AYRSLDLSGNTPLV,MNHEY,SMNVEV,ASSLYIQGGEQY,0
RAKFKQLL,DRGSQSIYSNGDAVSGGSYIPTMNHEYSMNVEVASRDSAYRNEKLF,DRGSQS,IYSNGD,AVSGGSYIPT,MNHEY,SMNVEV,ASRDSAYRNEKLF,0
AVFDRKSDAK,TSESDYYQEAYKQQNAYRSLDLSGNTPLVMNHEYSMNVEVASSLYIQGGEQY,TSESDYY,QEAYKQQN,AYRSLDLSGNTPLV,MNHEY,SMNVEV,ASSLYIQGGEQY,0
GILGFVFTL,VSGLRGLYSAGEEAVQALRAAGNKLTSGHRSYFSETQASRGSSSISGANVLT,VSGLRG,LYSAGEE,AVQALRAAGNKLT,SGHRS,YFSETQ,ASRGSSSISGANVLT,0
GILGFVFTL,TSINNIRSNEREASPHQKVTLNHDASQIVNDASSQRSTDTQY,TSINN,IRSNERE,ASPHQKVT,LNHDA,SQIVND,ASSQRSTDTQY,1
IVTDFSVIK,SSVPPYYTSAATLVAVIGGYQKVTDFQATTSNEGSKASAGQGSNEKLF,SSVPPY,YTSAATLV,AVIGGYQKVT,DFQATT,SNEGSKA,SAGQGSNEKLF,0
LLWNGPMAV,TSGFYGNALDGLAVREVTGGFKTILNHDASQIVNDASSPGQLYEQY,TSGFYG,NALDGL,AVREVTGGFKTI,LNHDA,SQIVND,ASSPGQLYEQY,0
NLVPMVATV,TSINNIRSNEREATDAPGGYQKVTKGHSHLQKENIASSPWTGTLNTEAF,TSINN,IRSNERE,ATDAPGGYQKVT,KGHSH,LQKENI,ASSPWTGTLNTEAF,1
GILGFVFTL,DRGSQSIYSNGDAVFRDNYGQNFVSGHRSYFSETQASATGTSYNEQF,DRGSQS,IYSNGD,AVFRDNYGQNFV,SGHRS,YFSETQ,ASATGTSYNEQF,0
GILGFVFTL,TRDTTYYRNSFDEQNALSERSNTGKLISEHNRFQNEAQASSPNYEQY,TRDTTYY,RNSFDEQN,ALSERSNTGKLI,SEHNR,FQNEAQ,ASSPNYEQY,0
IVTDFSVIK,TRDTTYYRNSFDEQNALKGNTGTASKLTSGDLSYYNGEEASSVELSTDTQY,TRDTTYY,RNSFDEQN,ALKGNTGTASKLT,SGDLS,YYNGEE,ASSVELSTDTQY,0
GILGFVFTL,SIFNTLYKAGELAGQYRDDKIILNHDASQIVNDASSIGLGEQY,SIFNT,LYKAGEL,AGQYRDDKII,LNHDA,SQIVND,ASSIGLGEQY,1
SPRWYFYYL,KTLYGLQKGGEEGADPQGGDNNARLMDFQATTSNEGSKASARPRESSNQPQH,KTLYG,LQKGGEE,GADPQGGDNNARLM,DFQATT,SNEGSKA,SARPRESSNQPQH,0
RAKFKQLL,SSYSPSYTSAATLVVVSAPGQAGTALISEHNRFQNEAQASSLDQGMTEAF,SSYSPS,YTSAATLV,VVSAPGQAGTALI,SEHNR,FQNEAQ,ASSLDQGMTEAF,0
GILGFVFTL,DSASNYIRSNVGEAATETSYDKVISGHNTYYREEEASKRQGSLSYEQY,DSASNY,IRSNVGE,AATETSYDKVI,SGHNT,YYREEE,ASKRQGSLSYEQY,0
CINGVCWTV,NSASQSVYSSGVVESMEYGNKLVSGHKSYYEKEEASSRGRGGQYNEQF,NSASQS,VYSSG,VVESMEYGNKLV,SGHKS,YYEKEE,ASSRGRGGQYNEQF,0
IVTDFSVIK,SSVPPYYTSAATLVAVSQDSNYQLISGHATFQNNGVASSWGGGSHYGYT,SSVPPY,YTSAATLV,AVSQDSNYQLI,SGHAT,FQNNGV,ASSWGGGSHYGYT,1
KLGGALQAK,ATGYPSATKADDKALEDGQKLLSEHNRFQNEAQASSLTDRPTYEQY,ATGYPS,ATKADDK,ALEDGQKLL,SEHNR,FQNEAQ,ASSLTDRPTYEQY,1
ELAGIGILTV,TISGTDYGLTSNILRPMEYGNKLVSEHNRFQNEAQASSYIAGVKYEQY,TISGTDY,GLTSN,ILRPMEYGNKLV,SEHNR,FQNEAQ,ASSYIAGVKYEQY,0
RAKFKQLL,TTLSNLVKSGEVASPGDGGSQGNLILNHDASQIVNDASSPRSTDTQY,TTLSN,LVKSGEV,ASPGDGGSQGNLI,LNHDA,SQIVND,ASSPRSTDTQY,0
DATYQRTRALVR,TSINNIRSNEREATDAATGRRALTDFQATTSNEGSKASAWTGTEAF,TSINN,IRSNERE,ATDAATGRRALT,DFQATT,SNEGSKA,SAWTGTEAF,0
KSKRTPMGF,DSASNYIRSNVGEAASIAGGYQKVTSEHNRFQNEAQASSLGQGVFYEQF,DSASNY,IRSNVGE,AASIAGGYQKVT,SEHNR,FQNEAQ,ASSLGQGVFYEQF,0
GILGFVFTL,YSGSPEHISRALDYKAAGNKLTSGHTAFQGTGAASSQGPTGGYVSEAF,YSGSPE,HISR,ALDYKAAGNKLT,SGHTA,FQGTGA,ASSQGPTGGYVSEAF,1
CINGVCWTV,TSGFYGNALDGLAVDDTGGGNKLTSNHLYFYNNEIASSAGQVSPGELF,TSGFYG,NALDGL,AVDDTGGGNKLT,SNHLY,FYNNEI,ASSAGQVSPGELF,0
DATYQRTRALVR,DRGSQSIYSNGDAVTNYGGSQGNLIKGHDRSFDVKDATRRPGQQETQY,DRGSQS,IYSNGD,AVTNYGGSQGNLI,KGHDR,SFDVKD,ATRRPGQQETQY,0
IVTDFSVIK,DRGSQSIYSNGDAVNIDNMDSNYQLISGDLSYYNGEEASSVGGEAYEQY,DRGSQS,IYSNGD,AVNIDNMDSNYQLI,SGDLS,YYNGEE,ASSVGGEAYEQY,0
KSKRTPMGF,NIATNDYGYKTKLVGEANGGSQGNLISGHVSFQNEAQASSLEEGYSYEQY,NIATNDY,GYKTK,LVGEANGGSQGNLI,SGHVS,FQNEAQ,ASSLEEGYSYEQY,1
GILGFVFTL,SSYSPSYTSAATLVAVFADGQKLLMNHNSSASEGTASVGLAVVGELF,SSYSPS,YTSAATLV,AVFADGQKLL,MNHNS,SASEGT,ASVGLAVVGELF,0
GILGFVFTL,NYSPAYIRENEKEAPHPSGYSTLTMDHENSYDVKMASSLIQGSYEQY,NYSPAY,IRENEKE,APHPSGYSTLT,MDHEN,SYDVKM,ASSLIQGSYEQY,0
RAKFKQLL,TSGFNGNVLDGLAVNEGDYKLSDFQATTSNEGSKASARHLSGIEQF,TSGFNG,NVLDGL,AVNEGDYKLS,DFQATT,SNEGSKA,SARHLSGIEQF,0
GILGFVFTL,DRGSQSIYSNGDAVRVGTTDSLLALNHDASQIVNDASSPLSTDTQY,DRGSQS,IYSNGD,AVRVGTTDSLLA,LNHDA,SQIVND,ASSPLSTDTQY,1
ELAGIGILTV,DRGSQSIYSNGDAVDTGGGADGLTSNHLYFYNNEIARGQDAANTGELF,DRGSQS,IYSNGD,AVDTGGGADGLT,SNHLY,FYNNEI,ARGQDAANTGELF,1
GPRLGVRAT,SSVSVYYLSGSTLVAVSDPDTDKLIMNHNSSASEGTASSDWTNTGELF,SSVSVY,YLSGSTLV,AVSDPDTDKLI,MNHNS,SASEGT,ASSDWTNTGELF,0
RAKFKQLL,DRGSQSIYSNGDAVNGNNDMRDFQATTSNEGSKASASQDPYEQY,DRGSQS,IYSNGD,AVNGNNDMR,DFQATT,SNEGSKA,SASQDPYEQY,0
LLWNGPMAV,DRGSQSIYSNGDAVNPLRDSNYQLIMGHRAYSYEKLASSQTRGAGNTIY,DRGSQS,IYSNGD,AVNPLRDSNYQLI,MGHRA,YSYEKL,ASSQTRGAGNTIY,0
GILGFVFTL,DSSSTYIFSNMDMAERGTGGFKTILGHDTYNNKELASSQVFWTESNTDTQY,DSSSTY,IFSNMDM,AERGTGGFKTI,LGHDT,YNNKEL,ASSQVFWTESNTDTQY,0
IVTDFSVIK,DSASNYIRSNVGEAALAGTASKLTSQVTMANQGSEASVVPLAGPYEQY,DSASNY,IRSNVGE,AALAGTASKLT,SQVTM,ANQGSEA,SVVPLAGPYEQY,0
GILGFVFTL,TSGFNGNVLDGLAVRDPGRDYKLSDFQATTSNEGSKASARGHETTGELF,TSGFNG,NVLDGL,AVRDPGRDYKLS,DFQATT,SNEGSKA,SARGHETTGELF,0
GILGFVFTL,NIATNDYGYKTKLVGVPSGGYNKLIGTSNPNSVGIGAWSPITSNYGYT,NIATNDY,GYKTK,LVGVPSGGYNKLI,GTSNPN,SVGIG,AWSPITSNYGYT,0
GILGFVFTL,VGISALSSGKAVKGSYSGGGADGLTSGHTAFQGNSAASSLRSGTGELF,VGISA,LSSGK,AVKGSYSGGGADGLT,SGHTA,FQGNSA,ASSLRSGTGELF,0
RAKFKQLL,VSGNPYYITGDNLVAVRDPGGYNKLILNHDASQIVNDASSARSSTEQY,VSGNPY,YITGDNLV,AVRDPGGYNKLI,LNHDA,SQIVND,ASSARSSTEQY,0
KSKRTPMGF,DSVNNIPSGTAVSPVTQGGSEKLVDFQATTSNEGSKASARVIPREAF,DSVNN,IPSGT,AVSPVTQGGSEKLV,DFQATT,SNEGSKA,SARVIPREAF,0
ELAGIGILTV,SIFNTLYKAGELAGLSGSARQLTFGSGHNSFNNNVPASSLFPGGNTGELFFG,SIFNT,LYKAGEL,AGLSGSARQLTFG,SGHNS,FNNNVP,ASSLFPGGNTGELFFG,1
RAKFKQLL,DSSSTYIFSNMDMAESLWDDKIISGHDYFNNNVPASRPSGGAETQY,DSSSTY,IFSNMDM,AESLWDDKII,SGHDY,FNNNVP,ASRPSGGAETQY,1
KLGGALQAK,YGATPYYFSGDTLVAVGLFNFNKFYDFQATTSNEGSKASARDRVGNTIY,YGATPY,YFSGDTLV,AVGLFNFNKFY,DFQATT,SNEGSKA,SARDRVGNTIY,0
LLWNGPMAV,SIFNTLYKAGELAGPTLINNYGQNFVSQVTMANQGSEASASAGTGGAGGTYEQY,SIFNT,LYKAGEL,AGPTLINNYGQNFV,SQVTM,ANQGSEA,SASAGTGGAGGTYEQY,0
IVTDFSVIK,TTLSNLVKSGEVAGSIMNYGGSQGNLISGDLSYYNGEEASSVSSGLYYEQY,TTLSN,LVKSGEV,AGSIMNYGGSQGNLI,SGDLS,YYNGEE,ASSVSSGLYYEQY,0
LLWNGPMAV,SIFNTLYKAGELAGGGYGGSQGNLILNHDASQIVNDASSIRSDTEAF,SIFNT,LYKAGEL,AGGGYGGSQGNLI,LNHDA,SQIVND,ASSIRSDTEAF,0
NLVPMVATV,NSASQSVYSSGVVESMEYGNKLVSGHKSYYEKEEASSRGRGGQYNEQF,NSASQS,VYSSG,VVESMEYGNKLV,SGHKS,YYEKEE,ASSRGRGGQYNEQF,0
KLGGALQAK,NIATNDYGYKTKLVGEANGGSQGNLISGDLSYYNGEEAILGGGAVRDQPQH,NIATNDY,GYKTK,LVGEANGGSQGNLI,SGDLS,YYNGEE,AILGGGAVRDQPQH,0
KLGGALQAK,DSAIYNIQSSQREAGRGSARQLTMGHRAYSYEKLASSQDRGQGGSYEQY,DSAIYN,IQSSQRE,AGRGSARQLT,MGHRA,YSYEKL,ASSQDRGQGGSYEQY,0
ATDALMTGF,NSASDYIRSNMDKAENGGGGADGLTSGHDTYYEEEEASSFEGLNTGELF,NSASDY,IRSNMDK,AENGGGGADGLT,SGHDT,YYEEEE,ASSFEGLNTGELF,0
GILGFVFTL,YGGTVNYFSGDPLVAVNLTNNAGNMLTLNHDASQIVNDASSGRSTDTQY,YGGTVN,YFSGDPLV,AVNLTNNAGNMLT,LNHDA,SQIVND,ASSGRSTDTQY,1
RAKFKQLL,SVFSSVVTGGEVAGAYGGSQGNLILNHDASQIVNDASSTRSDSPLH,SVFSS,VVTGGEV,AGAYGGSQGNLI,LNHDA,SQIVND,ASSTRSDSPLH,0
AVFDRKSDAK,TSGFNGNVLDGLAVNRDNARLMSGHNSFNNNVPASRKQGSDTGELF,TSGFNG,NVLDGL,AVNRDNARLM,SGHNS,FNNNVP,ASRKQGSDTGELF,0
KLGGALQAK,DRGSQSIYSNGDAVNGGNKLVMDHENSYDVKMASSPSGVVQPQH,DRGSQS,IYSNGD,AVNGGNKLV,MDHEN,SYDVKM,ASSPSGVVQPQH,0
ELAGIGILTV,TTLSNLVKSGEVAVTYGGSQGNLILNHDASQIVNDASSIRSTGEL,TTLSN,LVKSGEV,AVTYGGSQGNLI,LNHDA,SQIVND,ASSIRSTGEL,0
RAKFKQLL,TSINNIRSNEREATAKYNAGGTSYGKLTLNHDASQIVNDASSIGSHGYT,TSINN,IRSNERE,ATAKYNAGGTSYGKLT,LNHDA,SQIVND,ASSIGSHGYT,0
SPRWYFYYL,VSGNPYYITGDNLVAPPRGSSNTGKLISGHDTYYEEEEASSLGRAVIWGYT,VSGNPY,YITGDNLV,APPRGSSNTGKLI,SGHDT,YYEEEE,ASSLGRAVIWGYT,1
KLGGALQAK,TISGTDYGLTSNILRDTSGNTPLVSNHLYFYNNEIASSEMTGELYEQY,TISGTDY,GLTSN,ILRDTSGNTPLV,SNHLY,FYNNEI,ASSEMTGELYEQY,0
CINGVCWTV,VGISALSSGKAVRVLMEYGNKLVMNHEYSVGEGTASSPGLASPYSYNEQF,VGISA,LSSGK,AVRVLMEYGNKLV,MNHEY,SVGEGT,ASSPGLASPYSYNEQF,0
IVTDFSVIK,SVFSSVVTGGEVAGASGSSNTGKLISGHNSFNNNVPASSFSGNTGELF,SVFSS,VVTGGEV,AGASGSSNTGKLI,SGHNS,FNNNVP,ASSFSGNTGELF,0
AVFDRKSDAK,DSAIYNIQSSQREAVRPSGGFKTISGHTAFQGNSAASSPSGQLDSQH,DSAIYN,IQSSQRE,AVRPSGGFKTI,SGHTA,FQGNSA,ASSPSGQLDSQH,0
KLGGALQAK,DSSSTYIFSNMDMAEDSGNLISGHATFQNNGVASSLNRGDPEAF,DSSSTY,IFSNMDM,AEDSGNLI,SGHAT,FQNNGV,ASSLNRGDPEAF,0
CINGVCWTV,DSSSTYIFSNMDMAERASNNDMRSGHTAFQGNSAASSPPGLVGGELF,DSSSTY,IFSNMDM,AERASNNDMR,SGHTA,FQGNSA,ASSPPGLVGGELF,0
NLVPMVATV,DSASNYIRSNVGEAASETSYDKVIMGHDKSYGVNSASSEQGQGEKLF,DSASNY,IRSNVGE,AASETSYDKVI,MGHDK,SYGVNS,ASSEQGQGEKLF,0
RFPLTFGWCF,TSGFNGNVLDGLAVNEGDYKLSDFQATTSNEGSKASARHLSGIEQF,TSGFNG,NVLDGL,AVNEGDYKLS,DFQATT,SNEGSKA,SARHLSGIEQF,0
IVTDFSVIK,SSVPPYYTSAATLVAVTPGDYKLSLNHDASQIVNDASSIRDSGNQPQH,SSVPPY,YTSAATLV,AVTPGDYKLS,LNHDA,SQIVND,ASSIRDSGNQPQH,0
KLGGALQAK,TTLSNLVKSGEVAGHQGGKLISGHNSFNNNVPASSFSGNTGELF,TTLSN,LVKSGEV,AGHQGGKLI,SGHNS,FNNNVP,ASSFSGNTGELF,0
YLQPRTFLL,TTLSNLVKSGEVAGRRGAGKSTSGHDTYYEEEEASSAYAGLAGVRETQY,TTLSN,LVKSGEV,AGRRGAGKST,SGHDT,YYEEEE,ASSAYAGLAGVRETQY,0
ELAGIGILTV,TISGTDYGLTSNILRPREDRGSTLGRLYSQVTMANQGSEASVRQGARDNEQF,TISGTDY,GLTSN,ILRPREDRGSTLGRLY,SQVTM,ANQGSEA,SVRQGARDNEQF,0
KLGGALQAK,TISGNEYGLKNNIVRVRGGSNYKLTSGHDNFVKESKASSQLLAGGFSQTDTQY,TISGNEY,GLKNN,IVRVRGGSNYKLT,SGHDN,FVKESK,ASSQLLAGGFSQTDTQY,0
KLGGALQAK,NTAFDYIRPDVSEAASITPGTYKYIDFQATTSNEGSKASATDRANVNQPQH,NTAFDY,IRPDVSE,AASITPGTYKYI,DFQATT,SNEGSKA,SATDRANVNQPQH,0
RAKFKQLL,SVFSSVVTGGEVAGAGHGGSQGNLILNHDASQIVNDASSYYSNQPQH,SVFSS,VVTGGEV,AGAGHGGSQGNLI,LNHDA,SQIVND,ASSYYSNQPQH,0
RAKFKQLL,TSGFNGNVLDGLAVRDSDYKLSSEHNRFQNEAQASNLLANTGELF,TSGFNG,NVLDGL,AVRDSDYKLS,SEHNR,FQNEAQ,ASNLLANTGELF,0
RAKFKQLL,SVFSSVVTGGEVAGAGNTGKLISGHTAFQGTGAASSWGQGITDTQY,SVFSS,VVTGGEV,AGAGNTGKLI,SGHTA,FQGTGA,ASSWGQGITDTQY,0
RAKFKQLL,DSSSTYIFSNMDMAESEGPTYTDKLILGHNAYNFKEQASSQRPSEVGELF,DSSSTY,IFSNMDM,AESEGPTYTDKLI,LGHNA,YNFKEQ,ASSQRPSEVGELF,1
AVFDRKSDAK,SSNFYAMTLNGDEALSTTDSWGKLQDFQATTSNEGSKASAPRAPSGEENYEQY,SSNFYA,MTLNGDE,ALSTTDSWGKLQ,DFQATT,SNEGSKA,SAPRAPSGEENYEQY,0
AVFDRKSDAK,VGISALSSGKAVSAWYRGSNYQLISGHDNFVKESKASRRGVDGYT,VGISA,LSSGK,AVSAWYRGSNYQLI,SGHDN,FVKESK,ASRRGVDGYT,1
SPRWYFYYL,DSASNYIRSNVGEAAAETSYDKVILNHDASQIVNDASSWIAANTGELF,DSASNY,IRSNVGE,AAAETSYDKVI,LNHDA,SQIVND,ASSWIAANTGELF,0
ELAGIGILTV,SSVPPYYTSAATLVAVSETYSSASKIILGHNAYSLEERASSQGSSAAYGYT,SSVPPY,YTSAATLV,AVSETYSSASKII,LGHNA,YSLEER,ASSQGSSAAYGYT,0
AVFDRKSDAK,DSVNNIPSGTAGSPSNTGKLILNHDASQIVNDASSIHSGNQPQH,DSVNN,IPSGT,AGSPSNTGKLI,LNHDA,SQIVND,ASSIHSGNQPQH,0
RAKFKQLL,VSGLRGLYSAGEEAVQARNNAGNMLTLNHDASQIVNDASSIVKLAGGTYEQY,VSGLRG,LYSAGEE,AVQARNNAGNMLT,LNHDA,SQIVND,ASSIVKLAGGTYEQY,0
RAKFKQLL,ATGYPSATKADDKASSSVNEQYMNHEYSVGAGIASSPITGTGAYGYT,ATGYPS,ATKADDK,ASSSVNEQY,MNHEY,SVGAGI,ASSPITGTGAYGYT,0
KLGGALQAK,TSGFNGNVLDGLAVRGRDYKLSLGHDTYNNKELASSQPVAARGAQY,TSGFNG,NVLDGL,AVRGRDYKLS,LGHDT,YNNKEL,ASSQPVAARGAQY,0
AVFDRKSDAK,NSASQSVYSSGVARYNFNKFYGTSNPNSVGIGAWSVLGGNTEAF,NSASQS,VYSSG,VARYNFNKFY,GTSNPN,SVGIG,AWSVLGGNTEAF,1
GILGFVFTL,SIFNTLYKAGELAGQLPPWETSGSRLTLNHDASQIVNDASSRLQGANSPLH,SIFNT,LYKAGEL,AGQLPPWETSGSRLT,LNHDA,SQIVND,ASSRLQGANSPLH,0
NLVPMVATV,DSSSTYIFSNMDMAEDNNARLMSNHLYFYNNEIASSPGSTAPGELF,DSSSTY,IFSNMDM,AEDNNARLM,SNHLY,FYNNEI,ASSPGSTAPGELF,0
AVFDRKSDAK,NSASDYIRSNMDKAENRGTALILGHNAYNFKEQASSQRPSEVGELF,NSASDY,IRSNMDK,AENRGTALI,LGHNA,YNFKEQ,ASSQRPSEVGELF,0
NLVPMVATV,DRGSQSIYSNGDAVNGASKIIMNHEYSMNVEVASGSGRLAEQY,DRGSQS,IYSNGD,AVNGASKII,MNHEY,SMNVEV,ASGSGRLAEQY,0
RAKFKQLL,TTLSNLVKSGEVAAPRNNNARLMMNHEYSMNVEVASKALVGTAEAKNIQY,TTLSN,LVKSGEV,AAPRNNNARLM,MNHEY,SMNVEV,ASKALVGTAEAKNIQY,0
KLGGALQAK,NIATNDYGYKTKLVGAGNMLTMGHRAYSYEKLASSQGGQGAPYEQY,NIATNDY,GYKTK,LVGAGNMLT,MGHRA,YSYEKL,ASSQGGQGAPYEQY,0
NLVPMVATV,DRGSQSIYSNGDAVNAGNMLTLNHNVYYDKDFATSRGQGNEQY,DRGSQS,IYSNGD,AVNAGNMLT,LNHNV,YYDKDF,ATSRGQGNEQY,0
LLWNGPMAV,DRGSQSIYSNGDAVSGYSTLTMNHEYSVGAGIASSAQGAYGYT,DRGSQS,IYSNGD,AVSGYSTLT,MNHEY,SVGAGI,ASSAQGAYGYT,1
KLGGALQAK,NIATNDYGYKTKLVGPGMLGHNAYNFKEQASSQEIAQGTNTGELF,NIATNDY,GYKTK,LVGPGM,LGHNA,YNFKEQ,ASSQEIAQGTNTGELF,0
RAKFKQLL,TISGNEYGLKNNIVMDDFQKLVSGHNSFNNNVPASSFSGNTGELF,TISGNEY,GLKNN,IVMDDFQKLV,SGHNS,FNNNVP,ASSFSGNTGELF,1
RAKFKQLL,DSASNYIRSNVGEAASNILTGGGNKLTLGHNAYSLEERASSQVVGQRNTEAF,DSASNY,IRSNVGE,AASNILTGGGNKLT,LGHNA,YSLEER,ASSQVVGQRNTEAF,0
AVFDRKSDAK,DSASNYIRSNVGEAASETSYDKVIKGHSHLQKENIASSPPGGGNTGELF,DSASNY,IRSNVGE,AASETSYDKVI,KGHSH,LQKENI,ASSPPGGGNTGELF,0
RAKFKQLL,SVFSSVVTGGEVAGAGEAGAQKLVMNHEYSMNVEVASSPTGLVYEQF,SVFSS,VVTGGEV,AGAGEAGAQKLV,MNHEY,SMNVEV,ASSPTGLVYEQF,0
AVFDRKSDAK,VSGNPYYITGDNLVAVRDREKAAGNKLTMNHNSSASEGTASSEFGNEQF,VSGNPY,YITGDNLV,AVRDREKAAGNKLT,MNHNS,SASEGT,ASSEFGNEQF,0
AVFDRKSDAK,DSSSTYIFSNMDMAINQGGGATNKLIWNHNNSYGVQDASSPGRTGELF,DSSSTY,IFSNMDM,AINQGGGATNKLI,WNHNN,SYGVQD,ASSPGRTGELF,0
ELAGIGILTV,DSAIYNIQSSQREAVMSMDSSYKLISGHVSFQNEAQASSLGTGLEDQPQH,DSAIYN,IQSSQRE,AVMSMDSSYKLI,SGHVS,FQNEAQ,ASSLGTGLEDQPQH,0
LLWNGPMAV,DSVNNIPSGTAVSPVTQGGSEKLVDFQATTSNEGSKASARVIPREAF,DSVNN,IPSGT,AVSPVTQGGSEKLV,DFQATT,SNEGSKA,SARVIPREAF,0
ELAGIGILTV,DSASNYIRSNVGEAATDTGGTSYGKLTLGHDTYNNKELASSQAYPSGAQASTDTQY,DSASNY,IRSNVGE,AATDTGGTSYGKLT,LGHDT,YNNKEL,ASSQAYPSGAQASTDTQY,0
NLVPMVATV,TSGFNGNVLDGLAVLDSNYQLISGHDYFNNNVPASSPSSSYEQY,TSGFNG,NVLDGL,AVLDSNYQLI,SGHDY,FNNNVP,ASSPSSSYEQY,0
GILGFVFTL,YGATPYYFSGDTLVAVGRPDTSGTYKYIDFQATTSNEGSKASAYSTGQGIYEQY,YGATPY,YFSGDTLV,AVGRPDTSGTYKYI,DFQATT,SNEGSKA,SAYSTGQGIYEQY,0
GILGFVFTL,NSASDYIRSNMDKAENSSLAGKSTMGHRAYSYEKLASSQDRGGPGELF,NSASDY,IRSNMDK,AENSSLAGKST,MGHRA,YSYEKL,ASSQDRGGPGELF,0
KLGGALQAK,DSSSTYIFSNMDMAHLGGSSNTGKLIMDHENSYDVKMAVNGGSNYGYT,DSSSTY,IFSNMDM,AHLGGSSNTGKLI,MDHEN,SYDVKM,AVNGGSNYGYT,0
KLGGALQAK,DRGSQSIYSNGDAVNTDSGNTPLVSGHATFQNNGVASSLTQGGYTDTQY,DRGSQS,IYSNGD,AVNTDSGNTPLV,SGHAT,FQNNGV,ASSLTQGGYTDTQY,0
VLFGLGFAI,TRDTTYYRNSFDEQNALSSPSAAGNKLTMNHEYSVGAGIASKGLAGGGSYNEQF,TRDTTYY,RNSFDEQN,ALSSPSAAGNKLT,MNHEY,SVGAGI,ASKGLAGGGSYNEQF,0
ELAGIGILTV,NSASDYIRSNMDKADSGGGADGLTSGHDTYYEEEEASSLTEGGRNQPQH,NSASDY,IRSNMDK,ADSGGGADGLT,SGHDT,YYEEEE,ASSLTEGGRNQPQH,0
ELAGIGILTV,NIATNDYGYKTKLVGPGMLGHNAYNFKEQASSQEIAQGTNTGELF,NIATNDY,GYKTK,LVGPGM,LGHNA,YNFKEQ,ASSQEIAQGTNTGELF,0
ELAGIGILTV,DRGSQSIYSNGDAVSGGYQKVTSGHTAFQGTGAASSDLSGELF,DRGSQS,IYSNGD,AVSGGYQKVT,SGHTA,FQGTGA,ASSDLSGELF,1
IVTDFSVIK,DSASNYIRSNVGEAAAETSYDKVILNHDASQIVNDASSWIAANTGELF,DSASNY,IRSNVGE,AAAETSYDKVI,LNHDA,SQIVND,ASSWIAANTGELF,0
GLCTLVAML,TSDQSYGQGSYDEQNAMRELTSGTYKYILGHDTYNNKELASSQPLGLAEKETQY,TSDQSYG,QGSYDEQN,AMRELTSGTYKYI,LGHDT,YNNKEL,ASSQPLGLAEKETQY,0
KLGGALQAK,VGISALSSGKAASLWNTDKLIMNHEYSMNVEVASSLISTSVYNEQF,VGISA,LSSGK,AASLWNTDKLI,MNHEY,SMNVEV,ASSLISTSVYNEQF,0
RAKFKQLL,NSASQSVYSSGVVNGEDDMRSGHNTYYREEEASIRDHNTGELF,NSASQS,VYSSG,VVNGEDDMR,SGHNT,YYREEE,ASIRDHNTGELF,0
CINGVCWTV,NSASQSVYSSGVVNHFRDDKIILGHNAYSLEERASSQTGFPTTNEKLF,NSASQS,VYSSG,VVNHFRDDKII,LGHNA,YSLEER,ASSQTGFPTTNEKLF,0
KLGGALQAK,VSGNPYYITGDNLVAVNADSWGKLQSGHATFQDESVVTGQGDINEQF,VSGNPY,YITGDNLV,AVNADSWGKLQ,SGHAT,FQDESV,VTGQGDINEQF,1
KLGGALQAK,DRGSQSIYSNGDALIDPGSGGGADGLTFGMNHNSSASEGTASSETQMNTEAFFG,DRGSQS,IYSNGD,ALIDPGSGGGADGLTFG,MNHNS,SASEGT,ASSETQMNTEAFFG,0
AVFDRKSDAK,VSGNPYYITGDNLVAVRGTNARLMSGHNSFNNNVPASSVVTEAF,VSGNPY,YITGDNLV,AVRGTNARLM,SGHNS,FNNNVP,ASSVVTEAF,0
GILGFVFTL,DRGSQSIYSNGDAVDTGGGADGLTSNHLYFYNNEIARGQDAANTGELF,DRGSQS,IYSNGD,AVDTGGGADGLT,SNHLY,FYNNEI,ARGQDAANTGELF,0
ELAGIGILTV,VSGNPYYITGDNLVAVRDMLGFNKFYMRHNASNTAGTASSPTGSDTGELF,VSGNPY,YITGDNLV,AVRDMLGFNKFY,MRHNA,SNTAGT,ASSPTGSDTGELF,0
IVTDFSVIK,YGATPYYFSGDTLVAVGTFSNSGYALNMGHRAYSYEKLASSQDGIYEQY,YGATPY,YFSGDTLV,AVGTFSNSGYALN,MGHRA,YSYEKL,ASSQDGIYEQY,1
KLGGALQAK,TSGFNGNVLDGLACRGFKTISGHNTYYREEEASSLGLEGGNEQF,TSGFNG,NVLDGL,ACRGFKTI,SGHNT,YYREEE,ASSLGLEGGNEQF,0
FEDLRLLSF,YGGTVNYFSGDPLVAVSARLNTDKLISGHNSFNNNVPASSFSGNTGELF,YGGTVN,YFSGDPLV,AVSARLNTDKLI,SGHNS,FNNNVP,ASSFSGNTGELF,0
LLWNGPMAV,DRGSQSIYSNGDAANDYKLSDFQATTSNEGSKASATGNRGADTQY,DRGSQS,IYSNGD,AANDYKLS,DFQATT,SNEGSKA,SATGNRGADTQY,1
GILGFVFTL,SSNFYAMTLNGDEASPEIKTGPARKLTLNHDASQIVNDASPPLGGGYNEQF,SSNFYA,MTLNGDE,ASPEIKTGPARKLT,LNHDA,SQIVND,ASPPLGGGYNEQF,1
GILGFVFTL,TRDTTYYRNSFDEQNALSEAKDEGSEKLVLNHDASQIVNDASSARSSYEQY,TRDTTYY,RNSFDEQN,ALSEAKDEGSEKLV,LNHDA,SQIVND,ASSARSSYEQY,1
RAKFKQLL,VGISALSSGKAVRSNFGNEKLTFGTMNHEYSMNVEVASSFWDRVSGANVLTFG,VGISA,LSSGK,AVRSNFGNEKLTFGT,MNHEY,SMNVEV,ASSFWDRVSGANVLTFG,0
GILGFVFTL,NSASDYIRSNMDKAESSLDNMLTMGHRAYSYEKLASSHGTVETEAF,NSASDY,IRSNMDK,AESSLDNMLT,MGHRA,YSYEKL,ASSHGTVETEAF,1
AVFDRKSDAK,KTLYGLQKGGEEGAEKGIQGAQKLVSGHATFQNNGVASSLAPGASGRSYNEQF,KTLYG,LQKGGEE,GAEKGIQGAQKLV,SGHAT,FQNNGV,ASSLAPGASGRSYNEQF,0
GLCTLVAML,DSSSTYIFSNMDMAEMAGANNLFLNHDASQIVNDASSAWEGAEAF,DSSSTY,IFSNMDM,AEMAGANNLF,LNHDA,SQIVND,ASSAWEGAEAF,1
GILGFVFTL,TTSDRLLSNGAVAPGNTGKLISEHNRFQNEAQASSLGRDLNQPQH,TTSDR,LLSNGAV,APGNTGKLI,SEHNR,FQNEAQ,ASSLGRDLNQPQH,0
GLCTLVAML,SSVSVYYLSGSTLVAVSDPDTDKLIMNHNSSASEGTASSDWTNTGELF,SSVSVY,YLSGSTLV,AVSDPDTDKLI,MNHNS,SASEGT,ASSDWTNTGELF,0
GILGFVFTL,VSGNPYYITGDNLVAVSAASGGSYIPTLGHNTFRNRAPASGLVESAGTEAF,VSGNPY,YITGDNLV,AVSAASGGSYIPT,LGHNT,FRNRAP,ASGLVESAGTEAF,0
AVFDRKSDAK,NTAFDYIRPDVSEAAHSGNTPLVMNHEYSMNVEVASSQTETSYEQY,NTAFDY,IRPDVSE,AAHSGNTPLV,MNHEY,SMNVEV,ASSQTETSYEQY,0
GILGFVFTL,TISGTDYGLTSNILTHSNSGYALNSGDLSYYNGEEASSEVADYNEQF,TISGTDY,GLTSN,ILTHSNSGYALN,SGDLS,YYNGEE,ASSEVADYNEQF,0
IVTDFSVIK,DSSSTYIFSNMDMAEEGNTGKLISGHTAFQGTGAASSTPLENEQF,DSSSTY,IFSNMDM,AEEGNTGKLI,SGHTA,FQGTGA,ASSTPLENEQF,0
GPRLGVRAT,KTLYGLQKGGEEGAGRVDDMRSGHATFQNNGVASSWGGGSHYGYT,KTLYG,LQKGGEE,GAGRVDDMR,SGHAT,FQNNGV,ASSWGGGSHYGYT,0
KLGGALQAK,NSMFDYISSIKDKAVLRGGADGLTMNHEYSMNVEVASSSGAGLDEQF,NSMFDY,ISSIKDK,AVLRGGADGLT,MNHEY,SMNVEV,ASSSGAGLDEQF,0
LLWNGPMAV,DRGSQSIYSNGDAGSASKIISGHDYFNNNVPASSYSGGGNQPQH,DRGSQS,IYSNGD,AGSASKII,SGHDY,FNNNVP,ASSYSGGGNQPQH,1
SPRWYFYYL,NSASDYIRSNMDKADSGGGADGLTSGHDTYYEEEEASSLTEGGRNQPQH,NSASDY,IRSNMDK,ADSGGGADGLT,SGHDT,YYEEEE,ASSLTEGGRNQPQH,0
ELAGIGILTV,DRGSQSIYSNGDAVNKGGGSQGNLISGHTSYYEKEEASSLVSLNYGYT,DRGSQS,IYSNGD,AVNKGGGSQGNLI,SGHTS,YYEKEE,ASSLVSLNYGYT,0
KLGGALQAK,VSPFSNMTFSENTVVSGNNNARLMLGHNAYNFKEQASSQETGYNEQF,VSPFSN,MTFSENT,VVSGNNNARLM,LGHNA,YNFKEQ,ASSQETGYNEQF,0
ELAGIGILTV,SSVSVYYLSGSTLVAVSGYGGYNKLIMGHRAYSYEKLASSQEGPDRSGI,SSVSVY,YLSGSTLV,AVSGYGGYNKLI,MGHRA,YSYEKL,ASSQEGPDRSGI,0
GILGFVFTL,TSGFNGNVLDGLAVRDGDYKLSSEHNRFQNEAQASSTGQAYNEKLF,TSGFNG,NVLDGL,AVRDGDYKLS,SEHNR,FQNEAQ,ASSTGQAYNEKLF,0
RAKFKQLL,NYSPAYIRENEKEAPHPSGYSTLTMDHENSYDVKMASSLIQGSYEQY,NYSPAY,IRENEKE,APHPSGYSTLT,MDHEN,SYDVKM,ASSLIQGSYEQY,0
RAKFKQLL,DRGSQSIYSNGDAVSQDGNKLVSGHDYFNNNVPASSFQGALEQY,DRGSQS,IYSNGD,AVSQDGNKLV,SGHDY,FNNNVP,ASSFQGALEQY,0
RAKFKQLL,DRGSQSIYSNGDAVNKGGGSQGNLISGHTSYYEKEEASSLVSLNYGYT,DRGSQS,IYSNGD,AVNKGGGSQGNLI,SGHTS,YYEKEE,ASSLVSLNYGYT,0
LLWNGPMAV,DRGSQSIYSNGDAVAAYKYIMNHNSSASEGTASSGGQAYEQY,DRGSQS,IYSNGD,AVAAYKYI,MNHNS,SASEGT,ASSGGQAYEQY,1
GILGFVFTL,NSASQSVYSSGVGFSNTGNQFYSGDLSYYNGEEASSVTSSEGTIY,NSASQS,VYSSG,VGFSNTGNQFY,SGDLS,YYNGEE,ASSVTSSEGTIY,0
KLGGALQAK,DRGSQSIYSNGDAVNQGGKLISGHDYFNNNVPASTPSPSRPPL,DRGSQS,IYSNGD,AVNQGGKLI,SGHDY,FNNNVP,ASTPSPSRPPL,0
KLGGALQAK,TRDTTYYRNSFDEQNALVVRDDKIISGHKSYYEKEEASSFTDRGRDEQY,TRDTTYY,RNSFDEQN,ALVVRDDKII,SGHKS,YYEKEE,ASSFTDRGRDEQY,1
RAKFKQLL,NIATNDYGYKTKLVGDQGGKLIMGHRAYSYEKLASSQVRGPQF,NIATNDY,GYKTK,LVGDQGGKLI,MGHRA,YSYEKL,ASSQVRGPQF,0
GILGFVFTL,DSAIYNIQSSQREAHGGDARLMSGHVSFQNEAQASSLGTGFSNQPQH,DSAIYN,IQSSQRE,AHGGDARLM,SGHVS,FQNEAQ,ASSLGTGFSNQPQH,0
KLGGALQAK,SSVPPYYTSAATLVAVPNTGNQFYSGHTAFQGTGAASSPPTNYGYT,SSVPPY,YTSAATLV,AVPNTGNQFY,SGHTA,FQGTGA,ASSPPTNYGYT,1
ATDALMTGF,SIFNTLYKAGELAGQLSGGYQKVTDFQATTSNEGSKASARDQLREDNYGYT,SIFNT,LYKAGEL,AGQLSGGYQKVT,DFQATT,SNEGSKA,SARDQLREDNYGYT,0
KLGGALQAK,YGGTVNYFSGDPLVAVRETSYDKVIKGHSHLQKENIASSPWADVVTDTQY,YGGTVN,YFSGDPLV,AVRETSYDKVI,KGHSH,LQKENI,ASSPWADVVTDTQY,0
RPPIFIRRL,DSVNNIPSGTAGSPSNTGKLILNHDASQIVNDASSIHSGNQPQH,DSVNN,IPSGT,AGSPSNTGKLI,LNHDA,SQIVND,ASSIHSGNQPQH,0
NLVPMVATV,SSVPPYYTSAATLVAVSEGSNFGNEKLTSNHLYFYNNEIASTRESTDTQY,SSVPPY,YTSAATLV,AVSEGSNFGNEKLT,SNHLY,FYNNEI,ASTRESTDTQY,1
GILGFVFTL,DRGSQSIYSNGDAVNKDAGNKLTMNHEYSVGAGIASSYLTGTSGEQF,DRGSQS,IYSNGD,AVNKDAGNKLT,MNHEY,SVGAGI,ASSYLTGTSGEQF,0
AVFDRKSDAK,DRGSQSIYSNGDAVPLAGTGRRALTLNHDASQIVNDASSILGVSTDTQY,DRGSQS,IYSNGD,AVPLAGTGRRALT,LNHDA,SQIVND,ASSILGVSTDTQY,0
KLGGALQAK,SSVPPYYTSAATLVAVSQDSNYQLISGHATFQNNGVASSWGGGSHYGYT,SSVPPY,YTSAATLV,AVSQDSNYQLI,SGHAT,FQNNGV,ASSWGGGSHYGYT,0
AVFDRKSDAK,YGATPYYFSGDTLVAVGFNNNDMRWNHNNSYGVQDASSESRLDGYT,YGATPY,YFSGDTLV,AVGFNNNDMR,WNHNN,SYGVQD,ASSESRLDGYT,0
RLRAEAQVK,TRDTTYYRNSFDEQNALSSPSAAGNKLTMNHEYSVGAGIASKGLAGGGSYNEQF,TRDTTYY,RNSFDEQN,ALSSPSAAGNKLT,MNHEY,SVGAGI,ASKGLAGGGSYNEQF,0
CINGVCWTV,NSAFQYTYSSGNATLLYNTDKLISGDLSYYNGEEASSPTPTGSSTDTQY,NSAFQY,TYSSGN,ATLLYNTDKLI,SGDLS,YYNGEE,ASSPTPTGSSTDTQY,0
ELAGIGILTV,TSGFNGNVLDGLAVGMIKAAGNKLTDFQATTSNEGSKASALGGTQY,TSGFNG,NVLDGL,AVGMIKAAGNKLT,DFQATT,SNEGSKA,SALGGTQY,0
AVFDRKSDAK,DSASNYIRSNVGEATVPSNTGKLILNHDASQIVNDASSMRSGANVLT,DSASNY,IRSNVGE,ATVPSNTGKLI,LNHDA,SQIVND,ASSMRSGANVLT,0
ELAGIGILTV,VSGNPYYITGDNLVAVRNNNARLMSGHDYFNNNVPASSIVNEAF,VSGNPY,YITGDNLV,AVRNNNARLM,SGHDY,FNNNVP,ASSIVNEAF,0
KLGGALQAK,TSGFNGNVLDGLAVMDSNYQLIMRHNASNTAGTASSGTSGGNEQF,TSGFNG,NVLDGL,AVMDSNYQLI,MRHNA,SNTAGT,ASSGTSGGNEQF,1
NLVPMVATV,KTLYGLQKGGEEGAAHNYGQNFVLNHDASQIVNDASSTGLYGYT,KTLYG,LQKGGEE,GAAHNYGQNFV,LNHDA,SQIVND,ASSTGLYGYT,0
GILGFVFTL,DSVNNIPSGTAGSPSNTGKLILNHDASQIVNDASSIHSGNQPQH,DSVNN,IPSGT,AGSPSNTGKLI,LNHDA,SQIVND,ASSIHSGNQPQH,1
KLGGALQAK,TTLSNLVKSGEVAGYGSDGQKLLMNHEYSMNVEVASSFTLPGTGPYEQY,TTLSN,LVKSGEV,AGYGSDGQKLL,MNHEY,SMNVEV,ASSFTLPGTGPYEQY,1
RAKFKQLL,YGATPYYFSGDTLVAVDYAGEGGGADGLTMNHEYSMNVEVASSLGPVNTEAF,YGATPY,YFSGDTLV,AVDYAGEGGGADGLT,MNHEY,SMNVEV,ASSLGPVNTEAF,0
AVFDRKSDAK,NIATNDYGYKTKLLYRDDKIISGHATFQNNGVASSLFRGGEKLF,NIATNDY,GYKTK,LLYRDDKII,SGHAT,FQNNGV,ASSLFRGGEKLF,0
RAKFKQLL,DRGSQSIYSNGDAVFRDNYGQNFVSGHRSYFSETQASATGTSYNEQF,DRGSQS,IYSNGD,AVFRDNYGQNFV,SGHRS,YFSETQ,ASATGTSYNEQF,0
VLFGLGFAI,DSASNYIRSNVGEAPPSMNHEYSVGEGTASSWGQGSPLH,DSASNY,IRSNVGE,APPS,MNHEY,SVGEGT,ASSWGQGSPLH,0
KSKRTPMGF,SSNFYAMTLNGDEAFEKLSMDHENSYDVKMASSFQGTSYEQY,SSNFYA,MTLNGDE,AFEKLS,MDHEN,SYDVKM,ASSFQGTSYEQY,0
KLGGALQAK,DSAIYNIQSSQREAVRPSGGFKTISGHTAFQGNSAASSPSGQLDSQH,DSAIYN,IQSSQRE,AVRPSGGFKTI,SGHTA,FQGNSA,ASSPSGQLDSQH,0
CINGVCWTV,NSMFDYISSIKDKAASDGAGGTSYGKLTSGHTSYDEGEEASSLWTGSHEQY,NSMFDY,ISSIKDK,AASDGAGGTSYGKLT,SGHTS,YDEGEE,ASSLWTGSHEQY,0
GILGFVFTL,NSAFQYTYSSGNAVNWEEQGGSYIPTSGHDTYYEEEEASSLRDSPVETQY,NSAFQY,TYSSGN,AVNWEEQGGSYIPT,SGHDT,YYEEEE,ASSLRDSPVETQY,0
HPVTKYIM,TRDTTYYRNSFDEQNALSLKYNFNKFYSGHNSFNNNVPASSLARTEDNYEQY,TRDTTYY,RNSFDEQN,ALSLKYNFNKFY,SGHNS,FNNNVP,ASSLARTEDNYEQY,0
ELAGIGILTV,SSVSVYYLSGSTLVAGGGYGKLTMNHEYSMNVEVASRGGGQGGSYGYT,SSVSVY,YLSGSTLV,AGGGYGKLT,MNHEY,SMNVEV,ASRGGGQGGSYGYT,0
NLVPMVATV,DRGSQSIYSNGDAVTGYALNLNHDASQIVNDASRPGQGYEQY,DRGSQS,IYSNGD,AVTGYALN,LNHDA,SQIVND,ASRPGQGYEQY,0
RAKFKQLL,DSSSTYIFSNMDMAEIPNYGGSQGNLIMDHENSYDVKMASSFQGYTEAF,DSSSTY,IFSNMDM,AEIPNYGGSQGNLI,MDHEN,SYDVKM,ASSFQGYTEAF,0
KLGGALQAK,DSAIYNIQSSQREAVNNRTGGFKTIMDHENSYDVKMASSLYSATGELF,DSAIYN,IQSSQRE,AVNNRTGGFKTI,MDHEN,SYDVKM,ASSLYSATGELF,0
GILGFVFTL,SSVPPYYTSAATLVAVSAGGGFKTIKGHSHLQKENIASSEDDFTGTDTQY,SSVPPY,YTSAATLV,AVSAGGGFKTI,KGHSH,LQKENI,ASSEDDFTGTDTQY,0
KLGGALQAK,TRDTTYYRNSFDEQNALSEVDRLMMDHENSYDVKMASSLTGTDTQY,TRDTTYY,RNSFDEQN,ALSEVDRLM,MDHEN,SYDVKM,ASSLTGTDTQY,0
AVFDRKSDAK,DSASNYIRSNVGEAASETSYDKVIMNHNYSVGAGIASSWDGNTEAF,DSASNY,IRSNVGE,AASETSYDKVI,MNHNY,SVGAGI,ASSWDGNTEAF,0
RAKFKQLL,DSAIYNIQSSQREAVRPESGGGADGLTDFQATTSNEGSKASASKGYTIY,DSAIYN,IQSSQRE,AVRPESGGGADGLT,DFQATT,SNEGSKA,SASKGYTIY,0
ATDALMTGF,DSVNNIPSGTAGSPSNTGKLILNHDASQIVNDASSIHSGNQPQH,DSVNN,IPSGT,AGSPSNTGKLI,LNHDA,SQIVND,ASSIHSGNQPQH,0
KLGGALQAK,TSGFNGNVLDGLASMDSNYQLIDFQATTSNEGSKASLRTGEGSPLH,TSGFNG,NVLDGL,ASMDSNYQLI,DFQATT,SNEGSKA,SLRTGEGSPLH,1
GILGFVFTL,NSMFDYISSIKDKAARGTASKLTSEHNRFQNEAQASSLEAGRSPYEQY,NSMFDY,ISSIKDK,AARGTASKLT,SEHNR,FQNEAQ,ASSLEAGRSPYEQY,0
RAKFKQLL,DRGSQSIYSNGDALIDPGSGGGADGLTFGMNHNSSASEGTASSETQMNTEAFFG,DRGSQS,IYSNGD,ALIDPGSGGGADGLTFG,MNHNS,SASEGT,ASSETQMNTEAFFG,0
HPVTKYIM,TRDTTYYRNSFDEQNALSGDTGNQFYKGHSHLQKENIASSPSQGGNTDTQY,TRDTTYY,RNSFDEQN,ALSGDTGNQFY,KGHSH,LQKENI,ASSPSQGGNTDTQY,0
KSKRTPMGF,NSAFQYTYSSGNAMTGTTNAGKSTSGHNSFNNNVPASTYGSYGYT,NSAFQY,TYSSGN,AMTGTTNAGKST,SGHNS,FNNNVP,ASTYGSYGYT,0
GLCTLVAML,SVFSSVVTGGEVAGDWNNNAGNMLTSGHDYFNNNVPASSRGTVYEQY,SVFSS,VVTGGEV,AGDWNNNAGNMLT,SGHDY,FNNNVP,ASSRGTVYEQY,0
CTELKLSDY,TTLSNLVKSGEVAGRRGAGKSTSGHDTYYEEEEASSAYAGLAGVRETQY,TTLSN,LVKSGEV,AGRRGAGKST,SGHDT,YYEEEE,ASSAYAGLAGVRETQY,0
GILGFVFTL,DSASNYIRSNVGEAASETSYDKVIPRHDTFYEKMQASSLMRGGTYNSPLH,DSASNY,IRSNVGE,AASETSYDKVI,PRHDT,FYEKMQ,ASSLMRGGTYNSPLH,0
IVTDFSVIK,NIATNDYGYKTKLVDGGATNKLIMGHRAYSYEKLASSHNGELF,NIATNDY,GYKTK,LVDGGATNKLI,MGHRA,YSYEKL,ASSHNGELF,0
KLGGALQAK,DRGSQSIYSNGDAVNAGNMLTLNHNVYYDKDFATSRGQGNEQY,DRGSQS,IYSNGD,AVNAGNMLT,LNHNV,YYDKDF,ATSRGQGNEQY,0
ELAGIGILTV,VSGNPYYITGDNLVAPPRGSSNTGKLISGHDTYYEEEEASSLGRAVIWGYT,VSGNPY,YITGDNLV,APPRGSSNTGKLI,SGHDT,YYEEEE,ASSLGRAVIWGYT,0
GILGFVFTL,DRGSQSIYSNGDAVSGDKIIMNHEYSVGAGIASSSGSPGSYGYT,DRGSQS,IYSNGD,AVSGDKII,MNHEY,SVGAGI,ASSSGSPGSYGYT,0
RAKFKQLL,NSAFQYTYSSGNAMPGGATNKLISGHNSFNNNVPASSFLDRGPNTEAF,NSAFQY,TYSSGN,AMPGGATNKLI,SGHNS,FNNNVP,ASSFLDRGPNTEAF,1
GLCTLVAML,TTLSNLVKSGEVAGPFSGGYNKLIMNHEYSVGAGIASSPGGDTEAF,TTLSN,LVKSGEV,AGPFSGGYNKLI,MNHEY,SVGAGI,ASSPGGDTEAF,0
GILGFVFTL,NIATNDYGYKTKLVVEGNRDDKIISGHNSFNNNVPASREWGGSVNEQF,NIATNDY,GYKTK,LVVEGNRDDKII,SGHNS,FNNNVP,ASREWGGSVNEQF,0
KSKRTPMGF,DSAIYNIQSSQREAHGGDARLMSGHVSFQNEAQASSLGTGFSNQPQH,DSAIYN,IQSSQRE,AHGGDARLM,SGHVS,FQNEAQ,ASSLGTGFSNQPQH,1
GLCTLVAML,YGGTVNYFSGDPLVAVIPGSNYQLILNHDASQIVNDASSDRSNTEAF,YGGTVN,YFSGDPLV,AVIPGSNYQLI,LNHDA,SQIVND,ASSDRSNTEAF,0
SPRWYFYYL,TSGFNGNVLDGLAVRDFPGRRALTDFQATTSNEGSKASARDRSSYNEQF,TSGFNG,NVLDGL,AVRDFPGRRALT,DFQATT,SNEGSKA,SARDRSSYNEQF,0
IVTDFSVIK,TRDTTYYRNSFDEQNALSEIGNAGGTSYGKLTSGDLSYYNGEEASSVGQVFYSGT,TRDTTYY,RNSFDEQN,ALSEIGNAGGTSYGKLT,SGDLS,YYNGEE,ASSVGQVFYSGT,0
CINGVCWTV,TTLSNLVKSGEVAVTYGGSQGNLILNHDASQIVNDASSIRSTGEL,TTLSN,LVKSGEV,AVTYGGSQGNLI,LNHDA,SQIVND,ASSIRSTGEL,0
ELAGIGILTV,DSASNYIRSNVGEAATYSGAGSYQLTMNHEYSMNVEVASSNQETQY,DSASNY,IRSNVGE,AATYSGAGSYQLT,MNHEY,SMNVEV,ASSNQETQY,1
LLWNGPMAV,DRGSQSIYSNGDAVKGGAAGNKLTSGHTAFQGNSAASSLDSAYEQY,DRGSQS,IYSNGD,AVKGGAAGNKLT,SGHTA,FQGNSA,ASSLDSAYEQY,0
GILGFVFTL,NSASQSVYSSGVVWGGSYIPTMDHENSYDVKMASSFPPDLNTGELF,NSASQS,VYSSG,VVWGGSYIPT,MDHEN,SYDVKM,ASSFPPDLNTGELF,0
KLGGALQAK,TRDTTYYRNSFDEQNALVEGSYIPTLNHDASQIVNDASGPHGGGNNEQF,TRDTTYY,RNSFDEQN,ALVEGSYIPT,LNHDA,SQIVND,ASGPHGGGNNEQF,0
RFPLTFGWCF,SSVSVYYLSGSTLVAVKIKAAGNKLTPRHDTFYEKMQASSSTGGKETQY,SSVSVY,YLSGSTLV,AVKIKAAGNKLT,PRHDT,FYEKMQ,ASSSTGGKETQY,0
KLGGALQAK,NSMFDYISSIKDKAASGGSYIPTMNHEYSVGAGIASSSGPAYEQY,NSMFDY,ISSIKDK,AASGGSYIPT,MNHEY,SVGAGI,ASSSGPAYEQY,0
CTELKLSDY,TSGFNGNVLDGLAVKDSNYQLIMDHENSYDVKMASSFGRLSGANVLT,TSGFNG,NVLDGL,AVKDSNYQLI,MDHEN,SYDVKM,ASSFGRLSGANVLT,1
GILGFVFTL,TISGTDYGLTSNILRVWNNAGNMLTSGHDYFNNNVPASSFTWTSGLYEQY,TISGTDY,GLTSN,ILRVWNNAGNMLT,SGHDY,FNNNVP,ASSFTWTSGLYEQY,0
SPRWYFYYL,YGATPYYFSGDTLVAVGAGTNAGKSTMGHRAYSYEKLASSQESGTEAF,YGATPY,YFSGDTLV,AVGAGTNAGKST,MGHRA,YSYEKL,ASSQESGTEAF,0
GILGFVFTL,DSASNYIRSNVGEAASETSYDKVIMGHDKSYGVNSASSEQGQGEKLF,DSASNY,IRSNVGE,AASETSYDKVI,MGHDK,SYGVNS,ASSEQGQGEKLF,0
KLGGALQAK,SSVSVYYLSGSTLVAVKIKAAGNKLTPRHDTFYEKMQASSSTGGKETQY,SSVSVY,YLSGSTLV,AVKIKAAGNKLT,PRHDT,FYEKMQ,ASSSTGGKETQY,0
GILGFVFTL,TRDTTYYRNSFDEQNALSEIGGGADGLTLNHDASQIVNDASSPEAGTVLEAF,TRDTTYY,RNSFDEQN,ALSEIGGGADGLT,LNHDA,SQIVND,ASSPEAGTVLEAF,0
IVTDFSVIK,TSINNIRSNEREATDENNNDMRSGHATFQDESVASSLAAVSGPHTDTQY,TSINN,IRSNERE,ATDENNNDMR,SGHAT,FQDESV,ASSLAAVSGPHTDTQY,1
IVTDFSVIK,TISGTDYGLTSNILLGTGANNLFKGHSHLQKENIASSPKLQGAWAEKLF,TISGTDY,GLTSN,ILLGTGANNLF,KGHSH,LQKENI,ASSPKLQGAWAEKLF,0
DATYQRTRALVR,DSAIYNIQSSQREAVHTQGGSEKLVSEHNRFQNEAQASTPYRRGPHLYGYT,DSAIYN,IQSSQRE,AVHTQGGSEKLV,SEHNR,FQNEAQ,ASTPYRRGPHLYGYT,0
GILGFVFTL,SVFSSVVTGGEVAHDADSGGGADGLTLGHNAYSLEERASSQGPGGLSIQY,SVFSS,VVTGGEV,AHDADSGGGADGLT,LGHNA,YSLEER,ASSQGPGGLSIQY,0
ELAGIGILTV,NSASDYIRSNMDKAENMGGGSQGNLISGHTAFQGNSAASSLEGGTTPFYEQY,NSASDY,IRSNMDK,AENMGGGSQGNLI,SGHTA,FQGNSA,ASSLEGGTTPFYEQY,0
GILGFVFTL,NSMFDYISSIKDKAASDQTGANNLFMNHEYSVGAGIASSLQGASGYT,NSMFDY,ISSIKDK,AASDQTGANNLF,MNHEY,SVGAGI,ASSLQGASGYT,0
RAKFKQLL,DRGSQSIYSNGDAPKAAGNKLTSEHNRFQNEAQASSLDLGTGELF,DRGSQS,IYSNGD,APKAAGNKLT,SEHNR,FQNEAQ,ASSLDLGTGELF,0
KLGGALQAK,KTLYGLQKGGEEGADSRYSSASKIISGHVSFQNEAQASSLIEYPPPDTQY,KTLYG,LQKGGEE,GADSRYSSASKII,SGHVS,FQNEAQ,ASSLIEYPPPDTQY,1
RAKFKQLL,TSINNIRSNEREATDVNNDMRLNHDASQIVNDASSIDPPYEQY,TSINN,IRSNERE,ATDVNNDMR,LNHDA,SQIVND,ASSIDPPYEQY,0
NLVPMVATV,SSVPPYYTSAATLVAVSAGDYKLSKGHDRSFDVKDATSDSVAGNQPQH,SSVPPY,YTSAATLV,AVSAGDYKLS,KGHDR,SFDVKD,ATSDSVAGNQPQH,0
ELAGIGILTV,DRGSQSIYSNGDAVSGRGSTLGRLYMDHENSYDVKMASSWGQMNTEAF,DRGSQS,IYSNGD,AVSGRGSTLGRLY,MDHEN,SYDVKM,ASSWGQMNTEAF,1
DATYQRTRALVR,NSASQSVYSSGVVNMIMNTGFQKLVGTSNPNSVGIGAWSVTSTGGTEAF,NSASQS,VYSSG,VVNMIMNTGFQKLV,GTSNPN,SVGIG,AWSVTSTGGTEAF,1
GILGFVFTL,DRGSQSIYSNGDAVNSNFGNEKLTMNHEYSVGAGIASSSGVEAF,DRGSQS,IYSNGD,AVNSNFGNEKLT,MNHEY,SVGAGI,ASSSGVEAF,0
GILGFVFTL,DSAIYNIQSSQREAVAQGGSEKLVSGHNSFNNNVPASSLWGDYEQY,DSAIYN,IQSSQRE,AVAQGGSEKLV,SGHNS,FNNNVP,ASSLWGDYEQY,0
RAKFKQLL,DSASNYIRSNVGEATVPSNTGKLILNHDASQIVNDASSMRSGANVLT,DSASNY,IRSNVGE,ATVPSNTGKLI,LNHDA,SQIVND,ASSMRSGANVLT,0
KLGGALQAK,TISGNEYGLKNNITGGGADGLTLNHNVYYDKDFATSRDRLGRGKGTEAF,TISGNEY,GLKNN,ITGGGADGLT,LNHNV,YYDKDF,ATSRDRLGRGKGTEAF,1
AVFDRKSDAK,DRGSQSIYSNGDAVNGASKIIMNHEYSMNVEVASGSGRLAEQY,DRGSQS,IYSNGD,AVNGASKII,MNHEY,SMNVEV,ASGSGRLAEQY,0
RAKFKQLL,TSGFNGNVLDGLAVKDSNYQLIMNHEYSVGEGTASSYQEGTGGETQY,TSGFNG,NVLDGL,AVKDSNYQLI,MNHEY,SVGEGT,ASSYQEGTGGETQY,0
NLVPMVATV,VSGNPYYITGDNLVAVNADSWGKLQSGHATFQDESVVTGQGDINEQF,VSGNPY,YITGDNLV,AVNADSWGKLQ,SGHAT,FQDESV,VTGQGDINEQF,0
RLPGVLPRA,TSGFYGNALDGLAVRDQDYGQNFVSGHDTYYEEEEASRDRGVGSPLH,TSGFYG,NALDGL,AVRDQDYGQNFV,SGHDT,YYEEEE,ASRDRGVGSPLH,0
RAKFKQLL,TSINNIRSNEREATDAYGNNRLASGHTAFQGTGAASSLAGAGTEAF,TSINN,IRSNERE,ATDAYGNNRLA,SGHTA,FQGTGA,ASSLAGAGTEAF,0
RFPLTFGWCF,DSVNNIPSGTAGSPSNTGKLILNHDASQIVNDASSIHSGNQPQH,DSVNN,IPSGT,AGSPSNTGKLI,LNHDA,SQIVND,ASSIHSGNQPQH,0
ATDALMTGF,DRGSQSIYSNGDAVNGNNNDMRLNHDASQIVNDASAWGGMTNEQY,DRGSQS,IYSNGD,AVNGNNNDMR,LNHDA,SQIVND,ASAWGGMTNEQY,0
GILGFVFTL,TISGTDYGLTSNILLGTGANNLFKGHSHLQKENIASSPKLQGAWAEKLF,TISGTDY,GLTSN,ILLGTGANNLF,KGHSH,LQKENI,ASSPKLQGAWAEKLF,0
IVTDFSVIK,SIFNTLYKAGELAGHTGNQFYENHRYSYGVKDAISDPGLAGGGGEQF,SIFNT,LYKAGEL,AGHTGNQFY,ENHRY,SYGVKD,AISDPGLAGGGGEQF,1
RFPLTFGWCF,TRDTTYYRNSFDEQNALSEASLVDSNYQLILNHDASQIVNDASSPTSGGYNEQF,TRDTTYY,RNSFDEQN,ALSEASLVDSNYQLI,LNHDA,SQIVND,ASSPTSGGYNEQF,0
GILGFVFTL,NSMFDYISSIKDKAASPSGAGNMLTMDHENSYDVKMASSQLTTGTFTGELF,NSMFDY,ISSIKDK,AASPSGAGNMLT,MDHEN,SYDVKM,ASSQLTTGTFTGELF,0
AVFDRKSDAK,TSDPSYGQGSYDQQNAMRDGGGSQGNLILNHDASQIVNDASSIRSGAEQY,TSDPSYG,QGSYDQQN,AMRDGGGSQGNLI,LNHDA,SQIVND,ASSIRSGAEQY,0
ELAGIGILTV,DSAIYNIQSSQREAVRPSGGFKTISGHTAFQGNSAASSPSGQLDSQH,DSAIYN,IQSSQRE,AVRPSGGFKTI,SGHTA,FQGNSA,ASSPSGQLDSQH,0
NLVPMVATV,SSNFYAMTLNGDEAFELILGAQKLVMNHEYSVGEGTASSYSWTGSNYGYT,SSNFYA,MTLNGDE,AFELILGAQKLV,MNHEY,SVGEGT,ASSYSWTGSNYGYT,1
NLVPMVATV,TISGTDYGLTSNILGSNDYKLSSQVTMANQGSEASPGTDLYEQY,TISGTDY,GLTSN,ILGSNDYKLS,SQVTM,ANQGSEA,SPGTDLYEQY,0
RAKFKQLL,DSAIYNIQSSQREAVNNRTGGFKTIMDHENSYDVKMASSLYSATGELF,DSAIYN,IQSSQRE,AVNNRTGGFKTI,MDHEN,SYDVKM,ASSLYSATGELF,0
KLGGALQAK,NIATNDYGYKTKLVGPGGFGNEKLTSGHRSYFSETQASSLEGNGHREQY,NIATNDY,GYKTK,LVGPGGFGNEKLT,SGHRS,YFSETQ,ASSLEGNGHREQY,0
ELAGIGILTV,SVFSSVVTGGEVAGATQGGSEKLVMDHENSYDVKMASSVDGTLVDTQY,SVFSS,VVTGGEV,AGATQGGSEKLV,MDHEN,SYDVKM,ASSVDGTLVDTQY,0
GLCTLVAML,DSASNYIRSNVGEAASETSYDKVISEHNRFQNEAQASSLFFGYEQY,DSASNY,IRSNVGE,AASETSYDKVI,SEHNR,FQNEAQ,ASSLFFGYEQY,0
LLWNGPMAV,NSASQSVYSSGVVTGGLHARLMMNHEYSVGEGTASSYSTGHEQF,NSASQS,VYSSG,VVTGGLHARLM,MNHEY,SVGEGT,ASSYSTGHEQF,0
KLGGALQAK,DSASNYIRSNVGEAASGPGDDKIIMNHEYSMNVEVASSPHFQVDTGELF,DSASNY,IRSNVGE,AASGPGDDKII,MNHEY,SMNVEV,ASSPHFQVDTGELF,0
GILGFVFTL,DRGSQSIYSNGDAVISTDKLIMNHEYSMNVEVASSLSTPQNEQF,DRGSQS,IYSNGD,AVISTDKLI,MNHEY,SMNVEV,ASSLSTPQNEQF,0
GILGFVFTL,DSVNNIPSGTAVEPLYGNKLVKGHDRSFDVKDATSDRLAGGELF,DSVNN,IPSGT,AVEPLYGNKLV,KGHDR,SFDVKD,ATSDRLAGGELF,0
RAKFKQLL,DSSSTYIFSNMDMAEDSNARLMDFQATTSNEGSKASARDPYRASNQPQH,DSSSTY,IFSNMDM,AEDSNARLM,DFQATT,SNEGSKA,SARDPYRASNQPQH,0
LLWNGPMAV,DSASNYIRSNVGEAATETSYDKVISGHNTYYREEEASKRQGSLSYEQY,DSASNY,IRSNVGE,AATETSYDKVI,SGHNT,YYREEE,ASKRQGSLSYEQY,0
CINGVCWTV,NSMFDYISSIKDKAASDGAGNMLTMDHENSYDVKMASRGLIIQRSSYEQY,NSMFDY,ISSIKDK,AASDGAGNMLT,MDHEN,SYDVKM,ASRGLIIQRSSYEQY,0
GILGFVFTL,SSVPPYYTSAATLVAVSAGDYKLSKGHDRSFDVKDATSDSVAGNQPQH,SSVPPY,YTSAATLV,AVSAGDYKLS,KGHDR,SFDVKD,ATSDSVAGNQPQH,0
RLPGVLPRA,TSINNIRSNEREATPLDSWGKLQLGHDTYNNKELASSHRTTYNEQF,TSINN,IRSNERE,ATPLDSWGKLQ,LGHDT,YNNKEL,ASSHRTTYNEQF,0
DATYQRTRALVR,TTLSNLVKSGEVAGKNSNDYKLSMNHEYSMNVEVASSPIRQDMGGYT,TTLSN,LVKSGEV,AGKNSNDYKLS,MNHEY,SMNVEV,ASSPIRQDMGGYT,0
RAKFKQLL,TSENNYYQEAYKQQNAFMKRNAGNMLTSGHDTYYEEEEASSLRDGSEAF,TSENNYY,QEAYKQQN,AFMKRNAGNMLT,SGHDT,YYEEEE,ASSLRDGSEAF,1
KLGGALQAK,NIATNDYGYKTKLVGVPSGGYNKLIGTSNPNSVGIGAWSPITSNYGYT,NIATNDY,GYKTK,LVGVPSGGYNKLI,GTSNPN,SVGIG,AWSPITSNYGYT,0
AVFDRKSDAK,TISGTDYGLTSNILRGNQFYSGHRSYFSETQASSPSLLEGNSYEQY,TISGTDY,GLTSN,ILRGNQFY,SGHRS,YFSETQ,ASSPSLLEGNSYEQY,0
ELAGIGILTV,NSASQSVYSSGVVKGPGGFKTIFGDFQATTSNEGSKASARDGLNEQFFG,NSASQS,VYSSG,VVKGPGGFKTIFG,DFQATT,SNEGSKA,SARDGLNEQFFG,1
ELAGIGILTV,DSSSTYIFSNMDMSTGGGNKLTLNHNVYYDKDFATSIEGNTGELF,DSSSTY,IFSNMDM,STGGGNKLT,LNHNV,YYDKDF,ATSIEGNTGELF,0
GILGFVFTL,TRDTTYYRNSFDEQNALSEDGNDYKLSLNHDASQIVNDATGFPYEQY,TRDTTYY,RNSFDEQN,ALSEDGNDYKLS,LNHDA,SQIVND,ATGFPYEQY,1
ELAGIGILTV,DSSSTYIFSNMDMAERRNAGNNRKLILNHNVYYDKDFATSTGGGYEQY,DSSSTY,IFSNMDM,AERRNAGNNRKLI,LNHNV,YYDKDF,ATSTGGGYEQY,0
ELAGIGILTV,TISGTDYGLTSNILRGNYGGATNKLIMNHNSSASEGTASRITGESDQPQH,TISGTDY,GLTSN,ILRGNYGGATNKLI,MNHNS,SASEGT,ASRITGESDQPQH,0
RAKFKQLL,NSASQSVYSSGVVGDNNDMRSQVTMANQGSEASVEGVGTSIGEQF,NSASQS,VYSSG,VVGDNNDMR,SQVTM,ANQGSEA,SVEGVGTSIGEQF,0
AVFDRKSDAK,TISGTDYGLTSNILSTYNNNDMRMNHEYSVGAGIASSYEGSQGNEQF,TISGTDY,GLTSN,ILSTYNNNDMR,MNHEY,SVGAGI,ASSYEGSQGNEQF,0
KLGGALQAK,TSGFNGNVLDGLAVLDSNYQLISGDLSYYNGEEASSSGRLTNTEAF,TSGFNG,NVLDGL,AVLDSNYQLI,SGDLS,YYNGEE,ASSSGRLTNTEAF,0
RAKFKQLL,DSVNNIPSGTAPETSGSRLTSQVTMANQGSEASVSGGETEAF,DSVNN,IPSGT,APETSGSRLT,SQVTM,ANQGSEA,SVSGGETEAF,0
GILGFVFTL,DSSSTYIFSNMDMAEISPSGGSYIPTKGHDRSFDVKDATSDLKVHSGNYGYT,DSSSTY,IFSNMDM,AEISPSGGSYIPT,KGHDR,SFDVKD,ATSDLKVHSGNYGYT,0
AVFDRKSDAK,TSDPSYGQGSYDQQNAMREGQTNFGNEKLTMDHENSYDVKMASSLGAGFLQETQY,TSDPSYG,QGSYDQQN,AMREGQTNFGNEKLT,MDHEN,SYDVKM,ASSLGAGFLQETQY,0
RAKFKQLL,TRDTTYYRNSFDEQNALSEDGNDYKLSLNHDASQIVNDATGFPYEQY,TRDTTYY,RNSFDEQN,ALSEDGNDYKLS,LNHDA,SQIVND,ATGFPYEQY,0
GILGFVFTL,TTLSNLVKSGEVAVTYGGSQGNLILNHDASQIVNDASSIRSTGEL,TTLSN,LVKSGEV,AVTYGGSQGNLI,LNHDA,SQIVND,ASSIRSTGEL,1
GILGFVFTL,KALYSLLKGGEQGTSGAGSYQLTLNHDASQIVNDASSQRSTDTQY,KALYS,LLKGGEQ,GTSGAGSYQLT,LNHDA,SQIVND,ASSQRSTDTQY,1
LLWNGPMAV,VGISALSSGKAVRKFGNEKLTLNHDASHIVNDASSIGLYGYT,VGISA,LSSGK,AVRKFGNEKLT,LNHDA,SHIVND,ASSIGLYGYT,0
KLGGALQAK,DRGSQSIYSNGDAVNADKIIMDHENSYDVKMASTQIFGNYGYT,DRGSQS,IYSNGD,AVNADKII,MDHEN,SYDVKM,ASTQIFGNYGYT,0
KLGGALQAK,SIFNTLYKAGELAGLDFGNEKLTSEHNRFQNEAQASSLATSPLMNTEAF,SIFNT,LYKAGEL,AGLDFGNEKLT,SEHNR,FQNEAQ,ASSLATSPLMNTEAF,0
YLQPRTFLL,NSASQSVYSSGVVNKGNDMRSNHLYFYNNEIASQDTNTGELF,NSASQS,VYSSG,VVNKGNDMR,SNHLY,FYNNEI,ASQDTNTGELF,1
ELAGIGILTV,TTSDRLLSNGAVAVAILTGGGNKLTLGHNAYNFKEQASKPGQGGYEQY,TTSDR,LLSNGAV,AVAILTGGGNKLT,LGHNA,YNFKEQ,ASKPGQGGYEQY,0
CINGVCWTV,NSASDYIRSNMDKAENSSLAGKSTMGHRAYSYEKLASSQDRGGPGELF,NSASDY,IRSNMDK,AENSSLAGKST,MGHRA,YSYEKL,ASSQDRGGPGELF,0
RAKFKQLL,DRGSQSIYSNGDAVGGTGKLILNHDASQIVNDASGLSGDEQY,DRGSQS,IYSNGD,AVGGTGKLI,LNHDA,SQIVND,ASGLSGDEQY,0
CINGVCWTV,TRDTTYYRNSFDEQNALSDAYNFNKFYPRHDTFYEKMQASSDDRVRYGYT,TRDTTYY,RNSFDEQN,ALSDAYNFNKFY,PRHDT,FYEKMQ,ASSDDRVRYGYT,0
IVTDFSVIK,YGGTVNYFSGDPLVAVKGVNFGNEKLTSGHTAFQGNSAASNWGGRGNTGELF,YGGTVN,YFSGDPLV,AVKGVNFGNEKLT,SGHTA,FQGNSA,ASNWGGRGNTGELF,0
KSKRTPMGF,DSASNYIRSNVGEAAINTGTASKLTMNHEYSMNVEVASSSPGPREKLF,DSASNY,IRSNVGE,AAINTGTASKLT,MNHEY,SMNVEV,ASSSPGPREKLF,0
GLCTLVAML,DSAIYNIQSSQREAVASFYGNNRLAMDHENSYDVKMASNRDRDYGYT,DSAIYN,IQSSQRE,AVASFYGNNRLA,MDHEN,SYDVKM,ASNRDRDYGYT,0
AVFDRKSDAK,DRGSQSIYSNGDAVPQAGTALILNHDASQIVNDASSPGALNTEAF,DRGSQS,IYSNGD,AVPQAGTALI,LNHDA,SQIVND,ASSPGALNTEAF,0
KLGGALQAK,TISGTDYGLTSNILDNNNDMRSGHVSFNYEAQASSLAPGTTNEKLF,TISGTDY,GLTSN,ILDNNNDMR,SGHVS,FNYEAQ,ASSLAPGTTNEKLF,0
ATDALMTGF,VGISALSSGKAVAGSGGSNYKLTSGHRSYFSETQASSLEASGPYNEQF,VGISA,LSSGK,AVAGSGGSNYKLT,SGHRS,YFSETQ,ASSLEASGPYNEQF,0
ELAGIGILTV,DSVNNIPSGTAVTPPPSYDKVISGHDYFNNNVPASSSVSGYT,DSVNN,IPSGT,AVTPPPSYDKVI,SGHDY,FNNNVP,ASSSVSGYT,0
NLVPMVATV,VGISALSSGKAVLKTSYDKVILNHDASQIVNDASSFFLAAGYP,VGISA,LSSGK,AVLKTSYDKVI,LNHDA,SQIVND,ASSFFLAAGYP,0
AVFDRKSDAK,TISGTDYGLTSNILRKAFFMKTSYDKVISGHDTYYEEEEASSLALAPRSYNEQF,TISGTDY,GLTSN,ILRKAFFMKTSYDKVI,SGHDT,YYEEEE,ASSLALAPRSYNEQF,1
NLVPMVATV,DSSSTYIFSNMDMAESTSGGKLIMNHEYSMNVEVASSPEGSYNEQF,DSSSTY,IFSNMDM,AESTSGGKLI,MNHEY,SMNVEV,ASSPEGSYNEQF,0
GILGFVFTL,DSSSTYIFSNMDMAESTSGGKLIMNHEYSMNVEVASSPEGSYNEQF,DSSSTY,IFSNMDM,AESTSGGKLI,MNHEY,SMNVEV,ASSPEGSYNEQF,0
ELAGIGILTV,NIATNDYGYKTKLVGAGNMLTMGHRAYSYEKLASSQGGQGAPYEQY,NIATNDY,GYKTK,LVGAGNMLT,MGHRA,YSYEKL,ASSQGGQGAPYEQY,0
RAKFKQLL,TRDTTYYRNSFDEQNALGSVDTGRRALTLNHNVYYDKDFATSKAAGANPTYEQY,TRDTTYY,RNSFDEQN,ALGSVDTGRRALT,LNHNV,YYDKDF,ATSKAAGANPTYEQY,0
GILGFVFTL,VGISALSSGKAVSASGTYKYIMNHEYSVGEGTASRASMSSYNEQF,VGISA,LSSGK,AVSASGTYKYI,MNHEY,SVGEGT,ASRASMSSYNEQF,0
KSKRTPMGF,NSMFDYISSIKDKAASDQTGANNLFMNHEYSVGAGIASSLQGASGYT,NSMFDY,ISSIKDK,AASDQTGANNLF,MNHEY,SVGAGI,ASSLQGASGYT,0
GILGFVFTL,DRGSQSIYSNGDAVLTLNARLMSGHDYFNNNVPASLPTGTNTGELF,DRGSQS,IYSNGD,AVLTLNARLM,SGHDY,FNNNVP,ASLPTGTNTGELF,0
GILGFVFTL,VSGNPYYITGDNLVAVRDMGTGGFKTISEHNRFQNEAQAIQEDTDTQY,VSGNPY,YITGDNLV,AVRDMGTGGFKTI,SEHNR,FQNEAQ,AIQEDTDTQY,0
KLGGALQAK,TRDTTYYRNSFDEQNALRILTGGGNKLTSGHTAFQGNSAASSSLWTGESTEAF,TRDTTYY,RNSFDEQN,ALRILTGGGNKLT,SGHTA,FQGNSA,ASSSLWTGESTEAF,1
CINGVCWTV,SSNFYAMTLNGDEAFELILGAQKLVMNHEYSVGEGTASSYSWTGSNYGYT,SSNFYA,MTLNGDE,AFELILGAQKLV,MNHEY,SVGEGT,ASSYSWTGSNYGYT,0
KLGGALQAK,YGGTVNYFSGDPLVAVTGGFKTISGHATFQNNGVASSLYNEQF,YGGTVN,YFSGDPLV,AVTGGFKTI,SGHAT,FQNNGV,ASSLYNEQF,0
AVFDRKSDAK,DSSSTYIFSNMDMAESINQGGKLIDFQATTSNEGSKASARLPRDYSNQPQH,DSSSTY,IFSNMDM,AESINQGGKLI,DFQATT,SNEGSKA,SARLPRDYSNQPQH,0
AVFDRKSDAK,ATGYPSATKADDKASSSVNEQYMNHEYSVGAGIASSPITGTGAYGYT,ATGYPS,ATKADDK,ASSSVNEQY,MNHEY,SVGAGI,ASSPITGTGAYGYT,0
DATYQRTRALVR,SVFSSVVTGGEVAGATQGGSEKLVMDHENSYDVKMASSVDGTLVDTQY,SVFSS,VVTGGEV,AGATQGGSEKLV,MDHEN,SYDVKM,ASSVDGTLVDTQY,0
LLWNGPMAV,YGGTVNYFSGDPLVAVNEDNFNKFYMGHRAYSYEKLASSLGGTNEQF,YGGTVN,YFSGDPLV,AVNEDNFNKFY,MGHRA,YSYEKL,ASSLGGTNEQF,0
SLFNTVATLY,NIATNDYGYKTKLVDGGATNKLIMGHRAYSYEKLASSHNGELF,NIATNDY,GYKTK,LVDGGATNKLI,MGHRA,YSYEKL,ASSHNGELF,0
GILGFVFTL,DSASNYIRSNVGEAASGGGSQGNLIMGHRAYSYEKLASSQEAGALGETQY,DSASNY,IRSNVGE,AASGGGSQGNLI,MGHRA,YSYEKL,ASSQEAGALGETQY,1
AVFDRKSDAK,TSGFNGNVLDGLAALINARLMMNHEYSVGEGTASSDGTSGGGEQY,TSGFNG,NVLDGL,AALINARLM,MNHEY,SVGEGT,ASSDGTSGGGEQY,1
KLGGALQAK,DSSSTYIFSNMDMSTGGGNKLTLNHNVYYDKDFATSIEGNTGELF,DSSSTY,IFSNMDM,STGGGNKLT,LNHNV,YYDKDF,ATSIEGNTGELF,0
IVTDFSVIK,TSINNIRSNEREATDAYGNNRLASGHTAFQGTGAASSLAGAGTEAF,TSINN,IRSNERE,ATDAYGNNRLA,SGHTA,FQGTGA,ASSLAGAGTEAF,0
IVTDFSVIK,NYSPAYIRENEKEALVAPGGSYIPTKGHDRSFDVKDATAPGTGRTLKLI,NYSPAY,IRENEKE,ALVAPGGSYIPT,KGHDR,SFDVKD,ATAPGTGRTLKLI,0
KLGGALQAK,DSSSTYIFSNMDMAGGGSQGNLIMNHEYSMNVEVASSISGGPGETQY,DSSSTY,IFSNMDM,AGGGSQGNLI,MNHEY,SMNVEV,ASSISGGPGETQY,0
RAKFKQLL,DRGSQSIYSNGDAVNGGNQFYLGHNAYNFKEQASSLEMGAGTEAF,DRGSQS,IYSNGD,AVNGGNQFY,LGHNA,YNFKEQ,ASSLEMGAGTEAF,0
RLRAEAQVK,NSASQSVYSSGVGFSNTGNQFYSGDLSYYNGEEASSVTSSEGTIY,NSASQS,VYSSG,VGFSNTGNQFY,SGDLS,YYNGEE,ASSVTSSEGTIY,0
RLPGVLPRA,TRDTTYYRNSFDEQNALSSPSAAGNKLTMNHEYSVGAGIASKGLAGGGSYNEQF,TRDTTYY,RNSFDEQN,ALSSPSAAGNKLT,MNHEY,SVGAGI,ASKGLAGGGSYNEQF,0
GLCTLVAML,DSAIYNIQSSQREAVCEEGSQGNLISEHNRFQNEAQASSLEGQLYEQY,DSAIYN,IQSSQRE,AVCEEGSQGNLI,SEHNR,FQNEAQ,ASSLEGQLYEQY,0
AVFDRKSDAK,DSAIYNIQSSQREAVPNFGNEKLTLGHDTYNNKELASSQDFTQGFAYEQY,DSAIYN,IQSSQRE,AVPNFGNEKLT,LGHDT,YNNKEL,ASSQDFTQGFAYEQY,1
NLVPMVATV,DSVNNIPSGTAVSPVTQGGSEKLVDFQATTSNEGSKASARVIPREAF,DSVNN,IPSGT,AVSPVTQGGSEKLV,DFQATT,SNEGSKA,SARVIPREAF,0
RAKFKQLL,DSASNYIRSNVGEAATETSYDKVISGHNSFNNNVPASSFSGGASPPNYGYT,DSASNY,IRSNVGE,AATETSYDKVI,SGHNS,FNNNVP,ASSFSGGASPPNYGYT,1
SPRWYFYYL,DRGSQSIYSNGDAVNEGLGSARQLTKGHDRSFDVKDATSDSSGGSGYT,DRGSQS,IYSNGD,AVNEGLGSARQLT,KGHDR,SFDVKD,ATSDSSGGSGYT,0
LLWNGPMAV,DRGSQSIYSNGDAVEGGKLISQVTMANQGSEASVEGRGTDTQY,DRGSQS,IYSNGD,AVEGGKLI,SQVTM,ANQGSEA,SVEGRGTDTQY,1
RAKFKQLL,YSGSPEHISRALRGYGQNFVLGHNAYSLEERASSQDAPGQGSDEQF,YSGSPE,HISR,ALRGYGQNFV,LGHNA,YSLEER,ASSQDAPGQGSDEQF,0
CINGVCWTV,VSNAYNGSKPAVEGSSGSARQLTMNHEYSMNVEVASSSDGNEQF,VSNAYN,GSKP,AVEGSSGSARQLT,MNHEY,SMNVEV,ASSSDGNEQF,0
ATDALMTGF,DSSSTYIFSNMDMAEDSASKIIDFQATTSNEGSKASARDETGNGYT,DSSSTY,IFSNMDM,AEDSASKII,DFQATT,SNEGSKA,SARDETGNGYT,0
ELAGIGILTV,DRGSQSIYSNGDAVKGDDKIILGHNAYNFKEQASSQGILSGELF,DRGSQS,IYSNGD,AVKGDDKII,LGHNA,YNFKEQ,ASSQGILSGELF,1
NLVPMVATV,NSASDYIRSNMDKAENGGGGADGLTSGHDTYYEEEEASSFEGLNTGELF,NSASDY,IRSNMDK,AENGGGGADGLT,SGHDT,YYEEEE,ASSFEGLNTGELF,0
KLGGALQAK,DSASNYIRSNVGEAPWDFNKFYSGHTAFQGTGAASSLQGGTGELF,DSASNY,IRSNVGE,APWDFNKFY,SGHTA,FQGTGA,ASSLQGGTGELF,0
GILGFVFTL,DRGSQSIYSNGDAVRGYGGSQGNLIMNHEYSVGEGTASSRMGFYEQY,DRGSQS,IYSNGD,AVRGYGGSQGNLI,MNHEY,SVGEGT,ASSRMGFYEQY,0
AVFDRKSDAK,TSESDYYQEAYKQQNALMSARLMSGHNSFNNNVPASSFARAQADTQY,TSESDYY,QEAYKQQN,ALMSARLM,SGHNS,FNNNVP,ASSFARAQADTQY,0
SPRWYFYYL,TISGTDYGLTSNILSTYNNNDMRMNHEYSVGAGIASSYEGSQGNEQF,TISGTDY,GLTSN,ILSTYNNNDMR,MNHEY,SVGAGI,ASSYEGSQGNEQF,0
NLVPMVATV,SSVPPYYTSAATLVAVIGGYQKVTDFQATTSNEGSKASAGQGSNEKLF,SSVPPY,YTSAATLV,AVIGGYQKVT,DFQATT,SNEGSKA,SAGQGSNEKLF,0
KLGGALQAK,DRGSQSIYSNGDAVELLDFQATTSNEGSKASAREAQGQPQH,DRGSQS,IYSNGD,AVELL,DFQATT,SNEGSKA,SAREAQGQPQH,0
AVFDRKSDAK,TSENNYYQEAYKQQNAFMEYGNKLVPRHDTFYEKMQASSFLGVTYGYT,TSENNYY,QEAYKQQN,AFMEYGNKLV,PRHDT,FYEKMQ,ASSFLGVTYGYT,0
ELAGIGILTV,VSGNPYYITGDNLVAVRDNQAGTALISGDLSYYNGEEASSAGSGSGYNEQF,VSGNPY,YITGDNLV,AVRDNQAGTALI,SGDLS,YYNGEE,ASSAGSGSGYNEQF,0
GILGFVFTL,DRGSQSIYSNGDALALGGGSQGNLILNHDASQIVNDASSGRATDTQY,DRGSQS,IYSNGD,ALALGGGSQGNLI,LNHDA,SQIVND,ASSGRATDTQY,1
AVFDRKSDAK,KTLYGLQKGGEEGADPQGGDNNARLMDFQATTSNEGSKASARPRESSNQPQH,KTLYG,LQKGGEE,GADPQGGDNNARLM,DFQATT,SNEGSKA,SARPRESSNQPQH,0
NLVPMVATV,NSAFQYTYSSGNAMTGTTNAGKSTSGHNSFNNNVPASTYGSYGYT,NSAFQY,TYSSGN,AMTGTTNAGKST,SGHNS,FNNNVP,ASTYGSYGYT,1
RAKFKQLL,YGGTVNYFSGDPLVAVNEITGGFKTIMNHEYSVGEGTASSYSWTGGFYEQY,YGGTVN,YFSGDPLV,AVNEITGGFKTI,MNHEY,SVGEGT,ASSYSWTGGFYEQY,0
RAKFKQLL,TRDTTYYRNSFDEQNALSDYDYKLSMGHRAYSYEKLASSQAPGETQY,TRDTTYY,RNSFDEQN,ALSDYDYKLS,MGHRA,YSYEKL,ASSQAPGETQY,0
RAKFKQLL,SSVPPYYTSAATLVAVSADSGGSNYKLTKGHDRSFDVKDATSDLPYIGTRLNEQF,SSVPPY,YTSAATLV,AVSADSGGSNYKLT,KGHDR,SFDVKD,ATSDLPYIGTRLNEQF,0
NLVPMVATV,DRGSQSIYSNGDAVNKVTSGGSNYKLTSGHNSFNNNVPASSFLDRGPNTEAF,DRGSQS,IYSNGD,AVNKVTSGGSNYKLT,SGHNS,FNNNVP,ASSFLDRGPNTEAF,0
RAKFKQLL,NSASQSVYSSGVVNMGDFGNEKLTLGHNAYNFKEQASSPRLAARSDTQY,NSASQS,VYSSG,VVNMGDFGNEKLT,LGHNA,YNFKEQ,ASSPRLAARSDTQY,1
RAKFKQLL,TISGTDYGLTSNILRDVSGGGFKTIDFQATTSNEGSKASARDEGTGIGREKLF,TISGTDY,GLTSN,ILRDVSGGGFKTI,DFQATT,SNEGSKA,SARDEGTGIGREKLF,0
KLGGALQAK,YGGTVNYFSGDPLVAANSGGSYIPTSGHVSFQNEAQASSDSAGELF,YGGTVN,YFSGDPLV,AANSGGSYIPT,SGHVS,FQNEAQ,ASSDSAGELF,0
RFPLTFGWCF,SSVSVYYLSGSTLVAVSDPDTDKLIMNHNSSASEGTASSDWTNTGELF,SSVSVY,YLSGSTLV,AVSDPDTDKLI,MNHNS,SASEGT,ASSDWTNTGELF,0
AVFDRKSDAK,TRDTTYYRNSFDEQNALRILTGGGNKLTSGHTAFQGNSAASSSLWTGESTEAF,TRDTTYY,RNSFDEQN,ALRILTGGGNKLT,SGHTA,FQGNSA,ASSSLWTGESTEAF,0
GPRLGVRAT,YSGSPEHISRALVTFTGGGNKLTSGHNTYYREEEASSSTGGGEKDQPQH,YSGSPE,HISR,ALVTFTGGGNKLT,SGHNT,YYREEE,ASSSTGGGEKDQPQH,0
IVTDFSVIK,NIATNDYGYKTKLVERNNDMRMNHNSSASEGTASSELWGSEPSPLH,NIATNDY,GYKTK,LVERNNDMR,MNHNS,SASEGT,ASSELWGSEPSPLH,0
ATDALMTGF,DSVNNIPSGTAVDHLMNYGGSQGNLILNHDASQIVNDASSTYSQDTQY,DSVNN,IPSGT,AVDHLMNYGGSQGNLI,LNHDA,SQIVND,ASSTYSQDTQY,0
HPVTKYIM,NSMFDYISSIKDKAASARYGGSQGNLIMNHEYSMNVEVASSGQGYNSPLH,NSMFDY,ISSIKDK,AASARYGGSQGNLI,MNHEY,SMNVEV,ASSGQGYNSPLH,1
GILGFVFTL,VSGNPYYITGDNLVAVRDGTGANNLFLNHDASQIVNDASNPSSTDTQY,VSGNPY,YITGDNLV,AVRDGTGANNLF,LNHDA,SQIVND,ASNPSSTDTQY,1
DATYQRTRALVR,DRGSQSIYSNGDAVTGYALNLNHDASQIVNDASRPGQGYEQY,DRGSQS,IYSNGD,AVTGYALN,LNHDA,SQIVND,ASRPGQGYEQY,0
RPPIFIRRL,TSGFYGNALDGLAVKASGGSYIPTLNHDASQIVNDASSVGLAGDNEQF,TSGFYG,NALDGL,AVKASGGSYIPT,LNHDA,SQIVND,ASSVGLAGDNEQF,0
CINGVCWTV,SSVSVYYLSGSTLVAVSDKLVGAAGNKLTMGHRAYSYEKLASSQHGGDYEQY,SSVSVY,YLSGSTLV,AVSDKLVGAAGNKLT,MGHRA,YSYEKL,ASSQHGGDYEQY,0
FEDLRLLSF,SVFSSVVTGGEVAHDADSGGGADGLTLGHNAYSLEERASSQGPGGLSIQY,SVFSS,VVTGGEV,AHDADSGGGADGLT,LGHNA,YSLEER,ASSQGPGGLSIQY,0
AVFDRKSDAK,TTLSNLVKSGEVAGYGSDGQKLLMNHEYSMNVEVASSFTLPGTGPYEQY,TTLSN,LVKSGEV,AGYGSDGQKLL,MNHEY,SMNVEV,ASSFTLPGTGPYEQY,0
AVFDRKSDAK,NSASQSVYSSGVVNLAGANNLFSGHRSYFSETQASSPDRAEEQF,NSASQS,VYSSG,VVNLAGANNLF,SGHRS,YFSETQ,ASSPDRAEEQF,0
KLGGALQAK,DRGSQSIYSNGDAVSGGYQKVTSGHTAFQGTGAASSDLSGELF,DRGSQS,IYSNGD,AVSGGYQKVT,SGHTA,FQGTGA,ASSDLSGELF,0
RAKFKQLL,TRDTTYYRNSFDEQNALSEVDRLMMDHENSYDVKMASSLTGTDTQY,TRDTTYY,RNSFDEQN,ALSEVDRLM,MDHEN,SYDVKM,ASSLTGTDTQY,0
GILGFVFTL,TRDTTYYRNSFDEQNALMGSGGGADGLTSGHVSFNYEAQASSRTSGEYNEQF,TRDTTYY,RNSFDEQN,ALMGSGGGADGLT,SGHVS,FNYEAQ,ASSRTSGEYNEQF,1
NLVPMVATV,DRGSQSIYSNGDAVDDKIISGHRSYFSETQASSPDRGLAGELF,DRGSQS,IYSNGD,AVDDKII,SGHRS,YFSETQ,ASSPDRGLAGELF,0
GILGFVFTL,VSGLRGLYSAGEEAVKPNYGGSQGNLIMNHNSSASEGTASSAGDGYTHTVFGNIQY,VSGLRG,LYSAGEE,AVKPNYGGSQGNLI,MNHNS,SASEGT,ASSAGDGYTHTVFGNIQY,0
RAKFKQLL,DRGSQSIYSNGDAVNDRGSEKLVLNHDASQIVNDASSARSSYEQY,DRGSQS,IYSNGD,AVNDRGSEKLV,LNHDA,SQIVND,ASSARSSYEQY,0
KLGGALQAK,TSESDYYQEAYKQQNALYTGNQFYMGHDKSYGVNSASSDPSSVGRSTDTQY,TSESDYY,QEAYKQQN,ALYTGNQFY,MGHDK,SYGVNS,ASSDPSSVGRSTDTQY,0
KLGGALQAK,VSGLRGLYSAGEEAVTYNNNDMRSNHLYFYNNEIAAGTRTDTQY,VSGLRG,LYSAGEE,AVTYNNNDMR,SNHLY,FYNNEI,AAGTRTDTQY,0
KLGGALQAK,DRGSQSIYSNGDALNTGGFKTILGHNAYNFKEQASSQETSGGASQF,DRGSQS,IYSNGD,ALNTGGFKTI,LGHNA,YNFKEQ,ASSQETSGGASQF,0
RAKFKQLL,DRGSQSIYSNGDAVGTAWRSGGGADGLTLNHDASQIVNDASSRRSSGELF,DRGSQS,IYSNGD,AVGTAWRSGGGADGLT,LNHDA,SQIVND,ASSRRSSGELF,0
CTELKLSDY,TRDTTYYRNSFDEQNALSEASLVDSNYQLILNHDASQIVNDASSPTSGGYNEQF,TRDTTYY,RNSFDEQN,ALSEASLVDSNYQLI,LNHDA,SQIVND,ASSPTSGGYNEQF,0
SPRWYFYYL,NSASQSVYSSGVVWGGSYIPTMDHENSYDVKMASSFPPDLNTGELF,NSASQS,VYSSG,VVWGGSYIPT,MDHEN,SYDVKM,ASSFPPDLNTGELF,0
ELAGIGILTV,TSGFNGNVLDGLASMDSNYQLIDFQATTSNEGSKASLRTGEGSPLH,TSGFNG,NVLDGL,ASMDSNYQLI,DFQATT,SNEGSKA,SLRTGEGSPLH,0
IVTDFSVIK,YGATPYYFSGDTLVAVTRDDKIILNHDASQIVNDASSIYSNQPQH,YGATPY,YFSGDTLV,AVTRDDKII,LNHDA,SQIVND,ASSIYSNQPQH,0
RLRAEAQVK,TTLSNLVKSGEVAVTGGFKTILGHDTYNNKELASSQGGSSSEKLF,TTLSN,LVKSGEV,AVTGGFKTI,LGHDT,YNNKEL,ASSQGGSSSEKLF,0
YLQPRTFLL,YGATPYYFSGDTLVAVGNLDGGSQGNLISGHKSYYEKEEASVGSYNEQF,YGATPY,YFSGDTLV,AVGNLDGGSQGNLI,SGHKS,YYEKEE,ASVGSYNEQF,0
ELAGIGILTV,DRGSQSIYSNGDAVGTAWRSGGGADGLTLNHDASQIVNDASSRRSSGELF,DRGSQS,IYSNGD,AVGTAWRSGGGADGLT,LNHDA,SQIVND,ASSRRSSGELF,1
KLGGALQAK,TSDPSYGQGSYDQQNAITGGFKTISGDLSYYNGEEASSSKPGGDYNEQF,TSDPSYG,QGSYDQQN,AITGGFKTI,SGDLS,YYNGEE,ASSSKPGGDYNEQF,0
VLFGLGFAI,DSASNYIRSNVGEAAKEGYSTLTSGDLSYYNGEEASSEGDRVTEAF,DSASNY,IRSNVGE,AAKEGYSTLT,SGDLS,YYNGEE,ASSEGDRVTEAF,0
KLGGALQAK,DRGSQSIYSNGDAVGISGGYQKVTMNHEYSVGAGIASSSGTGSPLH,DRGSQS,IYSNGD,AVGISGGYQKVT,MNHEY,SVGAGI,ASSSGTGSPLH,0
KLGGALQAK,TRDTTYYRNSFDEQNALSDYDYKLSMGHRAYSYEKLASSQAPGETQY,TRDTTYY,RNSFDEQN,ALSDYDYKLS,MGHRA,YSYEKL,ASSQAPGETQY,0
RAKFKQLL,DSASNYIRSNVGEAVVPGNTGKLILNHDASQIVNDASSIRSGESRAF,DSASNY,IRSNVGE,AVVPGNTGKLI,LNHDA,SQIVND,ASSIRSGESRAF,0
RAKFKQLL,DSASNYIRSNVGEAPWGFNKFYSGHTAFQGTGAASSLMATDTQY,DSASNY,IRSNVGE,APWGFNKFY,SGHTA,FQGTGA,ASSLMATDTQY,1
GILGFVFTL,NTAFDYIRPDVSEAASITPGTYKYIDFQATTSNEGSKASATDRANVNQPQH,NTAFDY,IRPDVSE,AASITPGTYKYI,DFQATT,SNEGSKA,SATDRANVNQPQH,0
CTELKLSDY,DRGSQSIYSNGDASVGMDSSYKLISGHNSFNNNVPASSFSGNTGELF,DRGSQS,IYSNGD,ASVGMDSSYKLI,SGHNS,FNNNVP,ASSFSGNTGELF,0
KSKRTPMGF,YGATPYYFSGDTLVAVGAPGYSGTYKYIMDHENSYDVKMASSLEVARLAGEGYEQY,YGATPY,YFSGDTLV,AVGAPGYSGTYKYI,MDHEN,SYDVKM,ASSLEVARLAGEGYEQY,0
RAKFKQLL,DSSSTYIFSNMDMAEDSGNLISGHATFQNNGVASSLNRGDPEAF,DSSSTY,IFSNMDM,AEDSGNLI,SGHAT,FQNNGV,ASSLNRGDPEAF,0
AVFDRKSDAK,SVFSSVVTGGEVWGDRKTRNSYSGHVSFQNEAQASSLGATWTSNTEAF,SVFSS,VVTGGEV,WGDRKTRNSY,SGHVS,FQNEAQ,ASSLGATWTSNTEAF,0
RFPLTFGWCF,SSVPPYYTSAATLVAVSDFKAAGNKLTSGHNSFNNNVPASSLTGLAGGRGQETQY,SSVPPY,YTSAATLV,AVSDFKAAGNKLT,SGHNS,FNNNVP,ASSLTGLAGGRGQETQY,0
NLVPMVATV,TRDTTYYRNSFDEQNALSGEGGSEKLVMGHDKSYGVNSASSETGFGNQPQH,TRDTTYY,RNSFDEQN,ALSGEGGSEKLV,MGHDK,SYGVNS,ASSETGFGNQPQH,1
NLVPMVATV,SIFNTLYKAGELAGQLSGGYQKVTDFQATTSNEGSKASARDQLREDNYGYT,SIFNT,LYKAGEL,AGQLSGGYQKVT,DFQATT,SNEGSKA,SARDQLREDNYGYT,0
IVTDFSVIK,DRGSQSIYSNGDAVPGGGGSQGNLILNHDASQIVNDASSMRSTNEQF,DRGSQS,IYSNGD,AVPGGGGSQGNLI,LNHDA,SQIVND,ASSMRSTNEQF,0
LLWNGPMAV,VSGNPYYITGDNLVAVRDMGTGGFKTISEHNRFQNEAQAIQEDTDTQY,VSGNPY,YITGDNLV,AVRDMGTGGFKTI,SEHNR,FQNEAQ,AIQEDTDTQY,0
RAKFKQLL,SSVSVYYLSGSTLVAVSDRRSASKIIMNHEYSVGAGIASSYEDKYQPQH,SSVSVY,YLSGSTLV,AVSDRRSASKII,MNHEY,SVGAGI,ASSYEDKYQPQH,0
KLGGALQAK,DSSSTYIFSNMDMAEDNNARLMSNHLYFYNNEIASSPGSTAPGELF,DSSSTY,IFSNMDM,AEDNNARLM,SNHLY,FYNNEI,ASSPGSTAPGELF,0
ELAGIGILTV,TSENNYYQEAYKQQNAFMSVDRGSTLGRLYMDHENSYDVKMASSYITDQETQY,TSENNYY,QEAYKQQN,AFMSVDRGSTLGRLY,MDHEN,SYDVKM,ASSYITDQETQY,0
KLGGALQAK,TSINNIRSNEREATDPLFGNNRLALNHDASQIVNDASSTLNEQF,TSINN,IRSNERE,ATDPLFGNNRLA,LNHDA,SQIVND,ASSTLNEQF,1
GILGFVFTL,NIATNDYGYKTKLVGVRRSNDYKLSLGHDTYNNKELASSQEAGFWGEQY,NIATNDY,GYKTK,LVGVRRSNDYKLS,LGHDT,YNNKEL,ASSQEAGFWGEQY,0
KLGGALQAK,TSGFNGNVLDGLAEDQGGKLILNHDASQIVNDATGTGDSNQPQH,TSGFNG,NVLDGL,AEDQGGKLI,LNHDA,SQIVND,ATGTGDSNQPQH,0
CINGVCWTV,TRDTTYYRNSFDEQNALSVVDRGSTLGRLYLGHNAYNFKEQASSPPIGTSAQDTQY,TRDTTYY,RNSFDEQN,ALSVVDRGSTLGRLY,LGHNA,YNFKEQ,ASSPPIGTSAQDTQY,1
ELAGIGILTV,VSGNPYYITGDNLVAVRLHNYGQNFVDFQATTSNEGSKASAPARSEPYEQY,VSGNPY,YITGDNLV,AVRLHNYGQNFV,DFQATT,SNEGSKA,SAPARSEPYEQY,0
AVFDRKSDAK,DSSSTYIFSNMDMAESLWDDKIISGHDYFNNNVPASRPSGGAETQY,DSSSTY,IFSNMDM,AESLWDDKII,SGHDY,FNNNVP,ASRPSGGAETQY,0
KLGGALQAK,TTSDRLLSNGAVAVDISNAGNMLTSQVTMANQGSEASVVDYGYT,TTSDR,LLSNGAV,AVDISNAGNMLT,SQVTM,ANQGSEA,SVVDYGYT,0
DATYQRTRALVR,TSGFYGNALDGLAVKASGGSYIPTLNHDASQIVNDASSVGLAGDNEQF,TSGFYG,NALDGL,AVKASGGSYIPT,LNHDA,SQIVND,ASSVGLAGDNEQF,0
GILGFVFTL,SIFNTLYKAGELAGLSGSARQLTFGSGHNSFNNNVPASSLFPGGNTGELFFG,SIFNT,LYKAGEL,AGLSGSARQLTFG,SGHNS,FNNNVP,ASSLFPGGNTGELFFG,0
ELAGIGILTV,DRGSQSIYSNGDAVGNYQLISGDLSYYNGEEASSDLAGGTDTQY,DRGSQS,IYSNGD,AVGNYQLI,SGDLS,YYNGEE,ASSDLAGGTDTQY,0
GILGFVFTL,DSSSTYIFSNMDMAESINQGGKLIDFQATTSNEGSKASARLPRDYSNQPQH,DSSSTY,IFSNMDM,AESINQGGKLI,DFQATT,SNEGSKA,SARLPRDYSNQPQH,0
AVFDRKSDAK,DRGSQSIYSNGDAVAQGGSEKLVMDHENSYDVKMASRGQGLGQPQH,DRGSQS,IYSNGD,AVAQGGSEKLV,MDHEN,SYDVKM,ASRGQGLGQPQH,0
KLGGALQAK,VSGNPYYITGDNLVAVDSSASKIIDFQATTSNEGSKASAPARSEPYEQY,VSGNPY,YITGDNLV,AVDSSASKII,DFQATT,SNEGSKA,SAPARSEPYEQY,1
AVFDRKSDAK,DSASNYIRSNVGEAARVRGFGNVLHSGHDTYYEEEEASSLRDGSEAF,DSASNY,IRSNVGE,AARVRGFGNVLH,SGHDT,YYEEEE,ASSLRDGSEAF,0
GILGFVFTL,SVFSSVVTGGEVAGGGSQGNLIMNHEYSVGAGIASSYGTGSSEQY,SVFSS,VVTGGEV,AGGGSQGNLI,MNHEY,SVGAGI,ASSYGTGSSEQY,1
GILGFVFTL,TRDTTYYRNSFDEQNALSEIGNAGGTSYGKLTSGDLSYYNGEEASSVGQVFYSGT,TRDTTYY,RNSFDEQN,ALSEIGNAGGTSYGKLT,SGDLS,YYNGEE,ASSVGQVFYSGT,0
KLGGALQAK,DSASNYIRSNVGEAASETSYDKVISEHNRFQNEAQASSQLGRGDNEQF,DSASNY,IRSNVGE,AASETSYDKVI,SEHNR,FQNEAQ,ASSQLGRGDNEQF,0
NLVPMVATV,DRGSQSIYSNGDAGDSGGGSQGNLILNHDASQIVNDASSIRSNTEAF,DRGSQS,IYSNGD,AGDSGGGSQGNLI,LNHDA,SQIVND,ASSIRSNTEAF,0
AVFDRKSDAK,DRGSQSIYSNGDAAPGGGGSQGNLISGHATFQNNGVASSFPPRLYANYGYT,DRGSQS,IYSNGD,AAPGGGGSQGNLI,SGHAT,FQNNGV,ASSFPPRLYANYGYT,0
GILGFVFTL,DRGSQSIYSNGDADESGGSQGNLILNHDASQIVNDASSIRSSYEQY,DRGSQS,IYSNGD,ADESGGSQGNLI,LNHDA,SQIVND,ASSIRSSYEQY,0
ELAGIGILTV,DSSSTYIFSNMDMAEGYINQGGKLISGHNTYYREEEASSFTGPDEQF,DSSSTY,IFSNMDM,AEGYINQGGKLI,SGHNT,YYREEE,ASSFTGPDEQF,0
AVFDRKSDAK,TRDTTYYRNSFDEQNALSEANTGGFKTISQVTMANQGSEASVGTGDWGEQY,TRDTTYY,RNSFDEQN,ALSEANTGGFKTI,SQVTM,ANQGSEA,SVGTGDWGEQY,0
AVFDRKSDAK,DSSSTYIFSNMDMSTGGGNKLTLNHNVYYDKDFATSIEGNTGELF,DSSSTY,IFSNMDM,STGGGNKLT,LNHNV,YYDKDF,ATSIEGNTGELF,0
SPRWYFYYL,NSMFDYISSIKDKAASGGSNYKLTLGHDTYNNKELASSQEVMTALQPDYGYT,NSMFDY,ISSIKDK,AASGGSNYKLT,LGHDT,YNNKEL,ASSQEVMTALQPDYGYT,0
RAKFKQLL,DSASNYIRSNVGEAAKEGYSTLTSGDLSYYNGEEASSEGDRVTEAF,DSASNY,IRSNVGE,AAKEGYSTLT,SGDLS,YYNGEE,ASSEGDRVTEAF,0
GILGFVFTL,TSINNIRSNEREATLDGTYKYISGDLSYYNGEEASSANRALTDTQY,TSINN,IRSNERE,ATLDGTYKYI,SGDLS,YYNGEE,ASSANRALTDTQY,0
RAKFKQLL,SSYSPSYTSAATLVVVRPAGKSTMNHEYSMNVEVASSLFLAAQETQY,SSYSPS,YTSAATLV,VVRPAGKST,MNHEY,SMNVEV,ASSLFLAAQETQY,0
AVFDRKSDAK,SIFNTLYKAGELAGGGDGGSQGNLILNHDASQIVNDASSHRSGQPQH,SIFNT,LYKAGEL,AGGGDGGSQGNLI,LNHDA,SQIVND,ASSHRSGQPQH,0
KSKRTPMGF,TRDTTYYRNSFDEQNALSEDAGNMLTSGHATFQNNGVASSWGGGSHYGYT,TRDTTYY,RNSFDEQN,ALSEDAGNMLT,SGHAT,FQNNGV,ASSWGGGSHYGYT,0
GPRLGVRAT,TSESDYYQEAYKQQNADFGNEKLTDFQATTSNEGSKASAREWAWEETQY,TSESDYY,QEAYKQQN,ADFGNEKLT,DFQATT,SNEGSKA,SAREWAWEETQY,1
IVTDFSVIK,SIFNTLYKAGELAGHTGNQFYSGHNTYYREEEASSSTGGGEKDQPQH,SIFNT,LYKAGEL,AGHTGNQFY,SGHNT,YYREEE,ASSSTGGGEKDQPQH,1
RAKFKQLL,TRDTTYYRNSFDEQNALSEASGNAGNMLTMNHEYSMNVEVASSSPTSGDYEQY,TRDTTYY,RNSFDEQN,ALSEASGNAGNMLT,MNHEY,SMNVEV,ASSSPTSGDYEQY,0
NLVPMVATV,TSESDYYQEAYKQQNADFGNEKLTDFQATTSNEGSKASAREWAWEETQY,TSESDYY,QEAYKQQN,ADFGNEKLT,DFQATT,SNEGSKA,SAREWAWEETQY,0
KSKRTPMGF,DRGSQSIYSNGDAVNGASKIIMNHEYSMNVEVASGSGRLAEQY,DRGSQS,IYSNGD,AVNGASKII,MNHEY,SMNVEV,ASGSGRLAEQY,0
NLVPMVATV,SIFNTLYKAGELAGPTLINNYGQNFVSQVTMANQGSEASASAGTGGAGGTYEQY,SIFNT,LYKAGEL,AGPTLINNYGQNFV,SQVTM,ANQGSEA,SASAGTGGAGGTYEQY,0
GPRLGVRAT,DRGSQSIYSNGDAVNWEEQGGSYIPTKGHDRSFDVKDATSDRLAGGELF,DRGSQS,IYSNGD,AVNWEEQGGSYIPT,KGHDR,SFDVKD,ATSDRLAGGELF,0
ELAGIGILTV,SVFSSVVTGGEVAGGGFADYGGSQGNLILNHDASQIVNDASSLYSNQPQH,SVFSS,VVTGGEV,AGGGFADYGGSQGNLI,LNHDA,SQIVND,ASSLYSNQPQH,0
AVFDRKSDAK,TRDTTYYRNSFDEQNARDNAGNMLTMNHNYSVGAGIASSYSAWNEQF,TRDTTYY,RNSFDEQN,ARDNAGNMLT,MNHNY,SVGAGI,ASSYSAWNEQF,0
GILGFVFTL,NSASQSVYSSGVVNGKDSSYKLISNHLYFYNNEIASSGGAVAPSEQF,NSASQS,VYSSG,VVNGKDSSYKLI,SNHLY,FYNNEI,ASSGGAVAPSEQF,0
ELAGIGILTV,DRGSQSIYSNGDAVKDQFYLGHNAYSLEERASSQGTGEGYGYT,DRGSQS,IYSNGD,AVKDQFY,LGHNA,YSLEER,ASSQGTGEGYGYT,1
AVFDRKSDAK,DSSSTYIFSNMDMAESEGPTYTDKLIMGHRAYSYEKLASSLLWAEYNEQF,DSSSTY,IFSNMDM,AESEGPTYTDKLI,MGHRA,YSYEKL,ASSLLWAEYNEQF,0
RAKFKQLL,SIFNTLYKAGELAGLSGSARQLTFGSGHNSFNNNVPASSLFPGGNTGELFFG,SIFNT,LYKAGEL,AGLSGSARQLTFG,SGHNS,FNNNVP,ASSLFPGGNTGELFFG,0
GILGFVFTL,DSSSTYIFSNMDMADNAGNNRKLISGDLSYYNGEEASSVASNQPQH,DSSSTY,IFSNMDM,ADNAGNNRKLI,SGDLS,YYNGEE,ASSVASNQPQH,0
ATDALMTGF,TSGFNGNVLDGLAVRDGDYKLSSEHNRFQNEAQASSTGQAYNEKLF,TSGFNG,NVLDGL,AVRDGDYKLS,SEHNR,FQNEAQ,ASSTGQAYNEKLF,0
AVFDRKSDAK,VSGNPYYITGDNLVAVSYSGAGSYQLTSGDLSYYNGEEASSGGGLAYNEQF,VSGNPY,YITGDNLV,AVSYSGAGSYQLT,SGDLS,YYNGEE,ASSGGGLAYNEQF,0
YLQPRTFLL,TISGNEYGLKNNIVRVGTSGSARQLTLNHDASQIVNDASSISPSGFNGYT,TISGNEY,GLKNN,IVRVGTSGSARQLT,LNHDA,SQIVND,ASSISPSGFNGYT,0
GILGFVFTL,NSASQSVYSSGVVFNFNKFYKGHSHLQKENIASSPDGGHSTDTQY,NSASQS,VYSSG,VVFNFNKFY,KGHSH,LQKENI,ASSPDGGHSTDTQY,0
KLGGALQAK,ATGYPSATKADDKALYNTDKLILGHDTYNNKELASSPTSGSVYEQY,ATGYPS,ATKADDK,ALYNTDKLI,LGHDT,YNNKEL,ASSPTSGSVYEQY,0
RAKFKQLL,TTLSNLVKSGEVADPFSSNTGKLILNHDASQIVNDASSTFSSGRTEAF,TTLSN,LVKSGEV,ADPFSSNTGKLI,LNHDA,SQIVND,ASSTFSSGRTEAF,0
GILGFVFTL,SSVPPYYTSAATLVAVTFTGNTPLVLNHDASQIVNDASSTRSQETQY,SSVPPY,YTSAATLV,AVTFTGNTPLV,LNHDA,SQIVND,ASSTRSQETQY,1
CINGVCWTV,NSASQSVYSSGVVNTGFQKLVSGHRSYFSETQASSLDGGDSYEQY,NSASQS,VYSSG,VVNTGFQKLV,SGHRS,YFSETQ,ASSLDGGDSYEQY,0
RAKFKQLL,DRGSQSIYSNGDAASNSGYALNMNHEYSMNVEVASSSPSGSGTGELF,DRGSQS,IYSNGD,AASNSGYALN,MNHEY,SMNVEV,ASSSPSGSGTGELF,0
ELAGIGILTV,TSGFNGNVLDGLAVRDFPGRRALTDFQATTSNEGSKASARDRSSYNEQF,TSGFNG,NVLDGL,AVRDFPGRRALT,DFQATT,SNEGSKA,SARDRSSYNEQF,0
AVFDRKSDAK,SSVPPYYTSAATLVAVSETYSSASKIILGHNAYSLEERASSQGSSAAYGYT,SSVPPY,YTSAATLV,AVSETYSSASKII,LGHNA,YSLEER,ASSQGSSAAYGYT,0
IVTDFSVIK,DSASNYIRSNVGEAATETSYDKVISGHNTYYREEEASKRQGSLSYEQY,DSASNY,IRSNVGE,AATETSYDKVI,SGHNT,YYREEE,ASKRQGSLSYEQY,0
KLGGALQAK,YGATPYYFSGDTLVAVGAPSTSGTYKYIMGHRAYSYEKLASSPTEGGSSTYEQY,YGATPY,YFSGDTLV,AVGAPSTSGTYKYI,MGHRA,YSYEKL,ASSPTEGGSSTYEQY,0
KLGGALQAK,TRDTTYYRNSFDEQNALSEGEGGGTSYGKLTLNHNVYYDKDFATSRGGGGDTQY,TRDTTYY,RNSFDEQN,ALSEGEGGGTSYGKLT,LNHNV,YYDKDF,ATSRGGGGDTQY,1
ATDALMTGF,SVFSSVVTGGEVAGESNNNDMPLGHNAYSLEERASSQEHLGLVGEQF,SVFSS,VVTGGEV,AGESNNNDMP,LGHNA,YSLEER,ASSQEHLGLVGEQF,0
RAKFKQLL,ATGYPSATKADDKALSEAGPDKLISGHKSYYEKEEASRPGVGNQPQH,ATGYPS,ATKADDK,ALSEAGPDKLI,SGHKS,YYEKEE,ASRPGVGNQPQH,1
GILGFVFTL,SSNFYAMTLNGDEAFSSSNTGKLIMGHRAYSYEKLASSQDRFTDPYGYT,SSNFYA,MTLNGDE,AFSSSNTGKLI,MGHRA,YSYEKL,ASSQDRFTDPYGYT,0
GILGFVFTL,TSENNYYQEAYKQQNAFMINAGGTSYGKLTENHRYSYGVKDAISGAARDTQY,TSENNYY,QEAYKQQN,AFMINAGGTSYGKLT,ENHRY,SYGVKD,AISGAARDTQY,1
GILGFVFTL,TTSDRLLSNGAVAKGSQGNLILGHDTYNNKELASKLFGTANEQF,TTSDR,LLSNGAV,AKGSQGNLI,LGHDT,YNNKEL,ASKLFGTANEQF,0
AVFDRKSDAK,DRGSQSIYSNGDAVSGGADGLTMGHRAYSYEKLASSQDLAGGLKF,DRGSQS,IYSNGD,AVSGGADGLT,MGHRA,YSYEKL,ASSQDLAGGLKF,0
AVFDRKSDAK,TSGFNGNVLDGLASMDSNYQLIDFQATTSNEGSKASLRTGEGSPLH,TSGFNG,NVLDGL,ASMDSNYQLI,DFQATT,SNEGSKA,SLRTGEGSPLH,0
RPPIFIRRL,TRDTTYYRNSFDEQNALSEIGGGADGLTLNHDASQIVNDASSPEAGTVLEAF,TRDTTYY,RNSFDEQN,ALSEIGGGADGLT,LNHDA,SQIVND,ASSPEAGTVLEAF,0
CINGVCWTV,NIATNDYGYKTKLVNTNAGKSTLGHNAYNFKEQASSQEVGQRLLNTGELF,NIATNDY,GYKTK,LVNTNAGKST,LGHNA,YNFKEQ,ASSQEVGQRLLNTGELF,1
IVTDFSVIK,TSDPSYGQGSYDQQNAMREDNGARLMLNHDASQIVNDASSKFSINEQF,TSDPSYG,QGSYDQQN,AMREDNGARLM,LNHDA,SQIVND,ASSKFSINEQF,0
CINGVCWTV,DSASNYIRSNVGEAASETSYDKVISEHNRFQNEAQASSLLGQPNTEAF,DSASNY,IRSNVGE,AASETSYDKVI,SEHNR,FQNEAQ,ASSLLGQPNTEAF,0
GILGFVFTL,TRDTTYYRNSFDEQNALKLGNAGNMLTSGDLSYYNGEEASSVNPNPIRDRDNEKLF,TRDTTYY,RNSFDEQN,ALKLGNAGNMLT,SGDLS,YYNGEE,ASSVNPNPIRDRDNEKLF,0
NLVPMVATV,DSASNYIRSNVGEAARVRGFGNVLHSGDLSYYNGEEASSLSSGTYEQY,DSASNY,IRSNVGE,AARVRGFGNVLH,SGDLS,YYNGEE,ASSLSSGTYEQY,0
RPPIFIRRL,DRGSQSIYSNGDAVNSNFGNEKLTMNHEYSVGAGIASSSGVEAF,DRGSQS,IYSNGD,AVNSNFGNEKLT,MNHEY,SVGAGI,ASSSGVEAF,0
RAKFKQLL,TRDTTYYRNSFDEQNALSESGGNYQLILNHDASQIVNDASMSSGANVLT,TRDTTYY,RNSFDEQN,ALSESGGNYQLI,LNHDA,SQIVND,ASMSSGANVLT,0
IVTDFSVIK,NSASQSVYSSGVVNEKEGNMLTSQVTMANQGSEASVGEGLAYEQY,NSASQS,VYSSG,VVNEKEGNMLT,SQVTM,ANQGSEA,SVGEGLAYEQY,0
GILGFVFTL,SSVSVYYLSGSTLVAVSGYGGYNKLIMGHRAYSYEKLASSQEGPDRSGI,SSVSVY,YLSGSTLV,AVSGYGGYNKLI,MGHRA,YSYEKL,ASSQEGPDRSGI,0
GILGFVFTL,TSESDYYQEAYKQQNAYFSLYGGSQGNLISGDLSYYNGEEASRSHDSSTDTQY,TSESDYY,QEAYKQQN,AYFSLYGGSQGNLI,SGDLS,YYNGEE,ASRSHDSSTDTQY,0
GILGFVFTL,DSASNYIRSNVGEATVPSNTGKLILNHDASQIVNDASSMRSGANVLT,DSASNY,IRSNVGE,ATVPSNTGKLI,LNHDA,SQIVND,ASSMRSGANVLT,1
KLGGALQAK,DRGSQSIYSNGDAVNWEEQGGSYIPTPRHDTFYEKMQASSFPGSTGELF,DRGSQS,IYSNGD,AVNWEEQGGSYIPT,PRHDT,FYEKMQ,ASSFPGSTGELF,1
GLCTLVAML,DSVNNIPSGTAVDHLMNYGGSQGNLILNHDASQIVNDASSTYSQDTQY,DSVNN,IPSGT,AVDHLMNYGGSQGNLI,LNHDA,SQIVND,ASSTYSQDTQY,0
RAKFKQLL,YGGTVNYFSGDPLVAVNRNAGNMLTLNHDASQIVNDASSIRSSYEQY,YGGTVN,YFSGDPLV,AVNRNAGNMLT,LNHDA,SQIVND,ASSIRSSYEQY,0
CINGVCWTV,VSGNPYYITGDNLVAVNADSWGKLQSGHATFQDESVVTGQGDINEQF,VSGNPY,YITGDNLV,AVNADSWGKLQ,SGHAT,FQDESV,VTGQGDINEQF,0
AVFDRKSDAK,TRDTTYYRNSFDEQNALSEAKDEGSEKLVLNHDASQIVNDASSARSSYEQY,TRDTTYY,RNSFDEQN,ALSEAKDEGSEKLV,LNHDA,SQIVND,ASSARSSYEQY,0
RAKFKQLL,DSSSTYIFSNMDMAEINAGNMLTMDHENSYDVKMASSLGGFDMNTEAF,DSSSTY,IFSNMDM,AEINAGNMLT,MDHEN,SYDVKM,ASSLGGFDMNTEAF,0
LLWNGPMAV,TRDTTYYRNSFDEQNALSSPSAAGNKLTMNHEYSVGAGIASKGLAGGGSYNEQF,TRDTTYY,RNSFDEQN,ALSSPSAAGNKLT,MNHEY,SVGAGI,ASKGLAGGGSYNEQF,0
YLQPRTFLL,VSGNPYYITGDNLVAVRDREKAAGNKLTMNHNSSASEGTASSEFGNEQF,VSGNPY,YITGDNLV,AVRDREKAAGNKLT,MNHNS,SASEGT,ASSEFGNEQF,0
RAKFKQLL,DRGSQSIYSNGDAVEGRRLTGGGNKLTMNHNSSASEGTASRVGPEAF,DRGSQS,IYSNGD,AVEGRRLTGGGNKLT,MNHNS,SASEGT,ASRVGPEAF,0
IVTDFSVIK,DSASNYIRSNVGEAPWDFNKFYSGHTAFQGTGAASSLQGGTGELF,DSASNY,IRSNVGE,APWDFNKFY,SGHTA,FQGTGA,ASSLQGGTGELF,0
GILGFVFTL,NSASDYIRSNMDKADSGGGADGLTDFQATTSNEGSKASALWTDSYEQY,NSASDY,IRSNMDK,ADSGGGADGLT,DFQATT,SNEGSKA,SALWTDSYEQY,0
KLGGALQAK,DSASNYIRSNVGEAASIAGGYQKVTSEHNRFQNEAQASSLGQGVFYEQF,DSASNY,IRSNVGE,AASIAGGYQKVT,SEHNR,FQNEAQ,ASSLGQGVFYEQF,0
ELAGIGILTV,SIFNTLYKAGELAGHTGNQFYSGHVSFNYEAQASSRGPNYEQY,SIFNT,LYKAGEL,AGHTGNQFY,SGHVS,FNYEAQ,ASSRGPNYEQY,0
AVFDRKSDAK,DRGSQSIYSNGDAVTSVGNKLTMNHEYSMNVEVASSLSGTNGYT,DRGSQS,IYSNGD,AVTSVGNKLT,MNHEY,SMNVEV,ASSLSGTNGYT,0
GILGFVFTL,DSAIYNIQSSQREAGGNTNAGKSTSEHNRFQNEAQASSIFGQGNYGYT,DSAIYN,IQSSQRE,AGGNTNAGKST,SEHNR,FQNEAQ,ASSIFGQGNYGYT,0
GILGFVFTL,YGATPYYFSGDTLVAVGAPTTSGTYKYIMGHRAYSYEKLASSHASGQGDSYEQY,YGATPY,YFSGDTLV,AVGAPTTSGTYKYI,MGHRA,YSYEKL,ASSHASGQGDSYEQY,0
RFPLTFGWCF,YSGSPEHISRALVTFTGGGNKLTSGHNTYYREEEASSSTGGGEKDQPQH,YSGSPE,HISR,ALVTFTGGGNKLT,SGHNT,YYREEE,ASSSTGGGEKDQPQH,0
KLGGALQAK,TSGFNGNVLDGLAVRGLGGSQGNLISGHTSYDEGEEASSLVGEQF,TSGFNG,NVLDGL,AVRGLGGSQGNLI,SGHTS,YDEGEE,ASSLVGEQF,1
RAKFKQLL,DSAIYNIQSSQREAVPEMRRDDKIIMNHEYSMNVEVASSSLTSGGARYTQY,DSAIYN,IQSSQRE,AVPEMRRDDKII,MNHEY,SMNVEV,ASSSLTSGGARYTQY,0
RAKFKQLL,TSGFNGNVLDGLAVYSGGYQKVTSGDLSYYNGEEASSVDLGGETQY,TSGFNG,NVLDGL,AVYSGGYQKVT,SGDLS,YYNGEE,ASSVDLGGETQY,0
CINGVCWTV,TSGFNGNVLDGLAVIQAGNMLTLNHNVYYDKDFATSSLNPGTEAF,TSGFNG,NVLDGL,AVIQAGNMLT,LNHNV,YYDKDF,ATSSLNPGTEAF,1
KSKRTPMGF,TSINNIRSNEREARSRNKQGGIFFMNHEYSMNVEVASSLMGQGINQPQH,TSINN,IRSNERE,ARSRNKQGGIFF,MNHEY,SMNVEV,ASSLMGQGINQPQH,0
SPRWYFYYL,NIATNDYGYKTKLARQEDVNTGFQKLVMNHNSSASEGTASSEIMGDLYEQY,NIATNDY,GYKTK,LARQEDVNTGFQKLV,MNHNS,SASEGT,ASSEIMGDLYEQY,0
RLRAEAQVK,SSVSVYYLSGSTLVAVKIKAAGNKLTPRHDTFYEKMQASSSTGGKETQY,SSVSVY,YLSGSTLV,AVKIKAAGNKLT,PRHDT,FYEKMQ,ASSSTGGKETQY,0
ATDALMTGF,NIATNDYGYKTKLVGDMAGGFKTISGHNTYYREEEASSWTQGDEQY,NIATNDY,GYKTK,LVGDMAGGFKTI,SGHNT,YYREEE,ASSWTQGDEQY,0
GILGFVFTL,DSSSTYIFSNMDMAESLWDDKIISGHDYFNNNVPASRPSGGAETQY,DSSSTY,IFSNMDM,AESLWDDKII,SGHDY,FNNNVP,ASRPSGGAETQY,0
KLGGALQAK,DSASNYIRSNVGEAASEGAPDKLISGHDYFNNNVPASSLVAGASNQPQH,DSASNY,IRSNVGE,AASEGAPDKLI,SGHDY,FNNNVP,ASSLVAGASNQPQH,0
KLGGALQAK,DRGSQSIYSNGDAVNKVTSGGSNYKLTSGHNSFNNNVPASSFLDRGPNTEAF,DRGSQS,IYSNGD,AVNKVTSGGSNYKLT,SGHNS,FNNNVP,ASSFLDRGPNTEAF,0
IVTDFSVIK,YGATPYYFSGDTLVAVGPFSGGYNKLIMNHEYSVGEGTASLPVAGGYNEQF,YGATPY,YFSGDTLV,AVGPFSGGYNKLI,MNHEY,SVGEGT,ASLPVAGGYNEQF,1
RAKFKQLL,SIFNTLYKAGELAGQLWTGTASKLTSGHNTYYREEEASSLGRGIYEQY,SIFNT,LYKAGEL,AGQLWTGTASKLT,SGHNT,YYREEE,ASSLGRGIYEQY,0
GLCTLVAML,SSVPPYYTSAATLVAVTFTGNTPLVLNHDASQIVNDASSTRSQETQY,SSVPPY,YTSAATLV,AVTFTGNTPLV,LNHDA,SQIVND,ASSTRSQETQY,0
RAKFKQLL,NSASDYIRSNMDKADSGGGADGLTDFQATTSNEGSKASALWTDSYEQY,NSASDY,IRSNMDK,ADSGGGADGLT,DFQATT,SNEGSKA,SALWTDSYEQY,1
RAKFKQLL,DSASNYIRSNVGEAAKEGYSTLTMGHRAYSYEKLASSLLWAEYNEQF,DSASNY,IRSNVGE,AAKEGYSTLT,MGHRA,YSYEKL,ASSLLWAEYNEQF,1
IVTDFSVIK,DRGSQSIYSNGDAVGIGFGNVLHMNHEYSMNVEVASSFGQGLSEQF,DRGSQS,IYSNGD,AVGIGFGNVLH,MNHEY,SMNVEV,ASSFGQGLSEQF,0
KLGGALQAK,VSPFSNMTFSENTVVSSYSSASKIIKGHDRSFDVKDATSDLPGKAGYT,VSPFSN,MTFSENT,VVSSYSSASKII,KGHDR,SFDVKD,ATSDLPGKAGYT,0
KLGGALQAK,DRGSQSIYSNGDAVEVAGKSTLGHNAYNFKEQASSQEAGPSSYEQY,DRGSQS,IYSNGD,AVEVAGKST,LGHNA,YNFKEQ,ASSQEAGPSSYEQY,0
RLRAEAQVK,TRDTTYYRNSFDEQNALKHNNARLMSGHVSFNYEAQASSPLAGVSDTQY,TRDTTYY,RNSFDEQN,ALKHNNARLM,SGHVS,FNYEAQ,ASSPLAGVSDTQY,0
CINGVCWTV,VSGLRGLYSAGEEAVPPKANNLFSGHNSFNNNVPASTPGRSDTGELF,VSGLRG,LYSAGEE,AVPPKANNLF,SGHNS,FNNNVP,ASTPGRSDTGELF,0
AVFDRKSDAK,TSENNYYQEAYKQQNAFMTHTGTASKLTLNHDASQIVNDASSIGPTDTQY,TSENNYY,QEAYKQQN,AFMTHTGTASKLT,LNHDA,SQIVND,ASSIGPTDTQY,1
LLWNGPMAV,TRDTTYYRNSFDEQNALKLGNAGNMLTSGDLSYYNGEEASSVNPNPIRDRDNEKLF,TRDTTYY,RNSFDEQN,ALKLGNAGNMLT,SGDLS,YYNGEE,ASSVNPNPIRDRDNEKLF,0
LLWNGPMAV,DSASNYIRSNVGEAASGPGDDKIIMNHEYSMNVEVASSPHFQVDTGELF,DSASNY,IRSNVGE,AASGPGDDKII,MNHEY,SMNVEV,ASSPHFQVDTGELF,0
KLGGALQAK,TSGFNGNVLDGLAVETGGFKTILGHNAYSLEERASSQEPSGMVSRDNEQF,TSGFNG,NVLDGL,AVETGGFKTI,LGHNA,YSLEER,ASSQEPSGMVSRDNEQF,0
GILGFVFTL,SIFNTLYKAGELAGLETSGTYKYISGHNTYYREEEASSYKPGQRDYT,SIFNT,LYKAGEL,AGLETSGTYKYI,SGHNT,YYREEE,ASSYKPGQRDYT,0
RAKFKQLL,ATGYPSATKADDKALSTTSGTYKYIMNHEYSMNVEVASSPLAGGEEKKETQY,ATGYPS,ATKADDK,ALSTTSGTYKYI,MNHEY,SMNVEV,ASSPLAGGEEKKETQY,0
GILGFVFTL,DRGSQSIYSNGDAVSSTDKLIDFQATTSNEGSKASAPLAGGPNEQF,DRGSQS,IYSNGD,AVSSTDKLI,DFQATT,SNEGSKA,SAPLAGGPNEQF,0
RAKFKQLL,SSNFYAMTLNGDEASAGSGNTGKLILNHDASQIVNDASSTRSGTEAF,SSNFYA,MTLNGDE,ASAGSGNTGKLI,LNHDA,SQIVND,ASSTRSGTEAF,0
GLCTLVAML,SVFSSVVTGGEVAGCHGSGNTGKLILNHDASQIVNDASSSRSAYEQY,SVFSS,VVTGGEV,AGCHGSGNTGKLI,LNHDA,SQIVND,ASSSRSAYEQY,0
IVTDFSVIK,TISGTDYGLTSNIVMDSNYQLILNHNVYYDKDFATSRDARVTEAF,TISGTDY,GLTSN,IVMDSNYQLI,LNHNV,YYDKDF,ATSRDARVTEAF,0
AVFDRKSDAK,TSGFNGNVLDGLAVNRDNARLMMGHRAYSYEKLASSAGVDNNEQF,TSGFNG,NVLDGL,AVNRDNARLM,MGHRA,YSYEKL,ASSAGVDNNEQF,1
RAKFKQLL,TISGNEYGLKNNIVRETSYDKVISGHDYFNNNVPASSSTQGPGELF,TISGNEY,GLKNN,IVRETSYDKVI,SGHDY,FNNNVP,ASSSTQGPGELF,1
KLGGALQAK,SSYSPSYTSAATLVVVSDRNFNKFYENHRYSYGVKDAISESNGADTQY,SSYSPS,YTSAATLV,VVSDRNFNKFY,ENHRY,SYGVKD,AISESNGADTQY,0
GPRLGVRAT,DSSSTYIFSNMDMAEGGNTGKLISGHDTYYEEEEASSWNRDRYNTEAF,DSSSTY,IFSNMDM,AEGGNTGKLI,SGHDT,YYEEEE,ASSWNRDRYNTEAF,0
CINGVCWTV,TRDTTYYRNSFDEQNALRPDSNYQLILGHNAYSLEERASSPGEGLKTEAF,TRDTTYY,RNSFDEQN,ALRPDSNYQLI,LGHNA,YSLEER,ASSPGEGLKTEAF,0
RLPGVLPRA,TSENNYYQEAYKQQNAFMLGAGGTSYGKLTSGHVSFNYEAQASSFLTGNTEAF,TSENNYY,QEAYKQQN,AFMLGAGGTSYGKLT,SGHVS,FNYEAQ,ASSFLTGNTEAF,0
RAKFKQLL,NSAFQYTYSSGNASYNQGGKLILNHDASQIVNDASSIRSSYEQY,NSAFQY,TYSSGN,ASYNQGGKLI,LNHDA,SQIVND,ASSIRSSYEQY,0
RAKFKQLL,SVFSSVVTGGEVAGAGGGSQGNLILNHDASQIVNDASSIYGGAGDGYT,SVFSS,VVTGGEV,AGAGGGSQGNLI,LNHDA,SQIVND,ASSIYGGAGDGYT,0
GLCTLVAML,TRDTTYYRNSFDEQNALSEDSSASKIIMDHENSYDVKMASEPGQGPGGWSYEQY,TRDTTYY,RNSFDEQN,ALSEDSSASKII,MDHEN,SYDVKM,ASEPGQGPGGWSYEQY,0
IVTDFSVIK,DSSSTYIFSNMDMAEMEGGSYIPTLNHDASQIVNDASSIRSSYEQY,DSSSTY,IFSNMDM,AEMEGGSYIPT,LNHDA,SQIVND,ASSIRSSYEQY,0
ATDALMTGF,SSVPPYYTSAATLVAVSERLWDDKIILGHNTFRNRAPASGLDSSSGNTIY,SSVPPY,YTSAATLV,AVSERLWDDKII,LGHNT,FRNRAP,ASGLDSSSGNTIY,0
CINGVCWTV,DRGSQSIYSNGDAVTTDKLISGDLSYYNGEEASSVAGGAYEQY,DRGSQS,IYSNGD,AVTTDKLI,SGDLS,YYNGEE,ASSVAGGAYEQY,0
LLWNGPMAV,DRGSQSIYSNGDAVTGYALNLNHDASQIVNDASRPGQGYEQY,DRGSQS,IYSNGD,AVTGYALN,LNHDA,SQIVND,ASRPGQGYEQY,1
NLVPMVATV,NSASDYIRSNMDKADPTDSWGKLQSGHDNFVKESKASSLIGLAEQF,NSASDY,IRSNMDK,ADPTDSWGKLQ,SGHDN,FVKESK,ASSLIGLAEQF,0
RAKFKQLL,DSASNYIRSNVGEAVNNAGGTSYGKLTLGHNAYSLEERASSLDAFSGNTIY,DSASNY,IRSNVGE,AVNNAGGTSYGKLT,LGHNA,YSLEER,ASSLDAFSGNTIY,0
SPRWYFYYL,SVFSSVVTGGEVAGGYQKVTMNHEYSVGEGTASAALAAYNEQF,SVFSS,VVTGGEV,AGGYQKVT,MNHEY,SVGEGT,ASAALAAYNEQF,1
ELAGIGILTV,DRGSQSIYSNGDAVINYQLISEHNRFQNEAQASSLDRDASYNEQF,DRGSQS,IYSNGD,AVINYQLI,SEHNR,FQNEAQ,ASSLDRDASYNEQF,1
GILGFVFTL,DSSSTYIFSNMDMAEINAGNMLTMDHENSYDVKMASSLGGFDMNTEAF,DSSSTY,IFSNMDM,AEINAGNMLT,MDHEN,SYDVKM,ASSLGGFDMNTEAF,0
AVFDRKSDAK,KALYSLLKGGEQGTGRGGSYIPTLNHDASQIVNDASREGHLEGQPQH,KALYS,LLKGGEQ,GTGRGGSYIPT,LNHDA,SQIVND,ASREGHLEGQPQH,0
IVTDFSVIK,DRGSQSIYSNGDAVTNYGGSQGNLIKGHDRSFDVKDATRRPGQQETQY,DRGSQS,IYSNGD,AVTNYGGSQGNLI,KGHDR,SFDVKD,ATRRPGQQETQY,0
YLQPRTFLL,DSASNYIRSNVGEAASETSYDKVISEHNRFQNEAQASSLLGQPNTEAF,DSASNY,IRSNVGE,AASETSYDKVI,SEHNR,FQNEAQ,ASSLLGQPNTEAF,0
GPRLGVRAT,TISGTDYGLTSNILNRDDKIIDFQATTSNEGSKASALYPLAGPGNEQF,TISGTDY,GLTSN,ILNRDDKII,DFQATT,SNEGSKA,SALYPLAGPGNEQF,0
DATYQRTRALVR,TRDTTYYRNSFDEQNALSEDAGNMLTSGHATFQNNGVASSWGGGSHYGYT,TRDTTYY,RNSFDEQN,ALSEDAGNMLT,SGHAT,FQNNGV,ASSWGGGSHYGYT,0
ELAGIGILTV,TISGNEYGLKNNITGGGADGLTLNHNVYYDKDFATSRDRLGRGKGTEAF,TISGNEY,GLKNN,ITGGGADGLT,LNHNV,YYDKDF,ATSRDRLGRGKGTEAF,0
RAKFKQLL,DSSSTYIFSNMDMAEKLAGTALISGHRSYFSETQASSHTSGNGDTQY,DSSSTY,IFSNMDM,AEKLAGTALI,SGHRS,YFSETQ,ASSHTSGNGDTQY,0
CTELKLSDY,DSVNNIPSGTAVDHLMNYGGSQGNLILNHDASQIVNDASSTYSQDTQY,DSVNN,IPSGT,AVDHLMNYGGSQGNLI,LNHDA,SQIVND,ASSTYSQDTQY,0
KLGGALQAK,NSASDYIRSNMDKAEPSSASKIISGDLSYYNGEEASSEENTGELF,NSASDY,IRSNMDK,AEPSSASKII,SGDLS,YYNGEE,ASSEENTGELF,0
GILGFVFTL,DRGSQSIYSNGDAVNTDSGNTPLVSGHATFQNNGVASSLTQGGYTDTQY,DRGSQS,IYSNGD,AVNTDSGNTPLV,SGHAT,FQNNGV,ASSLTQGGYTDTQY,0
GILGFVFTL,YGGTVNYFSGDPLVAVTGGFKTISGHATFQNNGVASSLYNEQF,YGGTVN,YFSGDPLV,AVTGGFKTI,SGHAT,FQNNGV,ASSLYNEQF,0
KLGGALQAK,TSESDYYQEAYKQQNAYRTPYGGSQGNLIDFQATTSNEGSKASARPRESSNQPQH,TSESDYY,QEAYKQQN,AYRTPYGGSQGNLI,DFQATT,SNEGSKA,SARPRESSNQPQH,0
GILGFVFTL,DSSSTYIFSNMDMAESQGNLISGHDNFVKESKASSQSPGGEQF,DSSSTY,IFSNMDM,AESQGNLI,SGHDN,FVKESK,ASSQSPGGEQF,0
KLGGALQAK,TSINNIRSNEREATDVNNDMRLNHDASQIVNDASSIDPPYEQY,TSINN,IRSNERE,ATDVNNDMR,LNHDA,SQIVND,ASSIDPPYEQY,1
GLCTLVAML,NSASQSVYSSGVVGDNNDMRSQVTMANQGSEASVEGVGTSIGEQF,NSASQS,VYSSG,VVGDNNDMR,SQVTM,ANQGSEA,SVEGVGTSIGEQF,0
AVFDRKSDAK,NIATNDYGYKTKLVGVRRSNDYKLSLGHDTYNNKELASSQEAGFWGEQY,NIATNDY,GYKTK,LVGVRRSNDYKLS,LGHDT,YNNKEL,ASSQEAGFWGEQY,0
ELAGIGILTV,DSAIYNIQSSQREAVGGRTSYDKVIMNHEYSMNVEVASSFSQATEAF,DSAIYN,IQSSQRE,AVGGRTSYDKVI,MNHEY,SMNVEV,ASSFSQATEAF,0
KLGGALQAK,YSGSPEHISRALNPLIQGAQKLVLNHDASQIVNDASSLRASGAQY,YSGSPE,HISR,ALNPLIQGAQKLV,LNHDA,SQIVND,ASSLRASGAQY,0
GILGFVFTL,DSAIYNIQSSQREAVNYGGSQGNLISGHATFQNNGVASRLLGQLETQY,DSAIYN,IQSSQRE,AVNYGGSQGNLI,SGHAT,FQNNGV,ASRLLGQLETQY,0
KSKRTPMGF,NSASDYIRSNMDKAETPSTDSWGKSQLNHDASQIVNDASSMQTSGSAYNEQF,NSASDY,IRSNMDK,AETPSTDSWGKSQ,LNHDA,SQIVND,ASSMQTSGSAYNEQF,1
RAKFKQLL,SIFNTLYKAGELAGQLAGGSQGNLILNHDASQIVNDASSISSINEQF,SIFNT,LYKAGEL,AGQLAGGSQGNLI,LNHDA,SQIVND,ASSISSINEQF,0
KLGGALQAK,DRGSQSIYSNGDAVNTDSWGKLQSGHKSYYEKEEASSGPGGVDEQY,DRGSQS,IYSNGD,AVNTDSWGKLQ,SGHKS,YYEKEE,ASSGPGGVDEQY,0
NLVPMVATV,TTSDRLLSNGAVAVAILTGGGNKLTLGHNAYNFKEQASKPGQGGYEQY,TTSDR,LLSNGAV,AVAILTGGGNKLT,LGHNA,YNFKEQ,ASKPGQGGYEQY,0
GPRLGVRAT,TTLSNLVKSGEVAGFPPGKLISGHNSFNNNVPASSPVAGVRDEQF,TTLSN,LVKSGEV,AGFPPGKLI,SGHNS,FNNNVP,ASSPVAGVRDEQF,1
KLGGALQAK,SVFSSVVTGGEVAGADQGGKLISGHTAFQGTGAASSWVVPPNEQF,SVFSS,VVTGGEV,AGADQGGKLI,SGHTA,FQGTGA,ASSWVVPPNEQF,0
AVFDRKSDAK,VGISALSSGKAVKGSYSGGGADGLTSGHTAFQGNSAASSLRSGTGELF,VGISA,LSSGK,AVKGSYSGGGADGLT,SGHTA,FQGNSA,ASSLRSGTGELF,0
IVTDFSVIK,DSAIYNIQSSQREAVVGSDYKLSMNHEYSMNVEVASSSGTPLNGYT,DSAIYN,IQSSQRE,AVVGSDYKLS,MNHEY,SMNVEV,ASSSGTPLNGYT,0
GILGFVFTL,DSASNYIRSNVGEAAAETSYDKVISGHNSFNNNVPASSNSGANVLT,DSASNY,IRSNVGE,AAAETSYDKVI,SGHNS,FNNNVP,ASSNSGANVLT,0
IVTDFSVIK,YGATPYYFSGDTLVAVDYAGEGGGADGLTMNHEYSMNVEVASSLGPVNTEAF,YGATPY,YFSGDTLV,AVDYAGEGGGADGLT,MNHEY,SMNVEV,ASSLGPVNTEAF,0
RAKFKQLL,NSASDYIRSNMDKAENETGANNLFLGHDTYNNKELASSPGVNQPQH,NSASDY,IRSNMDK,AENETGANNLF,LGHDT,YNNKEL,ASSPGVNQPQH,0
GILGFVFTL,DRGSQSIYSNGDAVKDTGRRALTDFQATTSNEGSKASARDRSRQGADGYT,DRGSQS,IYSNGD,AVKDTGRRALT,DFQATT,SNEGSKA,SARDRSRQGADGYT,0
KLGGALQAK,DSVNNIPSGTAVEVAGANSKLTENHRYSYGVKDAISGRINNSPLH,DSVNN,IPSGT,AVEVAGANSKLT,ENHRY,SYGVKD,AISGRINNSPLH,0
NLVPMVATV,YGATPYYFSGDTLVAVTRDDKIILNHDASQIVNDASSIYSNQPQH,YGATPY,YFSGDTLV,AVTRDDKII,LNHDA,SQIVND,ASSIYSNQPQH,0
GILGFVFTL,TSGFNGNVLDGLALDNYGQNFVSGHATFQNNGVASSLDPGRGQETQY,TSGFNG,NVLDGL,ALDNYGQNFV,SGHAT,FQNNGV,ASSLDPGRGQETQY,0
KLGGALQAK,SVFSSVVTGGEVAGARSGSQGNLILNHDASQIVNDASSVRSSYEQY,SVFSS,VVTGGEV,AGARSGSQGNLI,LNHDA,SQIVND,ASSVRSSYEQY,0
KLGGALQAK,VSGLRGLYSAGEEAADSGSARQLTLGHDTYNNKELASSRDRGNTEAF,VSGLRG,LYSAGEE,AADSGSARQLT,LGHDT,YNNKEL,ASSRDRGNTEAF,1
RAKFKQLL,KALYSLLKGGEQGTAMGGGSQGNLILNHDASQIVNDASSMRSTDTQY,KALYS,LLKGGEQ,GTAMGGGSQGNLI,LNHDA,SQIVND,ASSMRSTDTQY,0
KLGGALQAK,TRDTTYYRNSFDEQNALSEIGNAGGTSYGKLTSGDLSYYNGEEASSVGQVFYSGT,TRDTTYY,RNSFDEQN,ALSEIGNAGGTSYGKLT,SGDLS,YYNGEE,ASSVGQVFYSGT,0
FEDLRLLSF,DSAIYNIQSSQREATLNAGGTSYGKLTKGHDRSFDVKDATSDLRDRGYEQY,DSAIYN,IQSSQRE,ATLNAGGTSYGKLT,KGHDR,SFDVKD,ATSDLRDRGYEQY,0
IVTDFSVIK,YSGSPEHISRALSGGSNYKLTLNHDASQIVNDASSIRSSYEQY,YSGSPE,HISR,ALSGGSNYKLT,LNHDA,SQIVND,ASSIRSSYEQY,0
RLPGVLPRA,TTLSNLVKSGEVAGRRGAGKSTSGHDTYYEEEEASSAYAGLAGVRETQY,TTLSN,LVKSGEV,AGRRGAGKST,SGHDT,YYEEEE,ASSAYAGLAGVRETQY,0
KLGGALQAK,DRGSQSIYSNGDAVNADYGGATNKLIMNHEYSMNVEVASSPPQFTEAF,DRGSQS,IYSNGD,AVNADYGGATNKLI,MNHEY,SMNVEV,ASSPPQFTEAF,0
NLVPMVATV,VSGNPYYITGDNLVAVRGTNARLMSGHNSFNNNVPASSVVTEAF,VSGNPY,YITGDNLV,AVRGTNARLM,SGHNS,FNNNVP,ASSVVTEAF,1
KLGGALQAK,SSVSVYYLSGSTLVAVIVNQAGTALIDFQATTSNEGSKASALLLGSNEQF,SSVSVY,YLSGSTLV,AVIVNQAGTALI,DFQATT,SNEGSKA,SALLLGSNEQF,0
KLGGALQAK,SVFSSVVTGGEVAGDGGGGSQGNLILNHDASQIVNDASSFGSTDTQY,SVFSS,VVTGGEV,AGDGGGGSQGNLI,LNHDA,SQIVND,ASSFGSTDTQY,0
CTELKLSDY,DSASNYIRSNVGEAAMETSYDKVIKGHSHLQKENIASSPRKDSTGELF,DSASNY,IRSNVGE,AAMETSYDKVI,KGHSH,LQKENI,ASSPRKDSTGELF,0
KLGGALQAK,NSASDYIRSNMDKALLMDSNYQLILNHDASQIVNDASGVRSGEVEQF,NSASDY,IRSNMDK,ALLMDSNYQLI,LNHDA,SQIVND,ASGVRSGEVEQF,0
IVTDFSVIK,SVFSSVVTGGEVAGDDQGGKLILNHDASHIVNDASSIRSSYEQY,SVFSS,VVTGGEV,AGDDQGGKLI,LNHDA,SHIVND,ASSIRSSYEQY,0
RAKFKQLL,DRGSQSIYSNGDAVNIRGPFMEYGNKLVLNHDASQIVNDASSMLVANYGYT,DRGSQS,IYSNGD,AVNIRGPFMEYGNKLV,LNHDA,SQIVND,ASSMLVANYGYT,0
KLGGALQAK,YSGSPEHISRALRYGNNRLASEHNRFQNEAQASGAGELF,YSGSPE,HISR,ALRYGNNRLA,SEHNR,FQNEAQ,ASGAGELF,1
CINGVCWTV,VSGNPYYITGDNLVTSRVTDYKLSSEHNRFQNEAQASSPDRESNTGELF,VSGNPY,YITGDNLV,TSRVTDYKLS,SEHNR,FQNEAQ,ASSPDRESNTGELF,0
ELAGIGILTV,DRGSQSIYSNGDAVPYSGGGADGLTKGHDRSFDVKDATSDFPPGVRGAPQETQY,DRGSQS,IYSNGD,AVPYSGGGADGLT,KGHDR,SFDVKD,ATSDFPPGVRGAPQETQY,0
NLVPMVATV,TSINNIRSNEREATDDQGAQKLVSGDLSYYNGEEASSVGGVPYNEQF,TSINN,IRSNERE,ATDDQGAQKLV,SGDLS,YYNGEE,ASSVGGVPYNEQF,0
GILGFVFTL,VSGNPYYITGDNLVAVRDEAGGSYIPTSGHRSYFSETQASSFGQGTGTEAF,VSGNPY,YITGDNLV,AVRDEAGGSYIPT,SGHRS,YFSETQ,ASSFGQGTGTEAF,0
AVFDRKSDAK,DSAIYNIQSSQREDRGRGTSYDKVIMNHEYSVGEGTASTLGEGSEAF,DSAIYN,IQSSQRE,DRGRGTSYDKVI,MNHEY,SVGEGT,ASTLGEGSEAF,0
KLGGALQAK,DRGSQSIYSNGDAVRTYKYILGHNAYNFKEQASSQEEGPSNQPQH,DRGSQS,IYSNGD,AVRTYKYI,LGHNA,YNFKEQ,ASSQEEGPSNQPQH,0
ELAGIGILTV,NSAFQYTYSSGNAMPGGATNKLISGHNSFNNNVPASSFLDRGPNTEAF,NSAFQY,TYSSGN,AMPGGATNKLI,SGHNS,FNNNVP,ASSFLDRGPNTEAF,0
NLVPMVATV,DSSSTYIFSNMDMAEIPNYGGSQGNLIMDHENSYDVKMASSFQGYTEAF,DSSSTY,IFSNMDM,AEIPNYGGSQGNLI,MDHEN,SYDVKM,ASSFQGYTEAF,1
GILGFVFTL,TSESDYYQEAYKQQNAHPNSNSGYALNSEHNRFQNEAQASSLAVIDRYNEQF,TSESDYY,QEAYKQQN,AHPNSNSGYALN,SEHNR,FQNEAQ,ASSLAVIDRYNEQF,0
KLGGALQAK,SSYSPSYTSAATLVVVSAGSIVSGGYNKLIENHRYSYGVKDAIRDKMNTEAF,SSYSPS,YTSAATLV,VVSAGSIVSGGYNKLI,ENHRY,SYGVKD,AIRDKMNTEAF,0
KLGGALQAK,TTSDRLLSNGAVAVDRLDTDKLIMGHRAYSYEKLASSQQETYEQY,TTSDR,LLSNGAV,AVDRLDTDKLI,MGHRA,YSYEKL,ASSQQETYEQY,0
KLGGALQAK,DSAIYNIQSSQREAVRFLRGTSGSRLTSEHNRFQNEAQASSETGQGSSTDTQY,DSAIYN,IQSSQRE,AVRFLRGTSGSRLT,SEHNR,FQNEAQ,ASSETGQGSSTDTQY,1
GILGFVFTL,DSSSTYIFSNMDMAESGGSQGNLISGHTAFQGNSAASSLRTQGTGELF,DSSSTY,IFSNMDM,AESGGSQGNLI,SGHTA,FQGNSA,ASSLRTQGTGELF,0
RAKFKQLL,TSGFNGNVLDGLAVNRDNARLMSGHNSFNNNVPASRKQGSDTGELF,TSGFNG,NVLDGL,AVNRDNARLM,SGHNS,FNNNVP,ASRKQGSDTGELF,1
GILGFVFTL,DSASNYIRSNVGEAATRNFGNEKLTSGHDTYYEEEEASSSLFPLGANVLT,DSASNY,IRSNVGE,AATRNFGNEKLT,SGHDT,YYEEEE,ASSSLFPLGANVLT,0
RAKFKQLL,SSYSPSYTSAATLVVVSAGSIVSGGYNKLIENHRYSYGVKDAIRDKMNTEAF,SSYSPS,YTSAATLV,VVSAGSIVSGGYNKLI,ENHRY,SYGVKD,AIRDKMNTEAF,0
AVFDRKSDAK,DRGSQSIYSNGDAVRDNQGGKLISGHDTYYEEEEASSTRDRQGLPYEQY,DRGSQS,IYSNGD,AVRDNQGGKLI,SGHDT,YYEEEE,ASSTRDRQGLPYEQY,0
RAKFKQLL,DSAIYNIQSSQREAVMSMDSSYKLISGHVSFQNEAQASSLGTGLEDQPQH,DSAIYN,IQSSQRE,AVMSMDSSYKLI,SGHVS,FQNEAQ,ASSLGTGLEDQPQH,0
GILGFVFTL,DRGSQSIYSNGDAVNTPPFYLNHDASQIVNDASSIRSSYEQY,DRGSQS,IYSNGD,AVNTPPFY,LNHDA,SQIVND,ASSIRSSYEQY,0
AVFDRKSDAK,NSASQSVYSSGVVFNFNKFYKGHSHLQKENIASSPDGGHSTDTQY,NSASQS,VYSSG,VVFNFNKFY,KGHSH,LQKENI,ASSPDGGHSTDTQY,0
NLVPMVATV,SSVSVYYLSGSTLVAVSDKLVGAAGNKLTMGHRAYSYEKLASSQHGGDYEQY,SSVSVY,YLSGSTLV,AVSDKLVGAAGNKLT,MGHRA,YSYEKL,ASSQHGGDYEQY,0
RAKFKQLL,NSASDYIRSNMDKAETWNNFNKFYSGHDTYYEEEEASSLGPITGLPYNEQF,NSASDY,IRSNMDK,AETWNNFNKFY,SGHDT,YYEEEE,ASSLGPITGLPYNEQF,0
AVFDRKSDAK,DRGSQSIYSNGDAVNWEEQGGSYIPTDFQATTSNEGSKASAPARSEPYEQY,DRGSQS,IYSNGD,AVNWEEQGGSYIPT,DFQATT,SNEGSKA,SAPARSEPYEQY,0
AVFDRKSDAK,NSASQSVYSSGVVNMDTGRRALTSGDLSYYNGEEASSPRPDKEAF,NSASQS,VYSSG,VVNMDTGRRALT,SGDLS,YYNGEE,ASSPRPDKEAF,0
GPRLGVRAT,VSGNPYYITGDNLVAVRDREKAAGNKLTMNHNSSASEGTASSEFGNEQF,VSGNPY,YITGDNLV,AVRDREKAAGNKLT,MNHNS,SASEGT,ASSEFGNEQF,0
AVFDRKSDAK,DSASNYIRSNVGEAATASRAGTALISGHRSYFSETQASSLEGQGGTDTQY,DSASNY,IRSNVGE,AATASRAGTALI,SGHRS,YFSETQ,ASSLEGQGGTDTQY,0
KLGGALQAK,KALYSLLKGGEQGTSGAGSYQLTLNHDASQIVNDASSQRSTDTQY,KALYS,LLKGGEQ,GTSGAGSYQLT,LNHDA,SQIVND,ASSQRSTDTQY,0
DATYQRTRALVR,DRGSQSIYSNGDALTPRDDMRSGHATFQNNGVASSLGVAGTNTGELF,DRGSQS,IYSNGD,ALTPRDDMR,SGHAT,FQNNGV,ASSLGVAGTNTGELF,0
RAKFKQLL,TRDTTYYRNSFDEQNALSVIKAAGNKLTSGHVSFQNEAQASSPLPRLAGEETQY,TRDTTYY,RNSFDEQN,ALSVIKAAGNKLT,SGHVS,FQNEAQ,ASSPLPRLAGEETQY,0
NLVPMVATV,TTLSNLVKSGEVAVTYGGSQGNLILNHDASQIVNDASSIRSTGEL,TTLSN,LVKSGEV,AVTYGGSQGNLI,LNHDA,SQIVND,ASSIRSTGEL,0
RAKFKQLL,DRGSQSIYSNGDAVTARLMMGHRAYSYEKLASRAEDSGVHEQF,DRGSQS,IYSNGD,AVTARLM,MGHRA,YSYEKL,ASRAEDSGVHEQF,0
GILGFVFTL,TSENNYYQEAYKQQNAFMTNAGGTSYGKLTPRHDTFYEKMQASSLMRGGTYNSPLH,TSENNYY,QEAYKQQN,AFMTNAGGTSYGKLT,PRHDT,FYEKMQ,ASSLMRGGTYNSPLH,1
KLGGALQAK,TSGFNGNVLDGLAAMDSNYQLIDFQATTSNEGSKASARGLAGYNEQF,TSGFNG,NVLDGL,AAMDSNYQLI,DFQATT,SNEGSKA,SARGLAGYNEQF,0
RPPIFIRRL,SSNFYAMTLNGDEAFSSSNTGKLIMGHRAYSYEKLASSQDRFTDPYGYT,SSNFYA,MTLNGDE,AFSSSNTGKLI,MGHRA,YSYEKL,ASSQDRFTDPYGYT,1
GILGFVFTL,DSVNNIPSGTAPETSGSRLTSQVTMANQGSEASVSGGETEAF,DSVNN,IPSGT,APETSGSRLT,SQVTM,ANQGSEA,SVSGGETEAF,0
NLVPMVATV,DSASNYIRSNVGEAAAETSYDKVISGHNSFNNNVPASSNSGANVLT,DSASNY,IRSNVGE,AAAETSYDKVI,SGHNS,FNNNVP,ASSNSGANVLT,0
RAKFKQLL,SSVSVYYLSGSTLVAGGGYGKLTMNHEYSMNVEVASRGGGQGGSYGYT,SSVSVY,YLSGSTLV,AGGGYGKLT,MNHEY,SMNVEV,ASRGGGQGGSYGYT,0
CINGVCWTV,TSENNYYQEAYKQQNAFMEYGNKLVPRHDTFYEKMQASSFLGVTYGYT,TSENNYY,QEAYKQQN,AFMEYGNKLV,PRHDT,FYEKMQ,ASSFLGVTYGYT,1
LLWNGPMAV,NSMFDYISSIKDKAASDGAGGTSYGKLTSGHTSYDEGEEASSLWTGSHEQY,NSMFDY,ISSIKDK,AASDGAGGTSYGKLT,SGHTS,YDEGEE,ASSLWTGSHEQY,0
KLGGALQAK,SVFSSVVTGGEVAGQAPSGSARQLTKGHDRSFDVKDATSDRLAGGELF,SVFSS,VVTGGEV,AGQAPSGSARQLT,KGHDR,SFDVKD,ATSDRLAGGELF,1
NLVPMVATV,YGATPYYFSGDTLVAVGFNNNDMRWNHNNSYGVQDASSESRLDGYT,YGATPY,YFSGDTLV,AVGFNNNDMR,WNHNN,SYGVQD,ASSESRLDGYT,0
KSKRTPMGF,NYSPAYIRENEKEALVAPGGSYIPTKGHDRSFDVKDATAPGTGRTLKLI,NYSPAY,IRENEKE,ALVAPGGSYIPT,KGHDR,SFDVKD,ATAPGTGRTLKLI,0
RAKFKQLL,TSGFYGNALDGLAVRDQDYGQNFVSGHDTYYEEEEASRDRGVGSPLH,TSGFYG,NALDGL,AVRDQDYGQNFV,SGHDT,YYEEEE,ASRDRGVGSPLH,0
LLWNGPMAV,TISGTDYGLTSNILNRDDKIIDFQATTSNEGSKASALYPLAGPGNEQF,TISGTDY,GLTSN,ILNRDDKII,DFQATT,SNEGSKA,SALYPLAGPGNEQF,0
AVFDRKSDAK,DSASNYIRSNVGEAAFDFNKFYSGHTAFQGTGAASSSRGGQETQY,DSASNY,IRSNVGE,AAFDFNKFY,SGHTA,FQGTGA,ASSSRGGQETQY,0
RFPLTFGWCF,TSENNYYQEAYKQQNAFMKLESYMDSNYQLIMNHEYSVGEGTASSYLGDIQFNQPQH,TSENNYY,QEAYKQQN,AFMKLESYMDSNYQLI,MNHEY,SVGEGT,ASSYLGDIQFNQPQH,0
SPRWYFYYL,TSENNYYQEAYKQQNAFMLGAGGTSYGKLTSGHVSFNYEAQASSFLTGNTEAF,TSENNYY,QEAYKQQN,AFMLGAGGTSYGKLT,SGHVS,FNYEAQ,ASSFLTGNTEAF,0
GILGFVFTL,DRGSQSIYSNGDAVSGGADGLTMGHRAYSYEKLASSQDLAGGLKF,DRGSQS,IYSNGD,AVSGGADGLT,MGHRA,YSYEKL,ASSQDLAGGLKF,0
AVFDRKSDAK,DSSSTYIFSNMDMAGGGSQGNLIMNHEYSMNVEVASSISGGPGETQY,DSSSTY,IFSNMDM,AGGGSQGNLI,MNHEY,SMNVEV,ASSISGGPGETQY,0
KSKRTPMGF,DRGSQSIYSNGDAVNTDSGNTPLVSGHATFQNNGVASSLTQGGYTDTQY,DRGSQS,IYSNGD,AVNTDSGNTPLV,SGHAT,FQNNGV,ASSLTQGGYTDTQY,1
RAKFKQLL,DRGSQSIYSNGDAVTVSNDYKLSSGDLSYYNGEEASSDASGSIGEQF,DRGSQS,IYSNGD,AVTVSNDYKLS,SGDLS,YYNGEE,ASSDASGSIGEQF,0
CINGVCWTV,DSASNYIRSNVGEAAQPPTGNQFYSGHATFQNNGVASSFLTGQGETQY,DSASNY,IRSNVGE,AAQPPTGNQFY,SGHAT,FQNNGV,ASSFLTGQGETQY,0
HPVTKYIM,SSVSVYYLSGSTLVAVSDPDTDKLIMNHNSSASEGTASSDWTNTGELF,SSVSVY,YLSGSTLV,AVSDPDTDKLI,MNHNS,SASEGT,ASSDWTNTGELF,0
NLVPMVATV,NSASDYIRSNMDKADHMDTGRRALTKGHDRSFDVKDATSTGGQPQH,NSASDY,IRSNMDK,ADHMDTGRRALT,KGHDR,SFDVKD,ATSTGGQPQH,0
GILGFVFTL,SVFSSVVTGGEVAGNSGNTGKLILNHDASQIVNDASSSRSGYEQY,SVFSS,VVTGGEV,AGNSGNTGKLI,LNHDA,SQIVND,ASSSRSGYEQY,1
KLGGALQAK,DSASNYIRSNVGEAASNILTGGGNKLTLGHNAYSLEERASSQVVGQRNTEAF,DSASNY,IRSNVGE,AASNILTGGGNKLT,LGHNA,YSLEER,ASSQVVGQRNTEAF,1
GLCTLVAML,VSGNPYYITGDNLVAVAKDLQNSGGGADGLTLNHNVYYDKDFATSYEDNSGANVLT,VSGNPY,YITGDNLV,AVAKDLQNSGGGADGLT,LNHNV,YYDKDF,ATSYEDNSGANVLT,0
YLQPRTFLL,NSASQSVYSSGVVGNYGQNFVLGHNAYSLEERASSQVLSGELF,NSASQS,VYSSG,VVGNYGQNFV,LGHNA,YSLEER,ASSQVLSGELF,0
KLGGALQAK,SSVSVYYLSGSTLVAVSDRRSASKIIMNHEYSVGAGIASSYEDKYQPQH,SSVSVY,YLSGSTLV,AVSDRRSASKII,MNHEY,SVGAGI,ASSYEDKYQPQH,0
NLVPMVATV,DSAIYNIQSSQREAVDLMKTSYDKVILNHDASQIVNDASSITWTGNMNTEAF,DSAIYN,IQSSQRE,AVDLMKTSYDKVI,LNHDA,SQIVND,ASSITWTGNMNTEAF,0
CINGVCWTV,NSASQSVYSSGVVNRVENSGYSTLTMNHNSSASEGTASSGNEQDLQPQH,NSASQS,VYSSG,VVNRVENSGYSTLT,MNHNS,SASEGT,ASSGNEQDLQPQH,0
AVFDRKSDAK,TTSDRLLSNGAVAVDMEYGNKLVLGHNAYSLEERASSQGGYGYT,TTSDR,LLSNGAV,AVDMEYGNKLV,LGHNA,YSLEER,ASSQGGYGYT,0
GILGFVFTL,NSASDYIRSNMDKAENGGGGADGLTSGHNSFNNNVPASSLGSATNEKLF,NSASDY,IRSNMDK,AENGGGGADGLT,SGHNS,FNNNVP,ASSLGSATNEKLF,0
GILGFVFTL,TSINNIRSNEREATDGDDYKLSLGHDTYNNKELSARDNLRANYGYT,TSINN,IRSNERE,ATDGDDYKLS,LGHDT,YNNKEL,SARDNLRANYGYT,0
CINGVCWTV,DSASNYIRSNVGEAASETSYDKVISGHNSFNNNVPASTQQGSYGYT,DSASNY,IRSNVGE,AASETSYDKVI,SGHNS,FNNNVP,ASTQQGSYGYT,0
NLVPMVATV,DRGSQSIYSNGDAVQGNFNKFYDFQATTSNEGSKASAEQLGVLNTEAF,DRGSQS,IYSNGD,AVQGNFNKFY,DFQATT,SNEGSKA,SAEQLGVLNTEAF,0
RAKFKQLL,NIATNDYGYKTKLAGGDKIISNHLYFYNNEIASRTPWDSDSYNEQF,NIATNDY,GYKTK,LAGGDKII,SNHLY,FYNNEI,ASRTPWDSDSYNEQF,0
AVFDRKSDAK,SSVSVYYLSGSTLVAVSVRMDSSYKLIMGHRAYSYEKLASSQDPGYEQY,SSVSVY,YLSGSTLV,AVSVRMDSSYKLI,MGHRA,YSYEKL,ASSQDPGYEQY,0
LLWNGPMAV,DRGSQSIYSNGDAFSGYALNMNHEYSVGEGTASSYTGTGSQPQH,DRGSQS,IYSNGD,AFSGYALN,MNHEY,SVGEGT,ASSYTGTGSQPQH,1
ATDALMTGF,NIATNDYGYKTKLARQEDVNTGFQKLVMNHNSSASEGTASSEIMGDLYEQY,NIATNDY,GYKTK,LARQEDVNTGFQKLV,MNHNS,SASEGT,ASSEIMGDLYEQY,0
CINGVCWTV,DRGSQSIYSNGDAAQGGKLIMNHEYSMNVEVASSSGTGVFLAEAF,DRGSQS,IYSNGD,AAQGGKLI,MNHEY,SMNVEV,ASSSGTGVFLAEAF,0
GILGFVFTL,NIATNDYGYKTKLVERNNDMRMNHNSSASEGTASSELWGSEPSPLH,NIATNDY,GYKTK,LVERNNDMR,MNHNS,SASEGT,ASSELWGSEPSPLH,0
RAKFKQLL,TSGFYGNALDGLAVKASGGSYIPTLNHDASQIVNDASSVGLAGDNEQF,TSGFYG,NALDGL,AVKASGGSYIPT,LNHDA,SQIVND,ASSVGLAGDNEQF,0
GILGFVFTL,TRDTTYYRNSFDEQNALSEANTGGFKTISGHATFQNNGVASSWGGGSHYGYT,TRDTTYY,RNSFDEQN,ALSEANTGGFKTI,SGHAT,FQNNGV,ASSWGGGSHYGYT,0
KLGGALQAK,VSPFSNMTFSENTVGYTNAGKSTKGHSHLQKENIASSPPGGGNTGELF,VSPFSN,MTFSENT,VGYTNAGKST,KGHSH,LQKENI,ASSPPGGGNTGELF,0
RAKFKQLL,VSGNPYYITGDNLVAVRDMGTGGFKTISEHNRFQNEAQAIQEDTDTQY,VSGNPY,YITGDNLV,AVRDMGTGGFKTI,SEHNR,FQNEAQ,AIQEDTDTQY,1
KSKRTPMGF,DRGSQSIYSNGDAVPGGGGSQGNLILNHDASQIVNDASSMRSTNEQF,DRGSQS,IYSNGD,AVPGGGGSQGNLI,LNHDA,SQIVND,ASSMRSTNEQF,0
NLVPMVATV,VSGNPYYITGDNLVAVRDNQAGTALISGDLSYYNGEEASSAGSGSGYNEQF,VSGNPY,YITGDNLV,AVRDNQAGTALI,SGDLS,YYNGEE,ASSAGSGSGYNEQF,1
GILGFVFTL,TSGFNGNVLDGLAGMDSNYQLIMNHNSSASEGTASGGSTGTNEKLF,TSGFNG,NVLDGL,AGMDSNYQLI,MNHNS,SASEGT,ASGGSTGTNEKLF,0
RAKFKQLL,NIATNDYGYKTKLVGPGGFGNEKLTSGHRSYFSETQASSLEGNGHREQY,NIATNDY,GYKTK,LVGPGGFGNEKLT,SGHRS,YFSETQ,ASSLEGNGHREQY,0
SPRWYFYYL,DRGSQSIYSNGDAVPGGGGSQGNLILNHDASQIVNDASSMRSTNEQF,DRGSQS,IYSNGD,AVPGGGGSQGNLI,LNHDA,SQIVND,ASSMRSTNEQF,0
ELAGIGILTV,DRGSQSIYSNGDAVELLDFQATTSNEGSKASAREAQGQPQH,DRGSQS,IYSNGD,AVELL,DFQATT,SNEGSKA,SAREAQGQPQH,1
IVTDFSVIK,VSGNPYYITGDNLVAGGNTGKLISGHATFQNNGVASSWGGGSHYGYT,VSGNPY,YITGDNLV,AGGNTGKLI,SGHAT,FQNNGV,ASSWGGGSHYGYT,1
DATYQRTRALVR,NSAFQYTYSSGNASYNQGGKLILNHDASQIVNDASSIRSSYEQY,NSAFQY,TYSSGN,ASYNQGGKLI,LNHDA,SQIVND,ASSIRSSYEQY,0
NLVPMVATV,YGATPYYFSGDTLVAVTRDDKIISGHNSFNNNVPASSGGVSGGAGETQY,YGATPY,YFSGDTLV,AVTRDDKII,SGHNS,FNNNVP,ASSGGVSGGAGETQY,0
KLGGALQAK,TRDTTYYRNSFDEQNALWGAGSYQLTDFQATTSNEGSKASASPPTGEYEQY,TRDTTYY,RNSFDEQN,ALWGAGSYQLT,DFQATT,SNEGSKA,SASPPTGEYEQY,1
GILGFVFTL,NSASDYIRSNMDKAENMGGGSQGNLISGHTAFQGNSAASSLEGGTTPFYEQY,NSASDY,IRSNMDK,AENMGGGSQGNLI,SGHTA,FQGNSA,ASSLEGGTTPFYEQY,1
KLGGALQAK,DRGSQSIYSNGDAVKGGAAGNKLTSGHTAFQGNSAASSLDSAYEQY,DRGSQS,IYSNGD,AVKGGAAGNKLT,SGHTA,FQGNSA,ASSLDSAYEQY,1
AVFDRKSDAK,TISGNEYGLKNNIVRVPSGGGNKLTSGHNTYYREEEASSSGGPVDTQY,TISGNEY,GLKNN,IVRVPSGGGNKLT,SGHNT,YYREEE,ASSSGGPVDTQY,0
KLGGALQAK,TRDTTYYRNSFDEQNALIANRDDKIISGHNSFNNNVPASSFLDRGPNTEAF,TRDTTYY,RNSFDEQN,ALIANRDDKII,SGHNS,FNNNVP,ASSFLDRGPNTEAF,0
GILGFVFTL,YGGTVNYFSGDPLVAVNSGYSTLTKGHDRSFDVKDATASGTVTDTQY,YGGTVN,YFSGDPLV,AVNSGYSTLT,KGHDR,SFDVKD,ATASGTVTDTQY,0
SLFNTVATLY,SVFSSVVTGGEVAGGGFADYGGSQGNLILNHDASQIVNDASSLYSNQPQH,SVFSS,VVTGGEV,AGGGFADYGGSQGNLI,LNHDA,SQIVND,ASSLYSNQPQH,0
ELAGIGILTV,DRGSQSIYSNGDAVGTAWRSGGGADGLTFGLNHDASQIVNDASSRRSSGELFFG,DRGSQS,IYSNGD,AVGTAWRSGGGADGLTFG,LNHDA,SQIVND,ASSRRSSGELFFG,1
KLGGALQAK,NSASDYIRSNMDKADSGGGADGLTSGHDTYYEEEEASSLTEGGRNQPQH,NSASDY,IRSNMDK,ADSGGGADGLT,SGHDT,YYEEEE,ASSLTEGGRNQPQH,0
GILGFVFTL,YGGTVNYFSGDPLVAVKGVNFGNEKLTSGHTAFQGNSAASNWGGRGNTGELF,YGGTVN,YFSGDPLV,AVKGVNFGNEKLT,SGHTA,FQGNSA,ASNWGGRGNTGELF,0
GILGFVFTL,TTLSNLVKSGEVAGRSRSNDYKLSSGDLSYYNGEEASSPSTGETAEAF,TTLSN,LVKSGEV,AGRSRSNDYKLS,SGDLS,YYNGEE,ASSPSTGETAEAF,0
ATDALMTGF,NSASDYIRSNMDKAENILSSSNTGKLISGDLSYYNGEEASQSAEASTDTQY,NSASDY,IRSNMDK,AENILSSSNTGKLI,SGDLS,YYNGEE,ASQSAEASTDTQY,1
FEDLRVLSF,TSINNIRSNEREATPLDSWGKLQLGHDTYNNKELASSHRTTYNEQF,TSINN,IRSNERE,ATPLDSWGKLQ,LGHDT,YNNKEL,ASSHRTTYNEQF,0
NLVPMVATV,DSASNYIRSNVGEAVNNAGGTSYGKLTLGHNAYSLEERASSLDAFSGNTIY,DSASNY,IRSNVGE,AVNNAGGTSYGKLT,LGHNA,YSLEER,ASSLDAFSGNTIY,0
LLWNGPMAV,DSSSTYIFSNMDMAERRNAGNNRKLILNHNVYYDKDFATSTGGGYEQY,DSSSTY,IFSNMDM,AERRNAGNNRKLI,LNHNV,YYDKDF,ATSTGGGYEQY,1
RAKFKQLL,YSGSPEHISRALVTFTGGGNKLTSGHNTYYREEEASSSTGGGEKDQPQH,YSGSPE,HISR,ALVTFTGGGNKLT,SGHNT,YYREEE,ASSSTGGGEKDQPQH,0
RAKFKQLL,VSGNPYYITGDNLVAVRDDLWGGATNKLILNHDASQIVNDASSYGTGSADTQY,VSGNPY,YITGDNLV,AVRDDLWGGATNKLI,LNHDA,SQIVND,ASSYGTGSADTQY,0
LLWNGPMAV,VSGLRGLYSAGEEAVVDQAGTALIMGHRAYSYEKLASSAGGGSYNEQF,VSGLRG,LYSAGEE,AVVDQAGTALI,MGHRA,YSYEKL,ASSAGGGSYNEQF,0
AVFDRKSDAK,SSVPPYYTSAATLVAVTAAGNKLTGTSNPNSVGIGAWSPRVAGGRVWETQY,SSVPPY,YTSAATLV,AVTAAGNKLT,GTSNPN,SVGIG,AWSPRVAGGRVWETQY,0
RAKFKQLL,DSVNNIPSGTAGSPSNTGKLILNHDASQIVNDASSIHSGNQPQH,DSVNN,IPSGT,AGSPSNTGKLI,LNHDA,SQIVND,ASSIHSGNQPQH,0
KLGGALQAK,DRGSQSIYSNGDAVRDNQGGKLISGHDTYYEEEEASSTRDRQGLPYEQY,DRGSQS,IYSNGD,AVRDNQGGKLI,SGHDT,YYEEEE,ASSTRDRQGLPYEQY,0
AVFDRKSDAK,NIATNDYGYKTKLVERNNDMRMNHNSSASEGTASSELWGSEPSPLH,NIATNDY,GYKTK,LVERNNDMR,MNHNS,SASEGT,ASSELWGSEPSPLH,0
GILGFVFTL,KTLYGLQKGGEEGAAHNYGQNFVLNHDASQIVNDASSTGLYGYT,KTLYG,LQKGGEE,GAAHNYGQNFV,LNHDA,SQIVND,ASSTGLYGYT,1
AVFDRKSDAK,SIFNTLYKAGELAGLDFGNEKLTSEHNRFQNEAQASSLATSPLMNTEAF,SIFNT,LYKAGEL,AGLDFGNEKLT,SEHNR,FQNEAQ,ASSLATSPLMNTEAF,0
RAKFKQLL,DSASNYIRSNVGEAASETSYDKVISGHNSFNNNVPASRPTGDYGYT,DSASNY,IRSNVGE,AASETSYDKVI,SGHNS,FNNNVP,ASRPTGDYGYT,1
NLVPMVATV,NSASQSVYSSGVVKGPGGFKTIFGDFQATTSNEGSKASARDGLNEQFFG,NSASQS,VYSSG,VVKGPGGFKTIFG,DFQATT,SNEGSKA,SARDGLNEQFFG,0
KSKRTPMGF,TISGNEYGLKNNIVRVAVKTSYDKVISEHNRFQNEAQASISLISTKGRKDTQY,TISGNEY,GLKNN,IVRVAVKTSYDKVI,SEHNR,FQNEAQ,ASISLISTKGRKDTQY,0
AVFDRKSDAK,DRGSQSIYSNGDALTPRDDMRSGHATFQNNGVASSLGVAGTNTGELF,DRGSQS,IYSNGD,ALTPRDDMR,SGHAT,FQNNGV,ASSLGVAGTNTGELF,0
RAKFKQLL,ATGYPSATKADDKALQGSQGNLILNHDASHIVNDASSSRSGVEQY,ATGYPS,ATKADDK,ALQGSQGNLI,LNHDA,SHIVND,ASSSRSGVEQY,0
GILGFVFTL,TSGFNGNVLDGLAVMDSNYQLIMRHNASNTAGTASRGPASTDTQY,TSGFNG,NVLDGL,AVMDSNYQLI,MRHNA,SNTAGT,ASRGPASTDTQY,1
AVFDRKSDAK,TRDTTYYRNSFDEQNALSEPNSGGGADGLTSGHTAFQGNSAASSSGVGNEQF,TRDTTYY,RNSFDEQN,ALSEPNSGGGADGLT,SGHTA,FQGNSA,ASSSGVGNEQF,0
GILGFVFTL,DSASNYIRSNVGEAAKEGYSTLTSGDLSYYNGEEASSEGDRVTEAF,DSASNY,IRSNVGE,AAKEGYSTLT,SGDLS,YYNGEE,ASSEGDRVTEAF,0
GILGFVFTL,TSGFNGNVLDGLAVRDSDYKLSSEHNRFQNEAQASNLLANTGELF,TSGFNG,NVLDGL,AVRDSDYKLS,SEHNR,FQNEAQ,ASNLLANTGELF,0
KLGGALQAK,SVFSSVVTGGEVAGASGSSNTGKLISGHNSFNNNVPASSFSGNTGELF,SVFSS,VVTGGEV,AGASGSSNTGKLI,SGHNS,FNNNVP,ASSFSGNTGELF,0
SPRWYFYYL,YGATPYYFSGDTLVAVDDTNAGKSTLNHDASHIVNDASSLRSTDTQY,YGATPY,YFSGDTLV,AVDDTNAGKST,LNHDA,SHIVND,ASSLRSTDTQY,0
LLWNGPMAV,NSMFDYISSIKDKAASDGAGNMLTMDHENSYDVKMASRGLIIQRSSYEQY,NSMFDY,ISSIKDK,AASDGAGNMLT,MDHEN,SYDVKM,ASRGLIIQRSSYEQY,0
AVFDRKSDAK,DRGSQSIYSNGDAVNLGSYIPTLNHDASQIVNDATSWGGSGELF,DRGSQS,IYSNGD,AVNLGSYIPT,LNHDA,SQIVND,ATSWGGSGELF,0
GPRLGVRAT,DSASNYIRSNVGEAASETSYDKVISEHNRFQNEAQASSLLGQPNTEAF,DSASNY,IRSNVGE,AASETSYDKVI,SEHNR,FQNEAQ,ASSLLGQPNTEAF,0
NLVPMVATV,VGISALSSGKAVRVLMEYGNKLVMNHEYSVGEGTASSPGLASPYSYNEQF,VGISA,LSSGK,AVRVLMEYGNKLV,MNHEY,SVGEGT,ASSPGLASPYSYNEQF,1
LLWNGPMAV,NIATNDYGYKTKLVGTYNFNKFYLGHNAYNFKEQASSQEVAAGGGDEQF,NIATNDY,GYKTK,LVGTYNFNKFY,LGHNA,YNFKEQ,ASSQEVAAGGGDEQF,0
SPRWYFYYL,VSGNPYYITGDNLVAVSAASGGSYIPTSGHNSFNNNVPASSFSGNTGELF,VSGNPY,YITGDNLV,AVSAASGGSYIPT,SGHNS,FNNNVP,ASSFSGNTGELF,0
ATDALMTGF,NSASDYIRSNMDKAEKGGDDKIIENHRYSYGVKDAISESSSGNNEQF,NSASDY,IRSNMDK,AEKGGDDKII,ENHRY,SYGVKD,AISESSSGNNEQF,1
ELAGIGILTV,VSGNPYYITGDNLVAVRDPGGYNKLILNHDASQIVNDASSARSSTEQY,VSGNPY,YITGDNLV,AVRDPGGYNKLI,LNHDA,SQIVND,ASSARSSTEQY,0
KLGGALQAK,DRGSQSIYSNGDAVNIGGGSQGNLISGHTAFQGNSAASSLYEQY,DRGSQS,IYSNGD,AVNIGGGSQGNLI,SGHTA,FQGNSA,ASSLYEQY,0
ELAGIGILTV,YGATPYYFSGDTLVAVGNLDGGSQGNLISGHKSYYEKEEASVGSYNEQF,YGATPY,YFSGDTLV,AVGNLDGGSQGNLI,SGHKS,YYEKEE,ASVGSYNEQF,0
KLGGALQAK,DSAIYNIQSSQREAALDSGAGNMLTMNHEYSVGAGIASIAGLRAF,DSAIYN,IQSSQRE,AALDSGAGNMLT,MNHEY,SVGAGI,ASIAGLRAF,0
NLVPMVATV,SSNFYAMTLNGDEAFSYNNNDMRMGHRAYSYEKLASSQDRFTDPYGYT,SSNFYA,MTLNGDE,AFSYNNNDMR,MGHRA,YSYEKL,ASSQDRFTDPYGYT,0
RAKFKQLL,NSASDYIRSNMDKAETHSGGSNYKLTDFQATTSNEGSKASARDLGTSKQYEQY,NSASDY,IRSNMDK,AETHSGGSNYKLT,DFQATT,SNEGSKA,SARDLGTSKQYEQY,1
LLWNGPMAV,NSMFDYISSIKDKAASDQTGANNLFMNHEYSVGAGIASSLQGASGYT,NSMFDY,ISSIKDK,AASDQTGANNLF,MNHEY,SVGAGI,ASSLQGASGYT,0
KLGGALQAK,NIATNDYGYKTKLVDGGATNKLIMGHRAYSYEKLASSHNGELF,NIATNDY,GYKTK,LVDGGATNKLI,MGHRA,YSYEKL,ASSHNGELF,0
ATDALMTGF,VSPFSNMTFSENTVVSDEYGNKLVMRHNASNTAGTASSVWTGHDEQF,VSPFSN,MTFSENT,VVSDEYGNKLV,MRHNA,SNTAGT,ASSVWTGHDEQF,0
CINGVCWTV,SVFSSVVTGGEVSGTPGLPRDDKIIMGHRAYSYEKLASSYDRGPREGYT,SVFSS,VVTGGEV,SGTPGLPRDDKII,MGHRA,YSYEKL,ASSYDRGPREGYT,0
KLGGALQAK,DRGSQSIYSNGDAVNKGGGSQGNLISGHTSYYEKEEASSLVSLNYGYT,DRGSQS,IYSNGD,AVNKGGGSQGNLI,SGHTS,YYEKEE,ASSLVSLNYGYT,0
NLVPMVATV,DSASNYIRSNVGEAASETSYDKVIMNHNSSASEGTASSEAEGAAPQY,DSASNY,IRSNVGE,AASETSYDKVI,MNHNS,SASEGT,ASSEAEGAAPQY,0
NLVPMVATV,TRDTTYYRNSFDEQNALSGPGTSFLGSARQLTSGHDTYYEEEEASSLRDGSEAF,TRDTTYY,RNSFDEQN,ALSGPGTSFLGSARQLT,SGHDT,YYEEEE,ASSLRDGSEAF,0
KLGGALQAK,TRDTTYYRNSFDEQNALKHNNARLMSGHVSFNYEAQASSPLAGVSDTQY,TRDTTYY,RNSFDEQN,ALKHNNARLM,SGHVS,FNYEAQ,ASSPLAGVSDTQY,0
IVTDFSVIK,TSINNIRSNEREATDPLFGNNRLALNHDASQIVNDASSTLNEQF,TSINN,IRSNERE,ATDPLFGNNRLA,LNHDA,SQIVND,ASSTLNEQF,0
NLVPMVATV,VSGNPYYITGDNLVAVRDEAGGSYIPTSGHRSYFSETQASSFGQGTGTEAF,VSGNPY,YITGDNLV,AVRDEAGGSYIPT,SGHRS,YFSETQ,ASSFGQGTGTEAF,0
RPPIFIRRL,TRDTTYYRNSFDEQNALSGDTGNQFYKGHSHLQKENIASSPSQGGNTDTQY,TRDTTYY,RNSFDEQN,ALSGDTGNQFY,KGHSH,LQKENI,ASSPSQGGNTDTQY,0
AVFDRKSDAK,DSSSTYIFSNMDMAETQDSNYQLIMNHEYSMNVEVASGQGSQPQH,DSSSTY,IFSNMDM,AETQDSNYQLI,MNHEY,SMNVEV,ASGQGSQPQH,0
RAKFKQLL,TSINNIRSNEREATLDGTYKYISGDLSYYNGEEASSANRALTDTQY,TSINN,IRSNERE,ATLDGTYKYI,SGDLS,YYNGEE,ASSANRALTDTQY,0
GILGFVFTL,DRGSQSIYSNGDAVGTAWRSGGGADGLTFGLNHDASQIVNDASSRRSSGELFFG,DRGSQS,IYSNGD,AVGTAWRSGGGADGLTFG,LNHDA,SQIVND,ASSRRSSGELFFG,0
KLGGALQAK,SSVPPYYTSAATLVAVTSDPNQGGKLILNHDASQIVNDASSIRSSYEQY,SSVPPY,YTSAATLV,AVTSDPNQGGKLI,LNHDA,SQIVND,ASSIRSSYEQY,0
AVFDRKSDAK,YGATPYYFSGDTLVAVGEDSQLTLGHNAYSLEERASSQDSTSGYSREQF,YGATPY,YFSGDTLV,AVGEDSQLT,LGHNA,YSLEER,ASSQDSTSGYSREQF,0
GILGFVFTL,NIATNDYGYKTKLVGDQGGKLIMGHRAYSYEKLASSQVRGPQF,NIATNDY,GYKTK,LVGDQGGKLI,MGHRA,YSYEKL,ASSQVRGPQF,0
GILGFVFTL,DSASNYIRSNVGEAASYGSGGYNKLIMDHENSYDVKMASSSLTGSSGELF,DSASNY,IRSNVGE,AASYGSGGYNKLI,MDHEN,SYDVKM,ASSSLTGSSGELF,0
GILGFVFTL,YGATPYYFSGDTLVAVGATDSWGKLQMDHENSYDVKMGARPPGVSNEQF,YGATPY,YFSGDTLV,AVGATDSWGKLQ,MDHEN,SYDVKM,GARPPGVSNEQF,0
AVFDRKSDAK,NSASQSVYSSGVVNGGDSSYKLISQVTMANQGSEASAGQGPYEQY,NSASQS,VYSSG,VVNGGDSSYKLI,SQVTM,ANQGSEA,SAGQGPYEQY,0
KLGGALQAK,ATGYPSATKADDKALLNRDDKIISEHNRFQNEAQASSFVDRVYEQY,ATGYPS,ATKADDK,ALLNRDDKII,SEHNR,FQNEAQ,ASSFVDRVYEQY,0
KLGGALQAK,SSNFYAMTLNGDEAFSSSNTGKLIMGHRAYSYEKLASSQDRFTDPYGYT,SSNFYA,MTLNGDE,AFSSSNTGKLI,MGHRA,YSYEKL,ASSQDRFTDPYGYT,0
ELAGIGILTV,TRDTTYYRNSFDEQNALSNAKTSYDKVIDFQATTSNEGSKASARPGQFYSNQPQH,TRDTTYY,RNSFDEQN,ALSNAKTSYDKVI,DFQATT,SNEGSKA,SARPGQFYSNQPQH,0
IVTDFSVIK,ATGYPSATKADDKALSDRENYGGSQGNLISGDLSYYNGEEASSVGWGGTYEQY,ATGYPS,ATKADDK,ALSDRENYGGSQGNLI,SGDLS,YYNGEE,ASSVGWGGTYEQY,0
RAKFKQLL,NSAFQYTYSSGNAMSGEGGSQGNLIGTSNPNSVGIGATNGRGGYYNEQF,NSAFQY,TYSSGN,AMSGEGGSQGNLI,GTSNPN,SVGIG,ATNGRGGYYNEQF,0
KLGGALQAK,YGATPYYFSGDTLVAVGNLDGGSQGNLISGHKSYYEKEEASVGSYNEQF,YGATPY,YFSGDTLV,AVGNLDGGSQGNLI,SGHKS,YYEKEE,ASVGSYNEQF,1
RAKFKQLL,DSAIYNIQSSQREAVLGMNTGFQKLVSGHTAFQGNSAASSLDPGNYEQY,DSAIYN,IQSSQRE,AVLGMNTGFQKLV,SGHTA,FQGNSA,ASSLDPGNYEQY,0
RLRAEAQVK,SSVPPYYTSAATLVAVSQDSNYQLISGHATFQNNGVASSWGGGSHYGYT,SSVPPY,YTSAATLV,AVSQDSNYQLI,SGHAT,FQNNGV,ASSWGGGSHYGYT,0
KLGGALQAK,SIFNTLYKAGELAGQENYGQNFVLGHNTFRNRAPARRVVTGGPRNNEQF,SIFNT,LYKAGEL,AGQENYGQNFV,LGHNT,FRNRAP,ARRVVTGGPRNNEQF,1
GILGFVFTL,VSGNPYYITGDNLVAVTPAGGSQGNLILNHDASQIVNDASSTRSTDTQY,VSGNPY,YITGDNLV,AVTPAGGSQGNLI,LNHDA,SQIVND,ASSTRSTDTQY,1
RAKFKQLL,NSASQSVYSSGVVNMDTGRRALTSGDLSYYNGEEASSPRPDKEAF,NSASQS,VYSSG,VVNMDTGRRALT,SGDLS,YYNGEE,ASSPRPDKEAF,0
KSKRTPMGF,DRGSQSIYSNGDAVRGYGGSQGNLIMNHEYSVGEGTASSRMGFYEQY,DRGSQS,IYSNGD,AVRGYGGSQGNLI,MNHEY,SVGEGT,ASSRMGFYEQY,0
KLGGALQAK,NIATNDYGYKTKLVGDFPNTDKLISGHATFQNNGVASSLGVAGTNTGELF,NIATNDY,GYKTK,LVGDFPNTDKLI,SGHAT,FQNNGV,ASSLGVAGTNTGELF,0
RAKFKQLL,NIATNDYGYKTKLVGPGMLGHNAYNFKEQASSQEIAQGTNTGELF,NIATNDY,GYKTK,LVGPGM,LGHNA,YNFKEQ,ASSQEIAQGTNTGELF,0
RAKFKQLL,YGATPYYFSGDTLVAVGLNNARLMSGHDTYYEEEEASSARSLWDQPQH,YGATPY,YFSGDTLV,AVGLNNARLM,SGHDT,YYEEEE,ASSARSLWDQPQH,0
RAKFKQLL,NSASDYIRSNMDKADSGGGADGLTGTSNPNSVGIGAWGDSYEQY,NSASDY,IRSNMDK,ADSGGGADGLT,GTSNPN,SVGIG,AWGDSYEQY,1
GLCTLVAML,DRGSQSIYSNGDAVNRGFGNVLHSGHRSYFSETQASSLGTGDGYT,DRGSQS,IYSNGD,AVNRGFGNVLH,SGHRS,YFSETQ,ASSLGTGDGYT,0
GILGFVFTL,DSASNYIRSNVGEAAPSVGGGGNKLTMNHEYSMNVEVASSLHSGIGYEQY,DSASNY,IRSNVGE,AAPSVGGGGNKLT,MNHEY,SMNVEV,ASSLHSGIGYEQY,0
ELAGIGILTV,NSASQSVYSSGVVGDDKIISGDLSYYNGEEASSGGTADTQY,NSASQS,VYSSG,VVGDDKII,SGDLS,YYNGEE,ASSGGTADTQY,0
IVTDFSVIK,DSAIYNIQSSQREAVPNTNAGKSTLNHDASHIVNDASSSRSGNEKLF,DSAIYN,IQSSQRE,AVPNTNAGKST,LNHDA,SHIVND,ASSSRSGNEKLF,0
GILGFVFTL,TISGNEYGLKNNIQRLFSGSARQLTSGDLSYYNGEEASSSGGAGTEAF,TISGNEY,GLKNN,IQRLFSGSARQLT,SGDLS,YYNGEE,ASSSGGAGTEAF,0
DATYQRTRALVR,DSASNYIRSNVGEAAINTGTASKLTMNHEYSMNVEVASSSPGPREKLF,DSASNY,IRSNVGE,AAINTGTASKLT,MNHEY,SMNVEV,ASSSPGPREKLF,0
IVTDFSVIK,DRGSQSIYSNGDAVINYQLISEHNRFQNEAQASSLDRDASYNEQF,DRGSQS,IYSNGD,AVINYQLI,SEHNR,FQNEAQ,ASSLDRDASYNEQF,0
RAKFKQLL,DSASNYIRSNVGEAASETSYDKVISGHNSFNNNVPASSIGDRAYGYT,DSASNY,IRSNVGE,AASETSYDKVI,SGHNS,FNNNVP,ASSIGDRAYGYT,1
RAKFKQLL,TRDTTYYRNSFDEQNALKGNTGTASKLTSGDLSYYNGEEASSVELSTDTQY,TRDTTYY,RNSFDEQN,ALKGNTGTASKLT,SGDLS,YYNGEE,ASSVELSTDTQY,0
AVFDRKSDAK,DSSSTYIFSNMDMAEMEGGSYIPTPRHDTFYEKMQASSLMRGGTYNSPLH,DSSSTY,IFSNMDM,AEMEGGSYIPT,PRHDT,FYEKMQ,ASSLMRGGTYNSPLH,0
IVTDFSVIK,DSASNYIRSNVGEAATPYGNNDMRWSHSYSAAADIASRGALVGDTQY,DSASNY,IRSNVGE,AATPYGNNDMR,WSHSY,SAAADI,ASRGALVGDTQY,0
KSKRTPMGF,NYSPAYIRENEKEAPHPSGYSTLTMDHENSYDVKMASSLIQGSYEQY,NYSPAY,IRENEKE,APHPSGYSTLT,MDHEN,SYDVKM,ASSLIQGSYEQY,0
DATYQRTRALVR,SSYSPSYTSAATLVVVSDPGFGNEKLTSGDLSYYNGEEASSVGADPPNTEAF,SSYSPS,YTSAATLV,VVSDPGFGNEKLT,SGDLS,YYNGEE,ASSVGADPPNTEAF,0
GILGFVFTL,TSGFNGNVLDGLAVLDSNYQLISGDLSYYNGEEASSSGRLTNTEAF,TSGFNG,NVLDGL,AVLDSNYQLI,SGDLS,YYNGEE,ASSSGRLTNTEAF,0
YLQPRTFLL,DSAIYNIQSSQREAVPEMRRDDKIIMNHEYSMNVEVASSSLTSGGARYTQY,DSAIYN,IQSSQRE,AVPEMRRDDKII,MNHEY,SMNVEV,ASSSLTSGGARYTQY,0
KLGGALQAK,DRGSQSIYSNGDAASGGTYKYISGDLSYYNGEEASSSGRLTNTEAF,DRGSQS,IYSNGD,AASGGTYKYI,SGDLS,YYNGEE,ASSSGRLTNTEAF,0
CINGVCWTV,SIFNTLYKAGELAGGGYGGSQGNLILNHDASQIVNDASSIRSDTEAF,SIFNT,LYKAGEL,AGGGYGGSQGNLI,LNHDA,SQIVND,ASSIRSDTEAF,0
GILGFVFTL,TRDTTYYRNSFDEQNALNQAGTALISGDLSYYNGEEASSATGEWQPQH,TRDTTYY,RNSFDEQN,ALNQAGTALI,SGDLS,YYNGEE,ASSATGEWQPQH,0
DATYQRTRALVR,DRGSQSIYSNGDAVSDYKLSSQVTMANQGSEASVGGGGAGVETQY,DRGSQS,IYSNGD,AVSDYKLS,SQVTM,ANQGSEA,SVGGGGAGVETQY,0
CINGVCWTV,NIATNDYGYKTKLVGEGPSGGYQKVTLNHNVYYDKDFATGTSGKDNEQF,NIATNDY,GYKTK,LVGEGPSGGYQKVT,LNHNV,YYDKDF,ATGTSGKDNEQF,1
GILGFVFTL,TSENNYYQEAYKQQNAFMKGAGGTSYGKLTMDHENSYDVKMASSNGDRETQPQH,TSENNYY,QEAYKQQN,AFMKGAGGTSYGKLT,MDHEN,SYDVKM,ASSNGDRETQPQH,1
AVFDRKSDAK,TTSDRLLSNGAVAVDISNAGNMLTSQVTMANQGSEASVVDYGYT,TTSDR,LLSNGAV,AVDISNAGNMLT,SQVTM,ANQGSEA,SVVDYGYT,0
FEDLRVLSF,YSGSPEHISRALVTFTGGGNKLTSGHNTYYREEEASSSTGGGEKDQPQH,YSGSPE,HISR,ALVTFTGGGNKLT,SGHNT,YYREEE,ASSSTGGGEKDQPQH,0
RAKFKQLL,SVFSSVVTGGEVAGATQGGSEKLVMDHENSYDVKMASSVDGTLVDTQY,SVFSS,VVTGGEV,AGATQGGSEKLV,MDHEN,SYDVKM,ASSVDGTLVDTQY,0
LLWNGPMAV,TSENNYYQEAYKQQNAFMKLAGANSKLTLGHDTYNNKELASKSEKGAGGSPLH,TSENNYY,QEAYKQQN,AFMKLAGANSKLT,LGHDT,YNNKEL,ASKSEKGAGGSPLH,0
RAKFKQLL,DSASNYIRSNVGEAASGGGSQGNLIMGHRAYSYEKLASSQEAGALGETQY,DSASNY,IRSNVGE,AASGGGSQGNLI,MGHRA,YSYEKL,ASSQEAGALGETQY,0
LLWNGPMAV,TSDPSYGQGSYDQQNAMREDNGARLMLNHDASQIVNDASSKFSINEQF,TSDPSYG,QGSYDQQN,AMREDNGARLM,LNHDA,SQIVND,ASSKFSINEQF,0
AVFDRKSDAK,VSNAYNGSKPAVEDSYNQGGKLIPRHDTFYEKMQASSPSGQGAGGYT,VSNAYN,GSKP,AVEDSYNQGGKLI,PRHDT,FYEKMQ,ASSPSGQGAGGYT,1
GILGFVFTL,YGATPYYFSGDTLVAVGPFSGGYNKLIMNHEYSVGEGTASLPVAGGYNEQF,YGATPY,YFSGDTLV,AVGPFSGGYNKLI,MNHEY,SVGEGT,ASLPVAGGYNEQF,0
LLWNGPMAV,TSDPSYGQGSYDQQNAMSPEGGGSYIPTSGHKSYYEKEEASSPRRTGYTGELF,TSDPSYG,QGSYDQQN,AMSPEGGGSYIPT,SGHKS,YYEKEE,ASSPRRTGYTGELF,1
KLGGALQAK,DRGSQSIYSNGDAVAQGGSEKLVMDHENSYDVKMASRGQGLGQPQH,DRGSQS,IYSNGD,AVAQGGSEKLV,MDHEN,SYDVKM,ASRGQGLGQPQH,0
KSKRTPMGF,DRGSQSIYSNGDAVNGSWGKLQMGHRAYSYEKLASSQGDSGDNTGELF,DRGSQS,IYSNGD,AVNGSWGKLQ,MGHRA,YSYEKL,ASSQGDSGDNTGELF,1
GILGFVFTL,DSAIYNIQSSQREAVRPGSNDYKLSSQVTMANQGSEASVEDFGNQETQY,DSAIYN,IQSSQRE,AVRPGSNDYKLS,SQVTM,ANQGSEA,SVEDFGNQETQY,0
KLGGALQAK,TISGTDYGLTSNILLGTGANNLFKGHSHLQKENIASSPKLQGAWAEKLF,TISGTDY,GLTSN,ILLGTGANNLF,KGHSH,LQKENI,ASSPKLQGAWAEKLF,0
GILGFVFTL,VGISALSSGKAAETTSGTYKYISGHDNFVKESKASSPIAGSSYEQY,VGISA,LSSGK,AAETTSGTYKYI,SGHDN,FVKESK,ASSPIAGSSYEQY,1
AVFDRKSDAK,NSASQSVYSSGVVWGGSYIPTMDHENSYDVKMASSFPPDLNTGELF,NSASQS,VYSSG,VVWGGSYIPT,MDHEN,SYDVKM,ASSFPPDLNTGELF,1
KLGGALQAK,DRGSQSIYSNGDAVNEGLGSARQLTKGHDRSFDVKDATSDSSGGSGYT,DRGSQS,IYSNGD,AVNEGLGSARQLT,KGHDR,SFDVKD,ATSDSSGGSGYT,0
IVTDFSVIK,DRGSQSIYSNGDAVKDQFYLGHNAYSLEERASSQGTGEGYGYT,DRGSQS,IYSNGD,AVKDQFY,LGHNA,YSLEER,ASSQGTGEGYGYT,0
GLCTLVAML,NIATNDYGYKTKLVGEANGGSQGNLISGDLSYYNGEEAILGGGAVRDQPQH,NIATNDY,GYKTK,LVGEANGGSQGNLI,SGDLS,YYNGEE,AILGGGAVRDQPQH,0
AVFDRKSDAK,VGISALSSGKAVRVLMEYGNKLVMNHEYSVGEGTASSPGLASPYSYNEQF,VGISA,LSSGK,AVRVLMEYGNKLV,MNHEY,SVGEGT,ASSPGLASPYSYNEQF,0
NLVPMVATV,TISGTDYGLTSNILDNNNDMRSGHVSFNYEAQASSLAPGTTNEKLF,TISGTDY,GLTSN,ILDNNNDMR,SGHVS,FNYEAQ,ASSLAPGTTNEKLF,1
RAKFKQLL,DSASNYIRSNVGEAYGGSQGNLISNHLYFYNNEIASSEGQVSPGELF,DSASNY,IRSNVGE,AYGGSQGNLI,SNHLY,FYNNEI,ASSEGQVSPGELF,0
AVFDRKSDAK,TRDTTYYRNSFDEQNALSESGGNYQLILNHDASQIVNDASMSSGANVLT,TRDTTYY,RNSFDEQN,ALSESGGNYQLI,LNHDA,SQIVND,ASMSSGANVLT,1
KLGGALQAK,SIFNTLYKAGELAGQLWTGTASKLTSGHNTYYREEEASSLGRGIYEQY,SIFNT,LYKAGEL,AGQLWTGTASKLT,SGHNT,YYREEE,ASSLGRGIYEQY,0
ELAGIGILTV,DSSSTYIFSNMDMAEGETSYDKVISGHNSFNNNVPASRILDRGEAGELF,DSSSTY,IFSNMDM,AEGETSYDKVI,SGHNS,FNNNVP,ASRILDRGEAGELF,0
GILGFVFTL,NSASQSVYSSGVVKGPGGFKTIFGDFQATTSNEGSKASARDGLNEQFFG,NSASQS,VYSSG,VVKGPGGFKTIFG,DFQATT,SNEGSKA,SARDGLNEQFFG,0
KLGGALQAK,NSASDYIRSNMDKADSGGGADGLTSGHATFQNNGVASSLGVAGTNTGELF,NSASDY,IRSNMDK,ADSGGGADGLT,SGHAT,FQNNGV,ASSLGVAGTNTGELF,0
KLGGALQAK,SVFSSVVTGGEVAGVGSWGKLQSGHNSFNNNVPASSFSGNTGELF,SVFSS,VVTGGEV,AGVGSWGKLQ,SGHNS,FNNNVP,ASSFSGNTGELF,0
LLWNGPMAV,TSGFNGNVLDGLALDNYGQNFVSGHATFQNNGVASSLDPGRGQETQY,TSGFNG,NVLDGL,ALDNYGQNFV,SGHAT,FQNNGV,ASSLDPGRGQETQY,0
RAKFKQLL,DSSSTYIFSNMDMAEMEGGSYIPTLNHDASQIVNDASSIRSSYEQY,DSSSTY,IFSNMDM,AEMEGGSYIPT,LNHDA,SQIVND,ASSIRSSYEQY,1
GILGFVFTL,DSASNYIRSNVGEAASIPNQAGTALISGHNSFNNNVPASSFSGNTGELF,DSASNY,IRSNVGE,AASIPNQAGTALI,SGHNS,FNNNVP,ASSFSGNTGELF,0
IVTDFSVIK,YGATPYYFSGDTLVAVGAPGYSGTYKYIMDHENSYDVKMASSLEVARLAGEGYEQY,YGATPY,YFSGDTLV,AVGAPGYSGTYKYI,MDHEN,SYDVKM,ASSLEVARLAGEGYEQY,0
KLGGALQAK,DSASNYIRSNVGEAAAETSYDKVISGHNSFNNNVPASSNSGANVLT,DSASNY,IRSNVGE,AAAETSYDKVI,SGHNS,FNNNVP,ASSNSGANVLT,0
RAKFKQLL,DRGSQSIYSNGDAVNWEEQGGSYIPTDFQATTSNEGSKASAPPLAGGVDTQY,DRGSQS,IYSNGD,AVNWEEQGGSYIPT,DFQATT,SNEGSKA,SAPPLAGGVDTQY,0
AVFDRKSDAK,TSGFNGNVLDGLAVNEGDYKLSDFQATTSNEGSKASARHLSGIEQF,TSGFNG,NVLDGL,AVNEGDYKLS,DFQATT,SNEGSKA,SARHLSGIEQF,0
AVFDRKSDAK,DSVNNIPSGTAVEPLYGNKLVKGHDRSFDVKDATSDRLAGGELF,DSVNN,IPSGT,AVEPLYGNKLV,KGHDR,SFDVKD,ATSDRLAGGELF,0
AVFDRKSDAK,VGISALSSGKAASLWNTDKLIMNHEYSMNVEVASSLISTSVYNEQF,VGISA,LSSGK,AASLWNTDKLI,MNHEY,SMNVEV,ASSLISTSVYNEQF,0
GILGFVFTL,DRGSQSIYSNGDAVSPDKLIMNHEYSMNVEVASSPSAGPGYGYT,DRGSQS,IYSNGD,AVSPDKLI,MNHEY,SMNVEV,ASSPSAGPGYGYT,0
RAKFKQLL,YGATPYYFSGDTLVAVGLNNNAGNMLTLGHNAYSLEERASSQAYDARYEQF,YGATPY,YFSGDTLV,AVGLNNNAGNMLT,LGHNA,YSLEER,ASSQAYDARYEQF,0
RAKFKQLL,DRGSQSIYSNGDAVGNSGGYQKVTLGHNAYSLEERASSQDHNRGQGYT,DRGSQS,IYSNGD,AVGNSGGYQKVT,LGHNA,YSLEER,ASSQDHNRGQGYT,0
CINGVCWTV,DRGSQSIYSNGDAVNKVTSGGSNYKLTSGHNSFNNNVPASSFLDRGPNTEAF,DRGSQS,IYSNGD,AVNKVTSGGSNYKLT,SGHNS,FNNNVP,ASSFLDRGPNTEAF,0
SPRWYFYYL,SVFSSVVTGGEVAGAGSQGNLISGHRSYFSETQASSPGGLAGADTQY,SVFSS,VVTGGEV,AGAGSQGNLI,SGHRS,YFSETQ,ASSPGGLAGADTQY,0
RAKFKQLL,NIATNDYGYKTKLVGDQILTGGGNKLTSGHTAFQGNSAASSLATGSGNQPQH,NIATNDY,GYKTK,LVGDQILTGGGNKLT,SGHTA,FQGNSA,ASSLATGSGNQPQH,0
GILGFVFTL,DRGSQSIYSNGDAAGGSGYALNMRHNASNTAGTASSDAVGQGTDTQY,DRGSQS,IYSNGD,AAGGSGYALN,MRHNA,SNTAGT,ASSDAVGQGTDTQY,0
GILGFVFTL,NIATNDYGYKTKLVTGSARQLTLGHNAYNFKEQASSQEQGGWGEQY,NIATNDY,GYKTK,LVTGSARQLT,LGHNA,YNFKEQ,ASSQEQGGWGEQY,0
GILGFVFTL,TISGTDYGLTSNILRKAFFMKTSYDKVISGHDTYYEEEEASSLALAPRSYNEQF,TISGTDY,GLTSN,ILRKAFFMKTSYDKVI,SGHDT,YYEEEE,ASSLALAPRSYNEQF,0
CINGVCWTV,NSAFQYTYSSGNAMSGGLNTGNQFYSGHRSYFSETQASSLAGEQF,NSAFQY,TYSSGN,AMSGGLNTGNQFY,SGHRS,YFSETQ,ASSLAGEQF,0
IVTDFSVIK,SIFNTLYKAGELAGRHGGTSYGKLTSGHDYFNNNVPASSLAYILGLGDEQF,SIFNT,LYKAGEL,AGRHGGTSYGKLT,SGHDY,FNNNVP,ASSLAYILGLGDEQF,0
ELAGIGILTV,SIFNTLYKAGELAGLETSGTYKYISGHNTYYREEEASSYKPGQRDYT,SIFNT,LYKAGEL,AGLETSGTYKYI,SGHNT,YYREEE,ASSYKPGQRDYT,0
CINGVCWTV,DSASNYIRSNVGEAATETSYDKVISGHNTYYREEEASKRQGSLSYEQY,DSASNY,IRSNVGE,AATETSYDKVI,SGHNT,YYREEE,ASKRQGSLSYEQY,0
KLGGALQAK,DRGSQSIYSNGDAVTARLMMGHRAYSYEKLASRAEDSGVHEQF,DRGSQS,IYSNGD,AVTARLM,MGHRA,YSYEKL,ASRAEDSGVHEQF,0
RAKFKQLL,NSMFDYISSIKDKAPPNSGNTPLKGHDRSFDVKDTSIAPI,NSMFDY,ISSIKDK,APPNSGNTPL,KGHDR,SFDVKD,TSIAPI,0
RAKFKQLL,DSASNYIRSNVGEAPPSMNHEYSVGEGTASSWGQGSPLH,DSASNY,IRSNVGE,APPS,MNHEY,SVGEGT,ASSWGQGSPLH,0
SLFNTVATLY,KTLYGLQKGGEEGAEKGIQGAQKLVSGHATFQNNGVASSLAPGASGRSYNEQF,KTLYG,LQKGGEE,GAEKGIQGAQKLV,SGHAT,FQNNGV,ASSLAPGASGRSYNEQF,0
RLRAEAQVK,SVFSSVVTGGEVALEGGGADGLTFGMNHNSSASEGTASSEAELLSSYNEQFFG,SVFSS,VVTGGEV,ALEGGGADGLTFG,MNHNS,SASEGT,ASSEAELLSSYNEQFFG,0
KLGGALQAK,DSAIYNIQSSQREAVRNQGGSEKLVLNHDASQIVNDASSARSSYEQY,DSAIYN,IQSSQRE,AVRNQGGSEKLV,LNHDA,SQIVND,ASSARSSYEQY,0
AVFDRKSDAK,VSGNPYYITGDNLVAVRDIGGTALIMNHNSSASEGTASSDLDSNQPQH,VSGNPY,YITGDNLV,AVRDIGGTALI,MNHNS,SASEGT,ASSDLDSNQPQH,0
FEDLRLLSF,TSINNIRSNEREATPLDSWGKLQLGHDTYNNKELASSHRTTYNEQF,TSINN,IRSNERE,ATPLDSWGKLQ,LGHDT,YNNKEL,ASSHRTTYNEQF,0
GILGFVFTL,DRGSQSIYSNGDAGLEYGNKLVSGDLSYYNGEEASSVGVLAGNEQF,DRGSQS,IYSNGD,AGLEYGNKLV,SGDLS,YYNGEE,ASSVGVLAGNEQF,0
GLCTLVAML,SSVPPYYTSAATLVAVSAGGGFKTIKGHSHLQKENIASSEDDFTGTDTQY,SSVPPY,YTSAATLV,AVSAGGGFKTI,KGHSH,LQKENI,ASSEDDFTGTDTQY,0
LLWNGPMAV,TSINNIRSNEREATADSWGKLQSGHRSYFSETQASSLESGDSYNEQF,TSINN,IRSNERE,ATADSWGKLQ,SGHRS,YFSETQ,ASSLESGDSYNEQF,0
GILGFVFTL,YGATPYYFSGDTLVAVGLFNFNKFYDFQATTSNEGSKASARDRVGNTIY,YGATPY,YFSGDTLV,AVGLFNFNKFY,DFQATT,SNEGSKA,SARDRVGNTIY,0
GLCTLVAML,SIFNTLYKAGELAGHTGNQFYENHRYSYGVKDAISDPGLAGGGGEQF,SIFNT,LYKAGEL,AGHTGNQFY,ENHRY,SYGVKD,AISDPGLAGGGGEQF,0
KLGGALQAK,VSGLRGLYSAGEEAVQAGYNTDKLISGHRSYFSETQASSLSWQELYGYT,VSGLRG,LYSAGEE,AVQAGYNTDKLI,SGHRS,YFSETQ,ASSLSWQELYGYT,0
NLVPMVATV,NSASQSVYSSGVVGDDKIISGDLSYYNGEEASSGGTADTQY,NSASQS,VYSSG,VVGDDKII,SGDLS,YYNGEE,ASSGGTADTQY,0
KLGGALQAK,TSENNYYQEAYKQQNAFLQGGSEKLVMDHENSYDVKMASSLFGLAGVEETQY,TSENNYY,QEAYKQQN,AFLQGGSEKLV,MDHEN,SYDVKM,ASSLFGLAGVEETQY,0
AVFDRKSDAK,VSGNPYYITGDNLVAVRDPHYGGSQGNLISGHKSYYEKEEASSTGGEVQY,VSGNPY,YITGDNLV,AVRDPHYGGSQGNLI,SGHKS,YYEKEE,ASSTGGEVQY,1
KLGGALQAK,DSVNNIPSGTAVERDTGGFKTISNHLYFYNNEIASPTKRGGNNEQF,DSVNN,IPSGT,AVERDTGGFKTI,SNHLY,FYNNEI,ASPTKRGGNNEQF,0
RAKFKQLL,TSGFNGNVLDGLAVRGRDYKLSLGHDTYNNKELASSQPVAARGAQY,TSGFNG,NVLDGL,AVRGRDYKLS,LGHDT,YNNKEL,ASSQPVAARGAQY,1
CINGVCWTV,NSASQSVYSSGVARYNFNKFYGTSNPNSVGIGAWSVLGGNTEAF,NSASQS,VYSSG,VARYNFNKFY,GTSNPN,SVGIG,AWSVLGGNTEAF,0
RAKFKQLL,TSESDYYQEAYKQQNALMSARLMSGHNSFNNNVPASSFARAQADTQY,TSESDYY,QEAYKQQN,ALMSARLM,SGHNS,FNNNVP,ASSFARAQADTQY,0
RAKFKQLL,DSAIYNIQSSQREAVYAGGADGLTSGHTAFQGTGAASSPTPSGYEQY,DSAIYN,IQSSQRE,AVYAGGADGLT,SGHTA,FQGTGA,ASSPTPSGYEQY,0
RAKFKQLL,DSSSTYIFSNMDMAESINQGGKLIDFQATTSNEGSKASARLPRDYSNQPQH,DSSSTY,IFSNMDM,AESINQGGKLI,DFQATT,SNEGSKA,SARLPRDYSNQPQH,0
ELAGIGILTV,DRGSQSIYSNGDAVGGSARQLTSNHLYFYNNEIASSEGQTGNTIY,DRGSQS,IYSNGD,AVGGSARQLT,SNHLY,FYNNEI,ASSEGQTGNTIY,1
RAKFKQLL,TSGFNGNVLDGLAVENQGGKLIKGHTFFQNEQVASSQSPGAGGTEAF,TSGFNG,NVLDGL,AVENQGGKLI,KGHTF,FQNEQV,ASSQSPGAGGTEAF,0
IVTDFSVIK,DSASNYIRSNVGEAASFVERSNYKLTMNHEYSVGEGTASEEQGGLETQY,DSASNY,IRSNVGE,AASFVERSNYKLT,MNHEY,SVGEGT,ASEEQGGLETQY,0
KLGGALQAK,TSINNIRSNEREAPSLMDTGRRALTSGHNSFNNNVPASSFGGDGYNEQF,TSINN,IRSNERE,APSLMDTGRRALT,SGHNS,FNNNVP,ASSFGGDGYNEQF,0
CINGVCWTV,SSVPPYYTSAATLVAVTFTGNTPLVLNHDASQIVNDASSTRSQETQY,SSVPPY,YTSAATLV,AVTFTGNTPLV,LNHDA,SQIVND,ASSTRSQETQY,0
GILGFVFTL,TISGTDYGLTSNILNYGGSQGNLIDFQATTSNEGSKASASEGMGYNEQF,TISGTDY,GLTSN,ILNYGGSQGNLI,DFQATT,SNEGSKA,SASEGMGYNEQF,0
RAKFKQLL,TTSDRLLSNGAVAVDRLDTDKLIMGHRAYSYEKLASSQQETYEQY,TTSDR,LLSNGAV,AVDRLDTDKLI,MGHRA,YSYEKL,ASSQQETYEQY,0
KLGGALQAK,TSGFNGNVLDGLAVRDSDYKLSSEHNRFQNEAQASNLLANTGELF,TSGFNG,NVLDGL,AVRDSDYKLS,SEHNR,FQNEAQ,ASNLLANTGELF,0
GILGFVFTL,DRGSQSIYSNGDAVNEGLGSARQLTKGHDRSFDVKDATSDSSGGSGYT,DRGSQS,IYSNGD,AVNEGLGSARQLT,KGHDR,SFDVKD,ATSDSSGGSGYT,0
IVTDFSVIK,NIATNDYGYKTKLVGVRRSNDYKLSLGHDTYNNKELASSQEAGFWGEQY,NIATNDY,GYKTK,LVGVRRSNDYKLS,LGHDT,YNNKEL,ASSQEAGFWGEQY,0
KLGGALQAK,DSAIYNIQSSQREAVGANFGNEKLTLNHDASQIVNDASSWAGPHTEAF,DSAIYN,IQSSQRE,AVGANFGNEKLT,LNHDA,SQIVND,ASSWAGPHTEAF,0
KLGGALQAK,DRGSQSIYSNGDAPKAAGNKLTSEHNRFQNEAQASSLDLGTGELF,DRGSQS,IYSNGD,APKAAGNKLT,SEHNR,FQNEAQ,ASSLDLGTGELF,1
ELAGIGILTV,DRGSQSIYSNGDAAQGGKLIMNHEYSMNVEVASSSGTGVFLAEAF,DRGSQS,IYSNGD,AAQGGKLI,MNHEY,SMNVEV,ASSSGTGVFLAEAF,1
GILGFVFTL,TTLSNLVKSGEVAGPEDGGSQGNLILNHDASQIVNDASSIRSSGPQF,TTLSN,LVKSGEV,AGPEDGGSQGNLI,LNHDA,SQIVND,ASSIRSSGPQF,1
GILGFVFTL,NSASDYIRSNMDKADHMDTGRRALTKGHDRSFDVKDATSTGGQPQH,NSASDY,IRSNMDK,ADHMDTGRRALT,KGHDR,SFDVKD,ATSTGGQPQH,0
IVTDFSVIK,VGISALSSGKAVAGSGGSNYKLTSGHRSYFSETQASSLEASGPYNEQF,VGISA,LSSGK,AVAGSGGSNYKLT,SGHRS,YFSETQ,ASSLEASGPYNEQF,1
GILGFVFTL,ATGYPSATKADDKALQGSQGNLILNHDASHIVNDASSSRSGVEQY,ATGYPS,ATKADDK,ALQGSQGNLI,LNHDA,SHIVND,ASSSRSGVEQY,1
RAKFKQLL,NIATNDYGYKTKLVGDAYSGGYQKVTSGHNSFNNNVPASSFSGNTGELF,NIATNDY,GYKTK,LVGDAYSGGYQKVT,SGHNS,FNNNVP,ASSFSGNTGELF,1
AVFDRKSDAK,TSGFNGNVLDGLAVRDSNYQLIMRHNASNTAGTASSDSTSGGNEQF,TSGFNG,NVLDGL,AVRDSNYQLI,MRHNA,SNTAGT,ASSDSTSGGNEQF,0
ATDALMTGF,TISGTDYGLTSNILGWGKLQMNHEYSMNVEVASSLDRVTGELF,TISGTDY,GLTSN,ILGWGKLQ,MNHEY,SMNVEV,ASSLDRVTGELF,0
KLGGALQAK,TSGFNGNVLDGLAVRGPEGGGNKLTSGDLSYYNGEEASSAGTSGQETQY,TSGFNG,NVLDGL,AVRGPEGGGNKLT,SGDLS,YYNGEE,ASSAGTSGQETQY,0
GILGFVFTL,NSASQSVYSSGVVNLAGANNLFSGHRSYFSETQASSPDRAEEQF,NSASQS,VYSSG,VVNLAGANNLF,SGHRS,YFSETQ,ASSPDRAEEQF,0
GLCTLVAML,DSASNYIRSNVGEAASETSYDKVISEHNRFQNEAQASSSLGGGNTEAF,DSASNY,IRSNVGE,AASETSYDKVI,SEHNR,FQNEAQ,ASSSLGGGNTEAF,0
SPRWYFYYL,TTLSNLVKSGEVAGPVYDYKLSSGHVSFQNEAQASSLSGTGDYEQY,TTLSN,LVKSGEV,AGPVYDYKLS,SGHVS,FQNEAQ,ASSLSGTGDYEQY,0
KLGGALQAK,SSVPPYYTSAATLVAVRNLDVDGGATNKLISGHDNFVKESKASSQVLGDTQY,SSVPPY,YTSAATLV,AVRNLDVDGGATNKLI,SGHDN,FVKESK,ASSQVLGDTQY,1
GILGFVFTL,NSAFQYTYSSGNAMSASNFGNEKLTSGHTAFQGNSAASSSIRGPLSGNTIY,NSAFQY,TYSSGN,AMSASNFGNEKLT,SGHTA,FQGNSA,ASSSIRGPLSGNTIY,1
AVFDRKSDAK,TRDTTYYRNSFDEQNALSGDTGNQFYKGHSHLQKENIASSPSQGGNTDTQY,TRDTTYY,RNSFDEQN,ALSGDTGNQFY,KGHSH,LQKENI,ASSPSQGGNTDTQY,0
GILGFVFTL,TSENNYYQEAYKQQNAFMKGAGGTSYGKLTSGDLSYYNGEEASSVRSSMNTEAF,TSENNYY,QEAYKQQN,AFMKGAGGTSYGKLT,SGDLS,YYNGEE,ASSVRSSMNTEAF,1
NLVPMVATV,TISGTDYGLTSNILSTYNNNDMRMNHEYSVGAGIASSYEGSQGNEQF,TISGTDY,GLTSN,ILSTYNNNDMR,MNHEY,SVGAGI,ASSYEGSQGNEQF,0
GLCTLVAML,TRDTTYYRNSFDEQNALSEIGNAGGTSYGKLTSGDLSYYNGEEASSVGQVFYSGT,TRDTTYY,RNSFDEQN,ALSEIGNAGGTSYGKLT,SGDLS,YYNGEE,ASSVGQVFYSGT,0
KLGGALQAK,YSGSPEHISRAPVMNHNSSASEGTASSEQYTEAF,YSGSPE,HISR,APV,MNHNS,SASEGT,ASSEQYTEAF,1
KLGGALQAK,TSINNIRSNEREARSRNKQGGIFFMNHEYSMNVEVASSLMGQGINQPQH,TSINN,IRSNERE,ARSRNKQGGIFF,MNHEY,SMNVEV,ASSLMGQGINQPQH,0
LLWNGPMAV,TSGFNGNVLDGLAALINARLMMNHEYSVGEGTASSDGTSGGGEQY,TSGFNG,NVLDGL,AALINARLM,MNHEY,SVGEGT,ASSDGTSGGGEQY,0
ELAGIGILTV,TSGFNGNVLDGLAVMDSSYKLIMRHNASNTAGTASSAGTSPTDTQY,TSGFNG,NVLDGL,AVMDSSYKLI,MRHNA,SNTAGT,ASSAGTSPTDTQY,0
AVFDRKSDAK,NIATNDYGYKTKLVEPPPGNGGFKTIDFQATTSNEGSKASATGGRHTGELF,NIATNDY,GYKTK,LVEPPPGNGGFKTI,DFQATT,SNEGSKA,SATGGRHTGELF,0
AVFDRKSDAK,NSAFQYTYSSGNAMMGDSWGKLQMNHEYSVGAGIASSEQGYEQY,NSAFQY,TYSSGN,AMMGDSWGKLQ,MNHEY,SVGAGI,ASSEQGYEQY,1
AVFDRKSDAK,NIATNDYGYKTKLVNPDDYKLSGTSNPNSVGIGAWSVAGTNTEAF,NIATNDY,GYKTK,LVNPDDYKLS,GTSNPN,SVGIG,AWSVAGTNTEAF,0
ELAGIGILTV,TSGFYGNALDGLAVKAAGNKLTLGHDTYNNKELASSQDLQGVKNAEAF,TSGFYG,NALDGL,AVKAAGNKLT,LGHDT,YNNKEL,ASSQDLQGVKNAEAF,0
GILGFVFTL,YGGTVNYFSGDPLVAVNAGGTSYGKLTDFQATTSNEGSKASADGGPTTPNEQY,YGGTVN,YFSGDPLV,AVNAGGTSYGKLT,DFQATT,SNEGSKA,SADGGPTTPNEQY,0
KLGGALQAK,DRGSQSIYSNGDAVNRGYGGSQGNLILNHDASQIVNDASSMRASVEQY,DRGSQS,IYSNGD,AVNRGYGGSQGNLI,LNHDA,SQIVND,ASSMRASVEQY,0
NLVPMVATV,VSGLRGLYSAGEEAVQAGYNTDKLISGHRSYFSETQASSLSWQELYGYT,VSGLRG,LYSAGEE,AVQAGYNTDKLI,SGHRS,YFSETQ,ASSLSWQELYGYT,0
ELAGIGILTV,DRGSQSIYSNGDAVNKITGGGNKLTMDHENSYDVKMASKIQGSPEAF,DRGSQS,IYSNGD,AVNKITGGGNKLT,MDHEN,SYDVKM,ASKIQGSPEAF,1
GLCTLVAML,DSAIYNIQSSQREAVGGRTSYDKVIMNHEYSMNVEVASSFSQATEAF,DSAIYN,IQSSQRE,AVGGRTSYDKVI,MNHEY,SMNVEV,ASSFSQATEAF,0
ELAGIGILTV,DSASNYIRSNVGEAASGPGDDKIIMNHEYSMNVEVASSPHFQVDTGELF,DSASNY,IRSNVGE,AASGPGDDKII,MNHEY,SMNVEV,ASSPHFQVDTGELF,0
AVFDRKSDAK,DSVNNIPSGTAVTPPPSYDKVISGHDYFNNNVPASSSVSGYT,DSVNN,IPSGT,AVTPPPSYDKVI,SGHDY,FNNNVP,ASSSVSGYT,0
IVTDFSVIK,DRGSQSIYSNGDAVPLTGGGNKLTSGHATFQNNGVASSLGVAGTNTGELF,DRGSQS,IYSNGD,AVPLTGGGNKLT,SGHAT,FQNNGV,ASSLGVAGTNTGELF,0
RLRAEAQVK,SVFSSVVTGGEVAGEGDYKLSLNHDASQIVNDASSRDFQETQY,SVFSS,VVTGGEV,AGEGDYKLS,LNHDA,SQIVND,ASSRDFQETQY,1
RAKFKQLL,ATGYPSATKADDKALEDGQKLLSEHNRFQNEAQASSLTDRPTYEQY,ATGYPS,ATKADDK,ALEDGQKLL,SEHNR,FQNEAQ,ASSLTDRPTYEQY,0
GILGFVFTL,DSSSTYIFSNMDMADHGGATNKLIMGHRAYSYEKLASSTGAGVNEQY,DSSSTY,IFSNMDM,ADHGGATNKLI,MGHRA,YSYEKL,ASSTGAGVNEQY,0
AVFDRKSDAK,VSGNPYYITGDNLVAVFFGFGNVLHMNHEYSMNVEVASSPTGGSPSPLHFG,VSGNPY,YITGDNLV,AVFFGFGNVLH,MNHEY,SMNVEV,ASSPTGGSPSPLHFG,0
KLGGALQAK,DSASNYIRSNVGEAAQPPTGNQFYSGHATFQNNGVASSFLTGQGETQY,DSASNY,IRSNVGE,AAQPPTGNQFY,SGHAT,FQNNGV,ASSFLTGQGETQY,0
AVFDRKSDAK,TRDTTYYRNSFDEQNALSEGVGKLILNHDASQIVNDASSIRSSYEQY,TRDTTYY,RNSFDEQN,ALSEGVGKLI,LNHDA,SQIVND,ASSIRSSYEQY,0
ELAGIGILTV,TRDTTYYRNSFDEQNALTGANSKLTLGHNAYSLEERASSQDRVGGGNEQF,TRDTTYY,RNSFDEQN,ALTGANSKLT,LGHNA,YSLEER,ASSQDRVGGGNEQF,0
RAKFKQLL,TSGFNGNVLDGLAVIQAGNMLTLNHNVYYDKDFATSSLNPGTEAF,TSGFNG,NVLDGL,AVIQAGNMLT,LNHNV,YYDKDF,ATSSLNPGTEAF,0
RAKFKQLL,DSAIYNIQSSQREAVPNFGNEKLTLGHDTYNNKELASSQDFTQGFAYEQY,DSAIYN,IQSSQRE,AVPNFGNEKLT,LGHDT,YNNKEL,ASSQDFTQGFAYEQY,0
KLGGALQAK,VSGNPYYITGDNLVAVRDPLTPLVMNHEYSMNVEVASSLQSSYEQY,VSGNPY,YITGDNLV,AVRDPLTPLV,MNHEY,SMNVEV,ASSLQSSYEQY,0
GILGFVFTL,TISGTDYGLTSNILRIGYDYKLSSGHVSFNYEAQASSFFVGRKNTGELF,TISGTDY,GLTSN,ILRIGYDYKLS,SGHVS,FNYEAQ,ASSFFVGRKNTGELF,0
GLCTLVAML,TTLSNLVKSGEVAGKNSNDYKLSMNHEYSMNVEVASSPIRQDMGGYT,TTLSN,LVKSGEV,AGKNSNDYKLS,MNHEY,SMNVEV,ASSPIRQDMGGYT,0
GILGFVFTL,SVFSSVVTGGEVAGVGVNTGKLIMNHNYSVGAGIASSPFFRNSASTDTQY,SVFSS,VVTGGEV,AGVGVNTGKLI,MNHNY,SVGAGI,ASSPFFRNSASTDTQY,0
ELAGIGILTV,VSNAYNGSKPAVEGSSGSARQLTMNHEYSMNVEVASSSDGNEQF,VSNAYN,GSKP,AVEGSSGSARQLT,MNHEY,SMNVEV,ASSSDGNEQF,1
RAKFKQLL,VSGNPYYITGDNLVAVRDDTGGFKTISGDLSYYNGEEASSGEGGTTNTGELF,VSGNPY,YITGDNLV,AVRDDTGGFKTI,SGDLS,YYNGEE,ASSGEGGTTNTGELF,0
RAKFKQLL,DRGSQSIYSNGDAVPQAGTALILNHDASQIVNDASSPGALNTEAF,DRGSQS,IYSNGD,AVPQAGTALI,LNHDA,SQIVND,ASSPGALNTEAF,0
IVTDFSVIK,NSASQSVYSSGVVWGGSYIPTMDHENSYDVKMASSFPPDLNTGELF,NSASQS,VYSSG,VVWGGSYIPT,MDHEN,SYDVKM,ASSFPPDLNTGELF,0
RAKFKQLL,YGATPYYFSGDTLVAVGDNFNKFYLGHNAYNFKEQASSRLALLTDTQY,YGATPY,YFSGDTLV,AVGDNFNKFY,LGHNA,YNFKEQ,ASSRLALLTDTQY,0
AVFDRKSDAK,TSGFNGNVLDGLVQKSGGYQKVTMNHEYSVGEGTASSYPPTDTQY,TSGFNG,NVLDGL,VQKSGGYQKVT,MNHEY,SVGEGT,ASSYPPTDTQY,1
GILGFVFTL,TSINNIRSNEREATDAKGGSNYKLTSQVTMANQGSEASVGSGDGGEQF,TSINN,IRSNERE,ATDAKGGSNYKLT,SQVTM,ANQGSEA,SVGSGDGGEQF,0
KLGGALQAK,VSGNPYYITGDNLVAVRGYRDDKIIMNHEYSVGEGTAIRGAGGSRRDEQF,VSGNPY,YITGDNLV,AVRGYRDDKII,MNHEY,SVGEGT,AIRGAGGSRRDEQF,1
RAKFKQLL,DRGSQSIYSNGDAVNGSWGKLQMGHRAYSYEKLASSQGDSGDNTGELF,DRGSQS,IYSNGD,AVNGSWGKLQ,MGHRA,YSYEKL,ASSQGDSGDNTGELF,0
GLCTLVAML,YGGTVNYFSGDPLVAVSARLNTDKLISGHNSFNNNVPASSFSGNTGELF,YGGTVN,YFSGDPLV,AVSARLNTDKLI,SGHNS,FNNNVP,ASSFSGNTGELF,0
ELAGIGILTV,YGGTVNYFSGDPLVAVNAQGGGSTLGRLYLNHDASQIVNDASSIHGLETQY,YGGTVN,YFSGDPLV,AVNAQGGGSTLGRLY,LNHDA,SQIVND,ASSIHGLETQY,0
GLCTLVAML,DSAIYNIQSSQREAAASSQGAQKLVSGHRSYFSETQASSWDQGYSSYNEQF,DSAIYN,IQSSQRE,AAASSQGAQKLV,SGHRS,YFSETQ,ASSWDQGYSSYNEQF,0
RAKFKQLL,NSASDYIRSNMDKADSGGGADGLTSGHDTYYEEEEASSSTLYGSYNEQF,NSASDY,IRSNMDK,ADSGGGADGLT,SGHDT,YYEEEE,ASSSTLYGSYNEQF,1
GILGFVFTL,SSVSVYYLSGSTLVAVIVNQAGTALIDFQATTSNEGSKASALLLGSNEQF,SSVSVY,YLSGSTLV,AVIVNQAGTALI,DFQATT,SNEGSKA,SALLLGSNEQF,0
ELAGIGILTV,SSVSVYYLSGSTLVAVSGVGFKIISGHDNFVKESKASSYLAGGYNEQF,SSVSVY,YLSGSTLV,AVSGVGFKII,SGHDN,FVKESK,ASSYLAGGYNEQF,0
KLGGALQAK,DSASNYIRSNVGEAATETSYDKVISGHNSFNNNVPASGPPGGEKLF,DSASNY,IRSNVGE,AATETSYDKVI,SGHNS,FNNNVP,ASGPPGGEKLF,0
KLGGALQAK,DSSSTYIFSNMDMAERSASNTGKLILGHNAYSLEERASSHTSADEQF,DSSSTY,IFSNMDM,AERSASNTGKLI,LGHNA,YSLEER,ASSHTSADEQF,1
IVTDFSVIK,VSGLRGLYSAGEEAVQALRAAGNKLTSGHRSYFSETQASRGSSSISGANVLT,VSGLRG,LYSAGEE,AVQALRAAGNKLT,SGHRS,YFSETQ,ASRGSSSISGANVLT,0
CINGVCWTV,YGATPYYFSGDTLVAVGNLDGGSQGNLISGHKSYYEKEEASVGSYNEQF,YGATPY,YFSGDTLV,AVGNLDGGSQGNLI,SGHKS,YYEKEE,ASVGSYNEQF,0
ELAGIGILTV,NSASDYIRSNMDKAETWNNFNKFYSGHDTYYEEEEASSLGPITGLPYNEQF,NSASDY,IRSNMDK,AETWNNFNKFY,SGHDT,YYEEEE,ASSLGPITGLPYNEQF,0
FEDLRVLSF,SVFSSVVTGGEVAGGGFADYGGSQGNLILNHDASQIVNDASSLYSNQPQH,SVFSS,VVTGGEV,AGGGFADYGGSQGNLI,LNHDA,SQIVND,ASSLYSNQPQH,0
LLWNGPMAV,TTSDRLLSNGAVAVDISNAGNMLTSQVTMANQGSEASVVDYGYT,TTSDR,LLSNGAV,AVDISNAGNMLT,SQVTM,ANQGSEA,SVVDYGYT,0
GLCTLVAML,YGGTVNYFSGDPLVAVNEITGGFKTIMNHEYSVGEGTASSYSWTGGFYEQY,YGGTVN,YFSGDPLV,AVNEITGGFKTI,MNHEY,SVGEGT,ASSYSWTGGFYEQY,0
KLGGALQAK,TRDTTYYRNSFDEQNGGPSSNTGKLILNHDASQIVNDASSARSAETQY,TRDTTYY,RNSFDEQN,GGPSSNTGKLI,LNHDA,SQIVND,ASSARSAETQY,0
ELAGIGILTV,SIFNTLYKAGELAGHTGNQFYSEHNRFQNEAQASSPVTGGGSGANVLT,SIFNT,LYKAGEL,AGHTGNQFY,SEHNR,FQNEAQ,ASSPVTGGGSGANVLT,0
GILGFVFTL,YGATPYYFSGDTLVAVTRDDKIILNHDASQIVNDASSIYSNQPQH,YGATPY,YFSGDTLV,AVTRDDKII,LNHDA,SQIVND,ASSIYSNQPQH,1
ATDALMTGF,YGATPYYFSGDTLVAVDNNNDMRSGHDYFNNNVPASRTSGNEQF,YGATPY,YFSGDTLV,AVDNNNDMR,SGHDY,FNNNVP,ASRTSGNEQF,0
RAKFKQLL,NSASDYIRSNMDKAENGGGGADGLTSGHNSFNNNVPASSLGSATNEKLF,NSASDY,IRSNMDK,AENGGGGADGLT,SGHNS,FNNNVP,ASSLGSATNEKLF,1
RAKFKQLL,DRGSQSIYSNGDAVSGTDKLISGHKSYYEKEEASSLGGLGSPLH,DRGSQS,IYSNGD,AVSGTDKLI,SGHKS,YYEKEE,ASSLGGLGSPLH,0
CINGVCWTV,YGGTVNYFSGDPLVAVTGGFKTISGHATFQNNGVASSLYNEQF,YGGTVN,YFSGDPLV,AVTGGFKTI,SGHAT,FQNNGV,ASSLYNEQF,0
AVFDRKSDAK,SVFSSVVTGGEVAGARSGSQGNLILNHDASQIVNDASSVRSSYEQY,SVFSS,VVTGGEV,AGARSGSQGNLI,LNHDA,SQIVND,ASSVRSSYEQY,0
GILGFVFTL,NIATNDYGYKTKLVDGGATNKLIMGHRAYSYEKLASSHNGELF,NIATNDY,GYKTK,LVDGGATNKLI,MGHRA,YSYEKL,ASSHNGELF,0
LLWNGPMAV,YGGTVNYFSGDPLVALNTGGFKTIMNHEYSMNVEVASSLFPDNYGYT,YGGTVN,YFSGDPLV,ALNTGGFKTI,MNHEY,SMNVEV,ASSLFPDNYGYT,1
GILGFVFTL,SVFSSVVTGGEVAGPSGANNLFLNHDASQIVNDASSSRASYEQY,SVFSS,VVTGGEV,AGPSGANNLF,LNHDA,SQIVND,ASSSRASYEQY,1
GLCTLVAML,DSSSTYIFSNMDMAESTSGGKLIMNHEYSMNVEVASSPEGSYNEQF,DSSSTY,IFSNMDM,AESTSGGKLI,MNHEY,SMNVEV,ASSPEGSYNEQF,1
RAKFKQLL,TTLSNLVKSGEVAVSYGGSQGNLILNHDASQIVNDASSGRPTETQY,TTLSN,LVKSGEV,AVSYGGSQGNLI,LNHDA,SQIVND,ASSGRPTETQY,0
LLWNGPMAV,TISGTDYGLTSNILTHSNSGYALNSGDLSYYNGEEASSEVADYNEQF,TISGTDY,GLTSN,ILTHSNSGYALN,SGDLS,YYNGEE,ASSEVADYNEQF,0
KLGGALQAK,VSNAYNGSKPAVEDLKTGANNLFMGHRAYSYEKLASSLLWAEYNEQF,VSNAYN,GSKP,AVEDLKTGANNLF,MGHRA,YSYEKL,ASSLLWAEYNEQF,0
RAKFKQLL,TISGTDYGLTSNIVMDSNYQLILNHNVYYDKDFATSRDARVTEAF,TISGTDY,GLTSN,IVMDSNYQLI,LNHNV,YYDKDF,ATSRDARVTEAF,0
AVFDRKSDAK,TISGTDYGLTSNILSNNNDMRDFQATTSNEGSKASAPPAGEYSNQPQH,TISGTDY,GLTSN,ILSNNNDMR,DFQATT,SNEGSKA,SAPPAGEYSNQPQH,0
GILGFVFTL,TTLSNLVKSGEVAGNYGGSQGNLISGHDTYYEEEEASSLRDGSEAF,TTLSN,LVKSGEV,AGNYGGSQGNLI,SGHDT,YYEEEE,ASSLRDGSEAF,0
CINGVCWTV,YGGTVNYFSGDPLVAVIPGSNYQLILNHDASQIVNDASSDRSNTEAF,YGGTVN,YFSGDPLV,AVIPGSNYQLI,LNHDA,SQIVND,ASSDRSNTEAF,0
NLVPMVATV,TSGFNGNVLDGLAVRDFPGRRALTDFQATTSNEGSKASARDRSSYNEQF,TSGFNG,NVLDGL,AVRDFPGRRALT,DFQATT,SNEGSKA,SARDRSSYNEQF,0
AVFDRKSDAK,DRGSQSIYSNGDAVPGGGGSQGNLILNHDASQIVNDASSMRSTNEQF,DRGSQS,IYSNGD,AVPGGGGSQGNLI,LNHDA,SQIVND,ASSMRSTNEQF,0
RAKFKQLL,DSAIYNIQSSQREAVRNTGGFKTISGHATFQNNGVASSLSGQLDTQY,DSAIYN,IQSSQRE,AVRNTGGFKTI,SGHAT,FQNNGV,ASSLSGQLDTQY,0
ATDALMTGF,YGGTVNYFSGDPLVAVNSGYSTLTKGHDRSFDVKDATASGTVTDTQY,YGGTVN,YFSGDPLV,AVNSGYSTLT,KGHDR,SFDVKD,ATASGTVTDTQY,0
NLVPMVATV,ATGYPSATKADDKAQKGGGSNYKLTKGHSHLQKENIASSPQGYEQY,ATGYPS,ATKADDK,AQKGGGSNYKLT,KGHSH,LQKENI,ASSPQGYEQY,0
GILGFVFTL,DSASNYIRSNVGEAAPPSTGTASKLTDFQATTSNEGSKASARDETGNTIY,DSASNY,IRSNVGE,AAPPSTGTASKLT,DFQATT,SNEGSKA,SARDETGNTIY,0
GILGFVFTL,DSASNYIRSNVGEAAPYSGGSNYKLTSGHTAFQGTGAASSLVGTGELF,DSASNY,IRSNVGE,AAPYSGGSNYKLT,SGHTA,FQGTGA,ASSLVGTGELF,0
GILGFVFTL,YGATPYYFSGDTLVAVDNNNDMRSGHDYFNNNVPASRTSGNEQF,YGATPY,YFSGDTLV,AVDNNNDMR,SGHDY,FNNNVP,ASRTSGNEQF,0
RLRAEAQVK,VSGNPYYITGDNLVAVRDREKAAGNKLTMNHNSSASEGTASSEFGNEQF,VSGNPY,YITGDNLV,AVRDREKAAGNKLT,MNHNS,SASEGT,ASSEFGNEQF,0
AVFDRKSDAK,TSGFNGNVLDGLACRGFKTISGHNTYYREEEASSLGLEGGNEQF,TSGFNG,NVLDGL,ACRGFKTI,SGHNT,YYREEE,ASSLGLEGGNEQF,1
RAKFKQLL,TSGFNGNVLDGLGVSGGYNKLIMNHNSSASEGTASSLGLAGDNEQF,TSGFNG,NVLDGL,GVSGGYNKLI,MNHNS,SASEGT,ASSLGLAGDNEQF,0
IVTDFSVIK,TSGFNGNVLDGLAVLDSNYQLISGHDYFNNNVPASSPSSSYEQY,TSGFNG,NVLDGL,AVLDSNYQLI,SGHDY,FNNNVP,ASSPSSSYEQY,0
RAKFKQLL,NSAFQYTYSSGNAMEGGANNLFLNHDASQIVNDASTSVMTDSIYGYT,NSAFQY,TYSSGN,AMEGGANNLF,LNHDA,SQIVND,ASTSVMTDSIYGYT,0
RAKFKQLL,TSESDYYQEAYKQQNAYRTPYGGSQGNLIDFQATTSNEGSKASARPRESSNQPQH,TSESDYY,QEAYKQQN,AYRTPYGGSQGNLI,DFQATT,SNEGSKA,SARPRESSNQPQH,0
ELAGIGILTV,NIATNDYGYKTKLVEPPPGNGGFKTIDFQATTSNEGSKASATGGRHTGELF,NIATNDY,GYKTK,LVEPPPGNGGFKTI,DFQATT,SNEGSKA,SATGGRHTGELF,0
GILGFVFTL,KTLYGLQKGGEEGADSKTGSYQLTMDHENSYDVKMASSFLPRAYNEQF,KTLYG,LQKGGEE,GADSKTGSYQLT,MDHEN,SYDVKM,ASSFLPRAYNEQF,0
FEDLRLLSF,TSINNIRSNEREAPSLMDTGRRALTSGHNSFNNNVPASSFGGDGYNEQF,TSINN,IRSNERE,APSLMDTGRRALT,SGHNS,FNNNVP,ASSFGGDGYNEQF,0
RAKFKQLL,DRGSQSIYSNGDAVISTDKLIMNHEYSMNVEVASSLSTPQNEQF,DRGSQS,IYSNGD,AVISTDKLI,MNHEY,SMNVEV,ASSLSTPQNEQF,0
NLVPMVATV,YGGTVNYFSGDPLVAVNRNAGNMLTLNHDASQIVNDASSIRSSYEQY,YGGTVN,YFSGDPLV,AVNRNAGNMLT,LNHDA,SQIVND,ASSIRSSYEQY,0
RAKFKQLL,DSAIYNIQSSQREAVRRRGSQGNLISEHNRFQNEAQASSLEGQLNEQF,DSAIYN,IQSSQRE,AVRRRGSQGNLI,SEHNR,FQNEAQ,ASSLEGQLNEQF,0
GILGFVFTL,DRGSQSIYSNGDAVKKSNFGNEKLTDFQATTSNEGSKASAGLQVNTEAF,DRGSQS,IYSNGD,AVKKSNFGNEKLT,DFQATT,SNEGSKA,SAGLQVNTEAF,0
NLVPMVATV,TRDTTYYRNSFDEQNALSGDTGNQFYKGHSHLQKENIASSPSQGGNTDTQY,TRDTTYY,RNSFDEQN,ALSGDTGNQFY,KGHSH,LQKENI,ASSPSQGGNTDTQY,0
GILGFVFTL,DRGSQSIYSNGDAVTGYALNLNHDASQIVNDASRPGQGYEQY,DRGSQS,IYSNGD,AVTGYALN,LNHDA,SQIVND,ASRPGQGYEQY,0
AVFDRKSDAK,NSASDYIRSNMDKADSGGGADGLTSGHDNFVKESKASSQEGYTEAF,NSASDY,IRSNMDK,ADSGGGADGLT,SGHDN,FVKESK,ASSQEGYTEAF,0
GILGFVFTL,ATGYPSATKADDKALYNTDKLILGHDTYNNKELASSPTSGSVYEQY,ATGYPS,ATKADDK,ALYNTDKLI,LGHDT,YNNKEL,ASSPTSGSVYEQY,0
GLCTLVAML,SSNFYAMTLNGDEAFEKLSMDHENSYDVKMASSFQGTSYEQY,SSNFYA,MTLNGDE,AFEKLS,MDHEN,SYDVKM,ASSFQGTSYEQY,0
LLWNGPMAV,DRGSQSIYSNGDAVKKGQNFVDFQATTSNEGSKASAESGNTEAF,DRGSQS,IYSNGD,AVKKGQNFV,DFQATT,SNEGSKA,SAESGNTEAF,0
AVFDRKSDAK,NSMFDYISSIKDKAVLRGGADGLTMNHEYSMNVEVASSSGAGLDEQF,NSMFDY,ISSIKDK,AVLRGGADGLT,MNHEY,SMNVEV,ASSSGAGLDEQF,0
HPVTKYIM,DSASNYIRSNVGEAAMETSYDKVIKGHSHLQKENIASSPRKDSTGELF,DSASNY,IRSNVGE,AAMETSYDKVI,KGHSH,LQKENI,ASSPRKDSTGELF,0
AVFDRKSDAK,DRGSQSIYSNGDAVTGDKLISGHDYFNNNVPALSDLGGSGNTGKLI,DRGSQS,IYSNGD,AVTGDKLI,SGHDY,FNNNVP,ALSDLGGSGNTGKLI,0
GILGFVFTL,TSGFNGNVLDGLAVRGLGGSQGNLISGHTSYDEGEEASSLVGEQF,TSGFNG,NVLDGL,AVRGLGGSQGNLI,SGHTS,YDEGEE,ASSLVGEQF,0
RAKFKQLL,NSAFQYTYSSGNAMTGTTNAGKSTSGHNSFNNNVPASTYGSYGYT,NSAFQY,TYSSGN,AMTGTTNAGKST,SGHNS,FNNNVP,ASTYGSYGYT,0
KLGGALQAK,SSNFYAMTLNGDEAFIHLEYGNKLVMNHEYSVGAGIASSTLTGAETQY,SSNFYA,MTLNGDE,AFIHLEYGNKLV,MNHEY,SVGAGI,ASSTLTGAETQY,0
AVFDRKSDAK,DRGSQSIYSNGDAAPYSGGGADGLTKGHDRSFDVKDATSDYVSGTLQETQY,DRGSQS,IYSNGD,AAPYSGGGADGLT,KGHDR,SFDVKD,ATSDYVSGTLQETQY,0
LLWNGPMAV,TSENNYYQEAYKQQNAFMKGSGGSQGNLISGDLSYYNGEEASSPRREYTYEQY,TSENNYY,QEAYKQQN,AFMKGSGGSQGNLI,SGDLS,YYNGEE,ASSPRREYTYEQY,0
RAKFKQLL,NIATNDYGYKTKLVASPSGGYNKLISGHDTYYEEEEASSLARQEETQY,NIATNDY,GYKTK,LVASPSGGYNKLI,SGHDT,YYEEEE,ASSLARQEETQY,0
GILGFVFTL,DRGSQSIYSNGDAVNDDKIILNHNVYYDKDFATGRDRAYEQY,DRGSQS,IYSNGD,AVNDDKII,LNHNV,YYDKDF,ATGRDRAYEQY,0
CINGVCWTV,TRDTTYYRNSFDEQNALTPNTNAGKSTENHRYSYGVKDAISGMVVRGGDSYNEQF,TRDTTYY,RNSFDEQN,ALTPNTNAGKST,ENHRY,SYGVKD,AISGMVVRGGDSYNEQF,0
RAKFKQLL,TSENNYYQEAYKQQNASFYNQGGKLISEHNRFQNEAQASSLPGELF,TSENNYY,QEAYKQQN,ASFYNQGGKLI,SEHNR,FQNEAQ,ASSLPGELF,0
SPRWYFYYL,ATGYPSATKADDKALSGSKAGTALISGHRSYFSETQASVRTTDSYNEQF,ATGYPS,ATKADDK,ALSGSKAGTALI,SGHRS,YFSETQ,ASVRTTDSYNEQF,0
AVFDRKSDAK,TISGNEYGLKNNIQRLFSGSARQLTSGDLSYYNGEEASSSGGAGTEAF,TISGNEY,GLKNN,IQRLFSGSARQLT,SGDLS,YYNGEE,ASSSGGAGTEAF,0
AVFDRKSDAK,DSASNYIRSNVGEAASGGGSQGNLISGHNSFNNNVPASSFSGNTGELF,DSASNY,IRSNVGE,AASGGGSQGNLI,SGHNS,FNNNVP,ASSFSGNTGELF,0
GILGFVFTL,DSASNYIRSNVGEAASETSYDKVIMGHRAYSYEKLASSPLAGIYNEQF,DSASNY,IRSNVGE,AASETSYDKVI,MGHRA,YSYEKL,ASSPLAGIYNEQF,0
AVFDRKSDAK,DSASNYIRSNVGEAAMETSYDKVIKGHSHLQKENIASSPRKDSTGELF,DSASNY,IRSNVGE,AAMETSYDKVI,KGHSH,LQKENI,ASSPRKDSTGELF,0
RAKFKQLL,TSINNIRSNEREASPHQKVTLNHDASQIVNDASSQRSTDTQY,TSINN,IRSNERE,ASPHQKVT,LNHDA,SQIVND,ASSQRSTDTQY,0
RAKFKQLL,YGATPYYFSGDTLVAVGRPDTSGTYKYIDFQATTSNEGSKASAYSTGQGIYEQY,YGATPY,YFSGDTLV,AVGRPDTSGTYKYI,DFQATT,SNEGSKA,SAYSTGQGIYEQY,0
KLGGALQAK,DRGSQSIYSNGDAAPYSGGGADGLTKGHDRSFDVKDATSDYVSGTLQETQY,DRGSQS,IYSNGD,AAPYSGGGADGLT,KGHDR,SFDVKD,ATSDYVSGTLQETQY,0
LLWNGPMAV,TISGTDYGLTSNILRPMEYGNKLVSEHNRFQNEAQASSYIAGVKYEQY,TISGTDY,GLTSN,ILRPMEYGNKLV,SEHNR,FQNEAQ,ASSYIAGVKYEQY,0
ELAGIGILTV,NSASDYIRSNMDKAENSGGGSQGNLILNHDASQIVNDASSFRATDTQY,NSASDY,IRSNMDK,AENSGGGSQGNLI,LNHDA,SQIVND,ASSFRATDTQY,0
GILGFVFTL,TSINNIRSNEREALRRGYGNNRLAMDHENSYDVKMASSSWDIQTNTGELF,TSINN,IRSNERE,ALRRGYGNNRLA,MDHEN,SYDVKM,ASSSWDIQTNTGELF,0
RAKFKQLL,VSGNPYYITGDNLVAESYNNNDMRSGHATFQDESVASSAGSGEAF,VSGNPY,YITGDNLV,AESYNNNDMR,SGHAT,FQDESV,ASSAGSGEAF,0
KLGGALQAK,SSVPPYYTSAATLVAVSSRDDKLISEHNRFQNEAQASSSPGEYEKLF,SSVPPY,YTSAATLV,AVSSRDDKLI,SEHNR,FQNEAQ,ASSSPGEYEKLF,0
LLWNGPMAV,TRDTTYYRNSFDEQNALTPNTNAGKSTENHRYSYGVKDAISGMVVRGGDSYNEQF,TRDTTYY,RNSFDEQN,ALTPNTNAGKST,ENHRY,SYGVKD,AISGMVVRGGDSYNEQF,0
FEDLRLLSF,DSSSTYIFSNMDMAESLWDDKIISGHDYFNNNVPASRPSGGAETQY,DSSSTY,IFSNMDM,AESLWDDKII,SGHDY,FNNNVP,ASRPSGGAETQY,0
AVFDRKSDAK,SIFNTLYKAGELAGHTGNQFYSGHATFQNNGVASSSNQGDNQPQH,SIFNT,LYKAGEL,AGHTGNQFY,SGHAT,FQNNGV,ASSSNQGDNQPQH,0
RAKFKQLL,NSASQSVYSSGVVNPTNRGSTLGRLYMNHEYSMNVEVASSLTGLAGAEQY,NSASQS,VYSSG,VVNPTNRGSTLGRLY,MNHEY,SMNVEV,ASSLTGLAGAEQY,0
RAKFKQLL,DRGSQSIYSNGDAVPVQTSYDKVISGHDYFNNNVPASSSAYYGYT,DRGSQS,IYSNGD,AVPVQTSYDKVI,SGHDY,FNNNVP,ASSSAYYGYT,0
KSKRTPMGF,NIATNDYGYKTKLVGEPLGGGGNKLTSGHDTYYEEEEASSLARGTEAF,NIATNDY,GYKTK,LVGEPLGGGGNKLT,SGHDT,YYEEEE,ASSLARGTEAF,0
KLGGALQAK,DRGSQSIYSNGDAVKGDDKIILGHNAYNFKEQASSQGILSGELF,DRGSQS,IYSNGD,AVKGDDKII,LGHNA,YNFKEQ,ASSQGILSGELF,0
GILGFVFTL,DRGSQSIYSNGDAVSGGNQFYSGHNTYYREEEASSLTGETEKLF,DRGSQS,IYSNGD,AVSGGNQFY,SGHNT,YYREEE,ASSLTGETEKLF,0
RAKFKQLL,TRDTTYYRNSFDEQNALSEDAGNMLTSGHATFQNNGVASSWGGGSHYGYT,TRDTTYY,RNSFDEQN,ALSEDAGNMLT,SGHAT,FQNNGV,ASSWGGGSHYGYT,0
KSKRTPMGF,DRGSQSIYSNGDAVNWEEQGGSYIPTKGHDRSFDVKDATSDRLAGGELF,DRGSQS,IYSNGD,AVNWEEQGGSYIPT,KGHDR,SFDVKD,ATSDRLAGGELF,0
RAKFKQLL,TSENNYYQEAYKQQNAFMKGAGGTSYGKLTSEHNRFQNEAQASSSLGGHGEAF,TSENNYY,QEAYKQQN,AFMKGAGGTSYGKLT,SEHNR,FQNEAQ,ASSSLGGHGEAF,0
LLWNGPMAV,DRGSQSIYSNGDAVNGNNNDMRLNHDASQIVNDASAWGGMTNEQY,DRGSQS,IYSNGD,AVNGNNNDMR,LNHDA,SQIVND,ASAWGGMTNEQY,0
NLVPMVATV,SVFSSVVTGGEVAGAGEAGAQKLVMNHEYSMNVEVASSPTGLVYEQF,SVFSS,VVTGGEV,AGAGEAGAQKLV,MNHEY,SMNVEV,ASSPTGLVYEQF,0
ELAGIGILTV,KALYSLLKGGEQGTENSGGSNYKLTSNHLYFYNNEIATETGSPL,KALYS,LLKGGEQ,GTENSGGSNYKLT,SNHLY,FYNNEI,ATETGSPL,0
KLGGALQAK,DRGSQSIYSNGDAVKKSNFGNEKLTDFQATTSNEGSKASAGLQVNTEAF,DRGSQS,IYSNGD,AVKKSNFGNEKLT,DFQATT,SNEGSKA,SAGLQVNTEAF,0
GILGFVFTL,NSASDYIRSNMDKALLMDSNYQLILNHDASQIVNDASGVRSGEVEQF,NSASDY,IRSNMDK,ALLMDSNYQLI,LNHDA,SQIVND,ASGVRSGEVEQF,1
NLVPMVATV,SVFSSVVTGGEVAGGGFADYGGSQGNLILNHDASQIVNDASSLYSNQPQH,SVFSS,VVTGGEV,AGGGFADYGGSQGNLI,LNHDA,SQIVND,ASSLYSNQPQH,0
RAKFKQLL,TSENNYYQEAYKQQNAFMEYGNKLVPRHDTFYEKMQASSFLGVTYGYT,TSENNYY,QEAYKQQN,AFMEYGNKLV,PRHDT,FYEKMQ,ASSFLGVTYGYT,0
GILGFVFTL,NSASDYIRSNMDKATDSWGKLQSEHNRFQNEAQASSSKETGAWGDTQY,NSASDY,IRSNMDK,ATDSWGKLQ,SEHNR,FQNEAQ,ASSSKETGAWGDTQY,0
NLVPMVATV,NIATNDYGYKTKLVGGTGTASKLTMNHNSSASEGTASRETGGVWETQY,NIATNDY,GYKTK,LVGGTGTASKLT,MNHNS,SASEGT,ASRETGGVWETQY,0
RAKFKQLL,VGISALSSGKAVAGSGGSNYKLTSGHRSYFSETQASSLEASGPYNEQF,VGISA,LSSGK,AVAGSGGSNYKLT,SGHRS,YFSETQ,ASSLEASGPYNEQF,0
GILGFVFTL,DSSSTYIFSNMDMAETRRVTGGGNKLTMNHEYSVGAGIASSPGDTQY,DSSSTY,IFSNMDM,AETRRVTGGGNKLT,MNHEY,SVGAGI,ASSPGDTQY,0
RAKFKQLL,VSGLRGLYSAGEEAADSGSARQLTLGHDTYNNKELASSRDRGNTEAF,VSGLRG,LYSAGEE,AADSGSARQLT,LGHDT,YNNKEL,ASSRDRGNTEAF,0
SPRWYFYYL,TSGFNGNVLDGLAVRDSNYQLIMRHNASNTAGTASSDSPGVGYNEQF,TSGFNG,NVLDGL,AVRDSNYQLI,MRHNA,SNTAGT,ASSDSPGVGYNEQF,0
GILGFVFTL,NSASDYIRSNMDKAETETSYDKVISEHNRFQNEAQASSLTELGHRADTQY,NSASDY,IRSNMDK,AETETSYDKVI,SEHNR,FQNEAQ,ASSLTELGHRADTQY,0
KLGGALQAK,DRGSQSIYSNGDALTSGTYKYISGHATFQDESVASSLGQGAAEAF,DRGSQS,IYSNGD,ALTSGTYKYI,SGHAT,FQDESV,ASSLGQGAAEAF,1
ELAGIGILTV,NIATNDYGYKTKLVGEGPSGGYQKVTLNHNVYYDKDFATGTSGKDNEQF,NIATNDY,GYKTK,LVGEGPSGGYQKVT,LNHNV,YYDKDF,ATGTSGKDNEQF,0
ELAGIGILTV,NIATNDYGYKTKLVNPDDYKLSGTSNPNSVGIGAWSVAGTNTEAF,NIATNDY,GYKTK,LVNPDDYKLS,GTSNPN,SVGIG,AWSVAGTNTEAF,0
GILGFVFTL,NSASQSVYSSGVVNMIMNTGFQKLVGTSNPNSVGIGAWSVTSTGGTEAF,NSASQS,VYSSG,VVNMIMNTGFQKLV,GTSNPN,SVGIG,AWSVTSTGGTEAF,0
IVTDFSVIK,VGISALSSGKAASLWNTDKLIMNHEYSMNVEVASSLISTSVYNEQF,VGISA,LSSGK,AASLWNTDKLI,MNHEY,SMNVEV,ASSLISTSVYNEQF,1
KLGGALQAK,NSASDYIRSNMDKADSGGGADGLTMNHEYSMNVEVASSVTGGDTEAF,NSASDY,IRSNMDK,ADSGGGADGLT,MNHEY,SMNVEV,ASSVTGGDTEAF,0
SPRWYFYYL,NTAFDYIRPDVSEAASITPGTYKYIDFQATTSNEGSKASATDRANVNQPQH,NTAFDY,IRPDVSE,AASITPGTYKYI,DFQATT,SNEGSKA,SATDRANVNQPQH,1
KLGGALQAK,NSAFQYTYSSGNASYNQGGKLILNHDASQIVNDASSIRSSYEQY,NSAFQY,TYSSGN,ASYNQGGKLI,LNHDA,SQIVND,ASSIRSSYEQY,0
AVFDRKSDAK,NSASDYIRSNMDKAENSSLAGKSTMGHRAYSYEKLASSQDRGGPGELF,NSASDY,IRSNMDK,AENSSLAGKST,MGHRA,YSYEKL,ASSQDRGGPGELF,0
RAKFKQLL,DSSSTYIFSNMDMAESINTGGFKTILNHDASQIVNDASSIRGAETQY,DSSSTY,IFSNMDM,AESINTGGFKTI,LNHDA,SQIVND,ASSIRGAETQY,0
KLGGALQAK,ATGYPSATKADDKASSSVNEQYMNHEYSVGAGIASSPITGTGAYGYT,ATGYPS,ATKADDK,ASSSVNEQY,MNHEY,SVGAGI,ASSPITGTGAYGYT,0
NLVPMVATV,VSPFSNMTFSENTVLASGGSYIPTSGHNSFNNNVPASLAGVRTDTQY,VSPFSN,MTFSENT,VLASGGSYIPT,SGHNS,FNNNVP,ASLAGVRTDTQY,1
AVFDRKSDAK,SSYSPSYTSAATLVVVTSYGGATNKLIMNHNSSASEGTASSLPGLAIPYEQY,SSYSPS,YTSAATLV,VVTSYGGATNKLI,MNHNS,SASEGT,ASSLPGLAIPYEQY,0
CINGVCWTV,NSASQSVYSSGVVKAYGQNFVLNHDASQIVNDASSSRASYEQY,NSASQS,VYSSG,VVKAYGQNFV,LNHDA,SQIVND,ASSSRASYEQY,0
KLGGALQAK,TSENNYYQEAYKQQNAFMKGAGGTSYGKLTSGDLSYYNGEEASSVRSSMNTEAF,TSENNYY,QEAYKQQN,AFMKGAGGTSYGKLT,SGDLS,YYNGEE,ASSVRSSMNTEAF,0
RAKFKQLL,SIFNTLYKAGELAGHTGNQFYSGHNTYYREEEASSSTGGGEKDQPQH,SIFNT,LYKAGEL,AGHTGNQFY,SGHNT,YYREEE,ASSSTGGGEKDQPQH,0
NLVPMVATV,DSASNYIRSNVGEAAMETSYDKVIKGHSHLQKENIASSPRKDSTGELF,DSASNY,IRSNVGE,AAMETSYDKVI,KGHSH,LQKENI,ASSPRKDSTGELF,0
GILGFVFTL,VSGLRGLYSAGEEAVQGILTGGGNKLTMDHENSYDVKMASSLYKSSYNEQF,VSGLRG,LYSAGEE,AVQGILTGGGNKLT,MDHEN,SYDVKM,ASSLYKSSYNEQF,0
KLGGALQAK,TTSDRLLSNGAVAVDMEYGNKLVLGHNAYSLEERASSQGGYGYT,TTSDR,LLSNGAV,AVDMEYGNKLV,LGHNA,YSLEER,ASSQGGYGYT,0
AVFDRKSDAK,YGGTVNYFSGDPLVAVAMARSARQLTLGHDTYNNKELASSHLGTDSYGYGYT,YGGTVN,YFSGDPLV,AVAMARSARQLT,LGHDT,YNNKEL,ASSHLGTDSYGYGYT,0
DATYQRTRALVR,DRGSQSIYSNGDAVSNTDKLILGHDTYNNKELASSPTPAGGAYEQY,DRGSQS,IYSNGD,AVSNTDKLI,LGHDT,YNNKEL,ASSPTPAGGAYEQY,0
GILGFVFTL,DSASNYIRSNVGEAASYGEGGSYIPTLNHDASQIVNDASSLPWGPDNEQF,DSASNY,IRSNVGE,AASYGEGGSYIPT,LNHDA,SQIVND,ASSLPWGPDNEQF,0
GILGFVFTL,DSASNYIRSNVGEAASGYDYKLSLNHDASQIVNDASSARSSYEQY,DSASNY,IRSNVGE,AASGYDYKLS,LNHDA,SQIVND,ASSARSSYEQY,1
KLGGALQAK,TSINNIRSNEREATDAATGRRALTDFQATTSNEGSKASAWTGTEAF,TSINN,IRSNERE,ATDAATGRRALT,DFQATT,SNEGSKA,SAWTGTEAF,0
CINGVCWTV,TTLSNLVKSGEVAGPNQAGTALISGHTAFQGTGAASSLTGTGSYNEQF,TTLSN,LVKSGEV,AGPNQAGTALI,SGHTA,FQGTGA,ASSLTGTGSYNEQF,0
KSKRTPMGF,KALYSLLKGGEQGTVKGFGNVLHDFQATTSNEGSKASAPARSEPYEQY,KALYS,LLKGGEQ,GTVKGFGNVLH,DFQATT,SNEGSKA,SAPARSEPYEQY,0
RAKFKQLL,DSAIYNIQSSQREAVGGRTSYDKVIMNHEYSMNVEVASSFSQATEAF,DSAIYN,IQSSQRE,AVGGRTSYDKVI,MNHEY,SMNVEV,ASSFSQATEAF,0
DATYQRTRALVR,TRDTTYYRNSFDEQNALSEASLVDSNYQLILNHDASQIVNDASSPTSGGYNEQF,TRDTTYY,RNSFDEQN,ALSEASLVDSNYQLI,LNHDA,SQIVND,ASSPTSGGYNEQF,0
RLRAEAQVK,TSGFNGNVLDGLAVYSGGYQKVTSGDLSYYNGEEASSVDLGGETQY,TSGFNG,NVLDGL,AVYSGGYQKVT,SGDLS,YYNGEE,ASSVDLGGETQY,0
GILGFVFTL,TSGFNGNVLDGLAALINARLMMNHEYSVGEGTASSDGTSGGGEQY,TSGFNG,NVLDGL,AALINARLM,MNHEY,SVGEGT,ASSDGTSGGGEQY,0
RAKFKQLL,KTLYGLQKGGEEGAERYGGSQGNLIKGHDRSFDVKDATTGDGITGELF,KTLYG,LQKGGEE,GAERYGGSQGNLI,KGHDR,SFDVKD,ATTGDGITGELF,0
RAKFKQLL,YSGSPEHISRALRYGNNRLASEHNRFQNEAQASGAGELF,YSGSPE,HISR,ALRYGNNRLA,SEHNR,FQNEAQ,ASGAGELF,0
ELAGIGILTV,SIFNTLYKAGELAGRPEVDSQGNLILNHDASQIVNDASSIFSVSNEQY,SIFNT,LYKAGEL,AGRPEVDSQGNLI,LNHDA,SQIVND,ASSIFSVSNEQY,0
KLGGALQAK,DSSSTYIFSNMDMAERGTGGFKTILGHDTYNNKELASSQVFWTESNTDTQY,DSSSTY,IFSNMDM,AERGTGGFKTI,LGHDT,YNNKEL,ASSQVFWTESNTDTQY,0
GILGFVFTL,KTLYGLQKGGEEGADGGDSSYKLISEHNRFQNEAQASSLAGDEQF,KTLYG,LQKGGEE,GADGGDSSYKLI,SEHNR,FQNEAQ,ASSLAGDEQF,0
KLGGALQAK,VSGLRGLYSAGEEAVPDNYGQNFVMNHNYSVGAGIASTTGVNTIY,VSGLRG,LYSAGEE,AVPDNYGQNFV,MNHNY,SVGAGI,ASTTGVNTIY,0
RAKFKQLL,DRGSQSIYSNGDAVNLGSYIPTLNHDASQIVNDATSWGGSGELF,DRGSQS,IYSNGD,AVNLGSYIPT,LNHDA,SQIVND,ATSWGGSGELF,0
LLWNGPMAV,SSVPPYYTSAATLVAVSDFKAAGNKLTSGHNSFNNNVPASSLTGLAGGRGQETQY,SSVPPY,YTSAATLV,AVSDFKAAGNKLT,SGHNS,FNNNVP,ASSLTGLAGGRGQETQY,0
RAKFKQLL,YGATPYYFSGDTLVAVGDNFNKFYMDHENSYDVKMASRPQQGHNSPLH,YGATPY,YFSGDTLV,AVGDNFNKFY,MDHEN,SYDVKM,ASRPQQGHNSPLH,0
NLVPMVATV,DRGSQSIYSNGDAVTGDDKIIMNHNYSVGAGIASTRQGAYEQY,DRGSQS,IYSNGD,AVTGDDKII,MNHNY,SVGAGI,ASTRQGAYEQY,0
ELAGIGILTV,ATGYPSATKADDKASSSVNEQYMNHEYSVGAGIASSPITGTGAYGYT,ATGYPS,ATKADDK,ASSSVNEQY,MNHEY,SVGAGI,ASSPITGTGAYGYT,0
GLCTLVAML,DSASNYIRSNVGEAAMETSYDKVIKGHSHLQKENIASSPRKDSTGELF,DSASNY,IRSNVGE,AAMETSYDKVI,KGHSH,LQKENI,ASSPRKDSTGELF,0
RLRAEAQVK,TRDTTYYRNSFDEQNALSGDTGNQFYKGHSHLQKENIASSPSQGGNTDTQY,TRDTTYY,RNSFDEQN,ALSGDTGNQFY,KGHSH,LQKENI,ASSPSQGGNTDTQY,0
GILGFVFTL,YGATPYYFSGDTLVAVAWGGGADGLTSGHNTYYREEEASSSTGGGEKDQPQH,YGATPY,YFSGDTLV,AVAWGGGADGLT,SGHNT,YYREEE,ASSSTGGGEKDQPQH,0
CINGVCWTV,DRGSQSIYSNGDAVSGYSTLTMNHEYSVGAGIASSAQGAYGYT,DRGSQS,IYSNGD,AVSGYSTLT,MNHEY,SVGAGI,ASSAQGAYGYT,0
AVFDRKSDAK,NIATNDYGYKTKLVSEPYNTDKLIMGHRAYSYEKLASSLQMASGSPDLGEQF,NIATNDY,GYKTK,LVSEPYNTDKLI,MGHRA,YSYEKL,ASSLQMASGSPDLGEQF,0
RAKFKQLL,DSAIYNIQSSQREAAASSQGAQKLVSGHRSYFSETQASSWDQGYSSYNEQF,DSAIYN,IQSSQRE,AAASSQGAQKLV,SGHRS,YFSETQ,ASSWDQGYSSYNEQF,0
GILGFVFTL,SSYSPSYTSAATLVVVSAGSIVSGGYNKLIENHRYSYGVKDAIRDKMNTEAF,SSYSPS,YTSAATLV,VVSAGSIVSGGYNKLI,ENHRY,SYGVKD,AIRDKMNTEAF,0
RAKFKQLL,DSASNYIRSNVGEAASKWGDDMRSGHNSFNNNVPASSSLAGGSYNEQF,DSASNY,IRSNVGE,AASKWGDDMR,SGHNS,FNNNVP,ASSSLAGGSYNEQF,0
KLGGALQAK,TTLSNLVKSGEVAGADAGNNRKLISGHRSYFSETQASSLDQGAYEQY,TTLSN,LVKSGEV,AGADAGNNRKLI,SGHRS,YFSETQ,ASSLDQGAYEQY,0
GLCTLVAML,DSASNYIRSNVGEAPWDFNKFYSGHTAFQGTGAASSLQGGTGELF,DSASNY,IRSNVGE,APWDFNKFY,SGHTA,FQGTGA,ASSLQGGTGELF,0
AVFDRKSDAK,DSSSTYIFSNMDMAEDSNARLMDFQATTSNEGSKASARDPYRASNQPQH,DSSSTY,IFSNMDM,AEDSNARLM,DFQATT,SNEGSKA,SARDPYRASNQPQH,0
GILGFVFTL,VSGNPYYITGDNLVAVRDDLWGGATNKLILNHDASQIVNDASSYGTGSADTQY,VSGNPY,YITGDNLV,AVRDDLWGGATNKLI,LNHDA,SQIVND,ASSYGTGSADTQY,0
GLCTLVAML,DRGSQSIYSNGDALNTGGFKTILGHNAYNFKEQASSQETSGGASQF,DRGSQS,IYSNGD,ALNTGGFKTI,LGHNA,YNFKEQ,ASSQETSGGASQF,0
FEDLRLLSF,NYSPAYIRENEKEAHVNTNAGKSTSGHKSYYEKEEASSGLINGNTIY,NYSPAY,IRENEKE,AHVNTNAGKST,SGHKS,YYEKEE,ASSGLINGNTIY,1
RAKFKQLL,NSASDYIRSNMDKADSGGGADGLTSGHATFQNNGVASSLGVAGTNTGELF,NSASDY,IRSNMDK,ADSGGGADGLT,SGHAT,FQNNGV,ASSLGVAGTNTGELF,1
KLGGALQAK,DSAIYNIQSSQREAVMSMDSSYKLISGHVSFQNEAQASSLGTGLEDQPQH,DSAIYN,IQSSQRE,AVMSMDSSYKLI,SGHVS,FQNEAQ,ASSLGTGLEDQPQH,0
GILGFVFTL,NIATNDYGYKTKLVGEANGGSQGNLISGDLSYYNGEEAILGGGAVRDQPQH,NIATNDY,GYKTK,LVGEANGGSQGNLI,SGDLS,YYNGEE,AILGGGAVRDQPQH,0
GILGFVFTL,YGATPYYFSGDTLVAVVGRTGRRALTLNHDASQIVNDASSIRSSYEQY,YGATPY,YFSGDTLV,AVVGRTGRRALT,LNHDA,SQIVND,ASSIRSSYEQY,1
ELAGIGILTV,NIATNDYGYKTKLVGDNGSGNTGKLILGHNAYNFKEQASSQEVSGVWGELF,NIATNDY,GYKTK,LVGDNGSGNTGKLI,LGHNA,YNFKEQ,ASSQEVSGVWGELF,0
CINGVCWTV,NSASDYIRSNMDKAEIDSWGKLQSGHVSFNYEAQASSPRAGKETQY,NSASDY,IRSNMDK,AEIDSWGKLQ,SGHVS,FNYEAQ,ASSPRAGKETQY,0
ELAGIGILTV,NSASQSVYSSGVVNRNNDMRSGHNSFNNNVPALGDLNTGELF,NSASQS,VYSSG,VVNRNNDMR,SGHNS,FNNNVP,ALGDLNTGELF,0
CTELKLSDY,DSAIYNIQSSQREAVLGMNTGFQKLVSGHTAFQGNSAASSLDPGNYEQY,DSAIYN,IQSSQRE,AVLGMNTGFQKLV,SGHTA,FQGNSA,ASSLDPGNYEQY,0
GILGFVFTL,SVFSSVVTGGEVAGAKGAQKLVSQVTMANQGSEASVGSGDYEQY,SVFSS,VVTGGEV,AGAKGAQKLV,SQVTM,ANQGSEA,SVGSGDYEQY,0
SLFNTVATLY,TISGTDYGLTSNIRGGNTPLVPRHDTFYEKMQASSPGLAGTGYEQY,TISGTDY,GLTSN,IRGGNTPLV,PRHDT,FYEKMQ,ASSPGLAGTGYEQY,0
RAKFKQLL,TRDTTYYRNSFDEQNGGPSSNTGKLILNHDASQIVNDASSARSAETQY,TRDTTYY,RNSFDEQN,GGPSSNTGKLI,LNHDA,SQIVND,ASSARSAETQY,0
SPRWYFYYL,DSASNYIRSNVGEAASRGVGGYNKLIMNHEYSMNVEVASSSLTSGAYNEQF,DSASNY,IRSNVGE,AASRGVGGYNKLI,MNHEY,SMNVEV,ASSSLTSGAYNEQF,1
RAKFKQLL,YGGTVNYFSGDPLVAVRETSYDKVIKGHSHLQKENIASSPWADVVTDTQY,YGGTVN,YFSGDPLV,AVRETSYDKVI,KGHSH,LQKENI,ASSPWADVVTDTQY,1
CINGVCWTV,KTLYGLQKGGEEGAAHNYGQNFVLNHDASQIVNDASSTGLYGYT,KTLYG,LQKGGEE,GAAHNYGQNFV,LNHDA,SQIVND,ASSTGLYGYT,0
RAKFKQLL,YGATPYYFSGDTLVAVGDNFNKFYSGHATFQNNGVASSSGTAAYEQY,YGATPY,YFSGDTLV,AVGDNFNKFY,SGHAT,FQNNGV,ASSSGTAAYEQY,0
SPRWYFYYL,TISGTDYGLTSNILRVWNNAGNMLTSGHDYFNNNVPASSFTWTSGLYEQY,TISGTDY,GLTSN,ILRVWNNAGNMLT,SGHDY,FNNNVP,ASSFTWTSGLYEQY,0
KLGGALQAK,VSGLRGLYSAGEEAVQRSDGQKLLMGHRAYSYEKLASSQEAQGETQY,VSGLRG,LYSAGEE,AVQRSDGQKLL,MGHRA,YSYEKL,ASSQEAQGETQY,0
IVTDFSVIK,DSASNYIRSNVGEAASETSYDKVIDFQATTSNEGSKASARALPVGNTIY,DSASNY,IRSNVGE,AASETSYDKVI,DFQATT,SNEGSKA,SARALPVGNTIY,0
KLGGALQAK,VSGNPYYITGDNLVAVRDDLWGGATNKLILNHDASQIVNDASSYGTGSADTQY,VSGNPY,YITGDNLV,AVRDDLWGGATNKLI,LNHDA,SQIVND,ASSYGTGSADTQY,0
GILGFVFTL,TSGFNGNVLDGLAVRDSNYQLIMRHNASNTAGTASSDSPGVGYNEQF,TSGFNG,NVLDGL,AVRDSNYQLI,MRHNA,SNTAGT,ASSDSPGVGYNEQF,0
ELAGIGILTV,TTLSNLVKSGEVAGNYGGSQGNLISGHDTYYEEEEASSLRDGSEAF,TTLSN,LVKSGEV,AGNYGGSQGNLI,SGHDT,YYEEEE,ASSLRDGSEAF,0
NLVPMVATV,SIFNTLYKAGELAGHTGNQFYSGHATFQNNGVASSLEGQLFYEQY,SIFNT,LYKAGEL,AGHTGNQFY,SGHAT,FQNNGV,ASSLEGQLFYEQY,0
GILGFVFTL,SVFSSVVTGGEVAGAGNTGKLISGHTAFQGTGAASSWGQGITDTQY,SVFSS,VVTGGEV,AGAGNTGKLI,SGHTA,FQGTGA,ASSWGQGITDTQY,1
GILGFVFTL,YGATPYYFSGDTLVAVGAPSTSGTYKYIMGHRAYSYEKLASSPTEGGSSTYEQY,YGATPY,YFSGDTLV,AVGAPSTSGTYKYI,MGHRA,YSYEKL,ASSPTEGGSSTYEQY,0
KLGGALQAK,SVFSSVVTGGEVAGAGGGSQGNLILNHDASQIVNDASSIYGGAGDGYT,SVFSS,VVTGGEV,AGAGGGSQGNLI,LNHDA,SQIVND,ASSIYGGAGDGYT,0
KLGGALQAK,SSYSPSYTSAATLVVVSDVNTDKLISGHDTYYEEEEASSLRDGSEAF,SSYSPS,YTSAATLV,VVSDVNTDKLI,SGHDT,YYEEEE,ASSLRDGSEAF,0
GILGFVFTL,DSSSTYIFSNMDMAEIHARLMDFQATTSNEGSKASARDGNREWLH,DSSSTY,IFSNMDM,AEIHARLM,DFQATT,SNEGSKA,SARDGNREWLH,0
ELAGIGILTV,DRGSQSIYSNGDAASNSGYALNMNHEYSMNVEVASSSPSGSGTGELF,DRGSQS,IYSNGD,AASNSGYALN,MNHEY,SMNVEV,ASSSPSGSGTGELF,1
KLGGALQAK,DSASNYIRSNVGEAASGGGSQGNLISGHNSFNNNVPASSFSGNTGELF,DSASNY,IRSNVGE,AASGGGSQGNLI,SGHNS,FNNNVP,ASSFSGNTGELF,0
NLVPMVATV,VSGNPYYITGDNLVAVFFGFGNVLHMNHEYSMNVEVASSPTGGSPSPLHFG,VSGNPY,YITGDNLV,AVFFGFGNVLH,MNHEY,SMNVEV,ASSPTGGSPSPLHFG,1
GILGFVFTL,YGATPYYFSGDTLVAVGDNFNKFYMDHENSYDVKMASSLRSAAGWPF,YGATPY,YFSGDTLV,AVGDNFNKFY,MDHEN,SYDVKM,ASSLRSAAGWPF,0
RAKFKQLL,TRDTTYYRNSFDEQNALTGANSKLTLGHNAYSLEERASSQDRVGGGNEQF,TRDTTYY,RNSFDEQN,ALTGANSKLT,LGHNA,YSLEER,ASSQDRVGGGNEQF,0
NLVPMVATV,TRDTTYYRNSFDEQNARDNAGNMLTMNHNYSVGAGIASSYSAWNEQF,TRDTTYY,RNSFDEQN,ARDNAGNMLT,MNHNY,SVGAGI,ASSYSAWNEQF,0
IVTDFSVIK,TSGFNGNVLDGLAVKDSNYQLIMNHEYSVGEGTASSYQEGTGGETQY,TSGFNG,NVLDGL,AVKDSNYQLI,MNHEY,SVGEGT,ASSYQEGTGGETQY,0
CINGVCWTV,TSESDYYQEAYKQQNAYSKLKAAGNKLTSGHDNFVKESKASSQREGTDTQY,TSESDYY,QEAYKQQN,AYSKLKAAGNKLT,SGHDN,FVKESK,ASSQREGTDTQY,1
RAKFKQLL,DSASNYIRSNVGEAAGETSYDKVIKGHSHLQKENIASSPWPDGGSNYGYT,DSASNY,IRSNVGE,AAGETSYDKVI,KGHSH,LQKENI,ASSPWPDGGSNYGYT,1
GILGFVFTL,DSASNYIRSNVGEAAMETSYDKVIKGHSHLQKENIASSPRKDSTGELF,DSASNY,IRSNVGE,AAMETSYDKVI,KGHSH,LQKENI,ASSPRKDSTGELF,0
IVTDFSVIK,NSMFDYISSIKDKAASDGAGNMLTMDHENSYDVKMASRGLIIQRSSYEQY,NSMFDY,ISSIKDK,AASDGAGNMLT,MDHEN,SYDVKM,ASRGLIIQRSSYEQY,0
CINGVCWTV,SVFSSVVTGGEVAGGGFADYGGSQGNLILNHDASQIVNDASSLYSNQPQH,SVFSS,VVTGGEV,AGGGFADYGGSQGNLI,LNHDA,SQIVND,ASSLYSNQPQH,0
AVFDRKSDAK,TRDTTYYRNSFDEQNALKLIKAAGNKLTGTSNPNSVGIGAWTGTGKIGWDSPLH,TRDTTYY,RNSFDEQN,ALKLIKAAGNKLT,GTSNPN,SVGIG,AWTGTGKIGWDSPLH,1
LLWNGPMAV,DRGSQSIYSNGDAVGAPTNDYKLSMNHEYSMNVEVASSPGTGAYEQY,DRGSQS,IYSNGD,AVGAPTNDYKLS,MNHEY,SMNVEV,ASSPGTGAYEQY,1
KLGGALQAK,TSGFNGNVLDGLAVRGSGGYNKLISNHLYFYNNEIASHATGAYGYT,TSGFNG,NVLDGL,AVRGSGGYNKLI,SNHLY,FYNNEI,ASHATGAYGYT,0
KLGGALQAK,TTSDRLLSNGAVAKGSQGNLILGHDTYNNKELASKLFGTANEQF,TTSDR,LLSNGAV,AKGSQGNLI,LGHDT,YNNKEL,ASKLFGTANEQF,1
GPRLGVRAT,SSVPPYYTSAATLVAVSDFKAAGNKLTSGHNSFNNNVPASSLTGLAGGRGQETQY,SSVPPY,YTSAATLV,AVSDFKAAGNKLT,SGHNS,FNNNVP,ASSLTGLAGGRGQETQY,0
YLQPRTFLL,TSINNIRSNEREATDYYGNNRLAMNHEYSVGAGIASREGQFQETQY,TSINN,IRSNERE,ATDYYGNNRLA,MNHEY,SVGAGI,ASREGQFQETQY,0
IVTDFSVIK,TSENNYYQEAYKQQNAFMKGAGGTSYGKLTLNHDASQIVNDASSPRSNQPQH,TSENNYY,QEAYKQQN,AFMKGAGGTSYGKLT,LNHDA,SQIVND,ASSPRSNQPQH,0
KLGGALQAK,DRGSQSIYSNGDAVNPLRDSNYQLIMGHRAYSYEKLASSQTRGAGNTIY,DRGSQS,IYSNGD,AVNPLRDSNYQLI,MGHRA,YSYEKL,ASSQTRGAGNTIY,0
NLVPMVATV,TSGFNGNVLDGLAVEAAGNKLTLGHNAYNFKEQASSQTTRQSNTEAF,TSGFNG,NVLDGL,AVEAAGNKLT,LGHNA,YNFKEQ,ASSQTTRQSNTEAF,0
RAKFKQLL,VSGNPYYITGDNLVAVDSSASKIIDFQATTSNEGSKASAPARSEPYEQY,VSGNPY,YITGDNLV,AVDSSASKII,DFQATT,SNEGSKA,SAPARSEPYEQY,0
CINGVCWTV,NSASQSVYSSGVVNMIMNTGFQKLVGTSNPNSVGIGAWSVTSTGGTEAF,NSASQS,VYSSG,VVNMIMNTGFQKLV,GTSNPN,SVGIG,AWSVTSTGGTEAF,0
KLGGALQAK,NSAFQYTYSSGNAMSASNFGNEKLTSGHTAFQGNSAASSSIRGPLSGNTIY,NSAFQY,TYSSGN,AMSASNFGNEKLT,SGHTA,FQGNSA,ASSSIRGPLSGNTIY,0
ELAGIGILTV,TISGNEYGLKNNIVRVAVKTSYDKVISEHNRFQNEAQASISLISTKGRKDTQY,TISGNEY,GLKNN,IVRVAVKTSYDKVI,SEHNR,FQNEAQ,ASISLISTKGRKDTQY,0
GILGFVFTL,DRGSQSIYSNGDAVNSGNQFYFGMNHEYSMNVEVASRPTGMGQPQHFG,DRGSQS,IYSNGD,AVNSGNQFYFG,MNHEY,SMNVEV,ASRPTGMGQPQHFG,0
IVTDFSVIK,DRGSQSIYSNGDAVILTGGGNKLTMDHENSYDVKMASTPSFEGTYEQY,DRGSQS,IYSNGD,AVILTGGGNKLT,MDHEN,SYDVKM,ASTPSFEGTYEQY,1
GILGFVFTL,YGATPYYFSGDTLVVLEGDSNYQLILGHDTYNNKELASSQDRLVPRF,YGATPY,YFSGDTLV,VLEGDSNYQLI,LGHDT,YNNKEL,ASSQDRLVPRF,0
IVTDFSVIK,YSGSPEHISRALPNAGGTSYGKLTDFQATTSNEGSKASAYKLAGIGADTQY,YSGSPE,HISR,ALPNAGGTSYGKLT,DFQATT,SNEGSKA,SAYKLAGIGADTQY,1
YLQPRTFLL,SVFSSVVTGGEVAGGGSQGNLIDFQATTSNEGSKASARDLTAGSYEQY,SVFSS,VVTGGEV,AGGGSQGNLI,DFQATT,SNEGSKA,SARDLTAGSYEQY,0
RAKFKQLL,YGATPYYFSGDTLVAPGETGANNLFLNHDASQIVNDASSFYSNQPQH,YGATPY,YFSGDTLV,APGETGANNLF,LNHDA,SQIVND,ASSFYSNQPQH,0
RAKFKQLL,YGGTVNYFSGDPLVAVNAGGTSYGKLTDFQATTSNEGSKASADGGPTTPNEQY,YGGTVN,YFSGDPLV,AVNAGGTSYGKLT,DFQATT,SNEGSKA,SADGGPTTPNEQY,0
AVFDRKSDAK,DSASNYIRSNVGEAATETSYDKVISGHNTYYREEEASKRQGSLSYEQY,DSASNY,IRSNVGE,AATETSYDKVI,SGHNT,YYREEE,ASKRQGSLSYEQY,0
GILGFVFTL,VGISALSSGKAVSASGTYKYISGHDTYYEEEEASSLRDGSEAF,VGISA,LSSGK,AVSASGTYKYI,SGHDT,YYEEEE,ASSLRDGSEAF,0
GILGFVFTL,TSGFNGNVLDGLAVYSGGYQKVTSGDLSYYNGEEASSVDLGGETQY,TSGFNG,NVLDGL,AVYSGGYQKVT,SGDLS,YYNGEE,ASSVDLGGETQY,0
GILGFVFTL,YGATPYYFSGDTLVAVGFNNNDMRWNHNNSYGVQDASSESRLDGYT,YGATPY,YFSGDTLV,AVGFNNNDMR,WNHNN,SYGVQD,ASSESRLDGYT,0
GILGFVFTL,YGGTVNYFSGDPLVAVNAYPHNYGQNFVMNHEYSMNVEVASSPHFQVDTGELF,YGGTVN,YFSGDPLV,AVNAYPHNYGQNFV,MNHEY,SMNVEV,ASSPHFQVDTGELF,0
NLVPMVATV,TSGFNGNVLDGLAVRGLGGKLISEHNRFQNEAQASSLAVAGTVLEQY,TSGFNG,NVLDGL,AVRGLGGKLI,SEHNR,FQNEAQ,ASSLAVAGTVLEQY,0
GILGFVFTL,NSASDYIRSNMDKADSGGGADGLTSNHLYFYNNEIASQGAHYGQY,NSASDY,IRSNMDK,ADSGGGADGLT,SNHLY,FYNNEI,ASQGAHYGQY,0
NLVPMVATV,DSAIYNIQSSQREAVRPSGGFKTISGHTAFQGNSAASSPSGQLDSQH,DSAIYN,IQSSQRE,AVRPSGGFKTI,SGHTA,FQGNSA,ASSPSGQLDSQH,0
GILGFVFTL,DSSSTYIFSNMDMAESMSYQKVTSGHRSYFSETQASSLEASTDTQY,DSSSTY,IFSNMDM,AESMSYQKVT,SGHRS,YFSETQ,ASSLEASTDTQY,0
SPRWYFYYL,NSMFDYISSIKDKAARGTASKLTSEHNRFQNEAQASSLEAGRSPYEQY,NSMFDY,ISSIKDK,AARGTASKLT,SEHNR,FQNEAQ,ASSLEAGRSPYEQY,1
LLWNGPMAV,DRGSQSIYSNGDAVSGGKLISGHDYFNNNVPASSPQGFSYEQY,DRGSQS,IYSNGD,AVSGGKLI,SGHDY,FNNNVP,ASSPQGFSYEQY,1
RAKFKQLL,TSGFNGNVLDGLAVRGYNAGNMLTSQVTMANQGSEASVGSGDHGEQF,TSGFNG,NVLDGL,AVRGYNAGNMLT,SQVTM,ANQGSEA,SVGSGDHGEQF,1
GILGFVFTL,TISGNEYGLKNNIVRETSYDKVISGHDYFNNNVPASSSTQGPGELF,TISGNEY,GLKNN,IVRETSYDKVI,SGHDY,FNNNVP,ASSSTQGPGELF,0
ATDALMTGF,KTLYGLQKGGEEGAAHNYGQNFVLNHDASQIVNDASSTGLYGYT,KTLYG,LQKGGEE,GAAHNYGQNFV,LNHDA,SQIVND,ASSTGLYGYT,0
NLVPMVATV,NIATNDYGYKTKLVGDRSDGQKLLENHRYSYGVKDAINTGDSNQPQH,NIATNDY,GYKTK,LVGDRSDGQKLL,ENHRY,SYGVKD,AINTGDSNQPQH,0
ELAGIGILTV,DRGSQSIYSNGDAVNAGNDMRMNHEYSVGEGTASSYGQGWGYT,DRGSQS,IYSNGD,AVNAGNDMR,MNHEY,SVGEGT,ASSYGQGWGYT,1
GILGFVFTL,TSGFNGNVLDGLAVNEGDYKLSDFQATTSNEGSKASARHLSGIEQF,TSGFNG,NVLDGL,AVNEGDYKLS,DFQATT,SNEGSKA,SARHLSGIEQF,0
YLQPRTFLL,SSVSVYYLSGSTLVAVSDPDTDKLIMNHNSSASEGTASSDWTNTGELF,SSVSVY,YLSGSTLV,AVSDPDTDKLI,MNHNS,SASEGT,ASSDWTNTGELF,0
DATYQRTRALVR,TRDTTYYRNSFDEQNALSEANTGGFKTISGHATFQNNGVASSWGGGSHYGYT,TRDTTYY,RNSFDEQN,ALSEANTGGFKTI,SGHAT,FQNNGV,ASSWGGGSHYGYT,0
KLGGALQAK,DRGSQSIYSNGDAVLGFGNVLHSGHNSFNNNVPASSPTGF,DRGSQS,IYSNGD,AVLGFGNVLH,SGHNS,FNNNVP,ASSPTGF,0
IVTDFSVIK,YGATPYYFSGDTLVAVGFNNNDMRWNHNNSYGVQDASSESRLDGYT,YGATPY,YFSGDTLV,AVGFNNNDMR,WNHNN,SYGVQD,ASSESRLDGYT,0
RAKFKQLL,DRGSQSIYSNGDAVKLNRDDKIIMNHEYSMNVEVASSSPMQRGLYEQY,DRGSQS,IYSNGD,AVKLNRDDKII,MNHEY,SMNVEV,ASSSPMQRGLYEQY,0
RLPGVLPRA,TRDTTYYRNSFDEQNALSEDSSASKIIMDHENSYDVKMASEPGQGPGGWSYEQY,TRDTTYY,RNSFDEQN,ALSEDSSASKII,MDHEN,SYDVKM,ASEPGQGPGGWSYEQY,0
AVFDRKSDAK,KALYSLLKGGEQGTPISGGYNKLISGHDYFNNNVPASSFSERAF,KALYS,LLKGGEQ,GTPISGGYNKLI,SGHDY,FNNNVP,ASSFSERAF,1
AVFDRKSDAK,ATGYPSATKADDKAQKGGGSNYKLTKGHSHLQKENIASSPQGYEQY,ATGYPS,ATKADDK,AQKGGGSNYKLT,KGHSH,LQKENI,ASSPQGYEQY,0
AVFDRKSDAK,YSGSPEHISRALSGGSNYKLTLNHDASQIVNDASSIRSSYEQY,YSGSPE,HISR,ALSGGSNYKLT,LNHDA,SQIVND,ASSIRSSYEQY,0
AVFDRKSDAK,DSAIYNIQSSQREAPKTGANNLFSGHKSYYEKEEASSGPGGVDEQY,DSAIYN,IQSSQRE,APKTGANNLF,SGHKS,YYEKEE,ASSGPGGVDEQY,0
KLGGALQAK,TSDPSYGQGSYDQQNAMREGRGTGANNLFSGHRSYFSETQASSLVAEPSLNTEAF,TSDPSYG,QGSYDQQN,AMREGRGTGANNLF,SGHRS,YFSETQ,ASSLVAEPSLNTEAF,0
DATYQRTRALVR,SSVSVYYLSGSTLVAVNNNKLIMNHNSSASEGTASSDSPNSNQPQH,SSVSVY,YLSGSTLV,AVNNNKLI,MNHNS,SASEGT,ASSDSPNSNQPQH,0
RAKFKQLL,TTLSNLVKSGEVAGGGGAGSYQLTLNHDASQIVNDASSIRSSYEQY,TTLSN,LVKSGEV,AGGGGAGSYQLT,LNHDA,SQIVND,ASSIRSSYEQY,0
AVFDRKSDAK,DSSSTYIFSNMDMAERETSYDKVISEHNRFQNEAQASSLGQGKEATNEKLF,DSSSTY,IFSNMDM,AERETSYDKVI,SEHNR,FQNEAQ,ASSLGQGKEATNEKLF,0
GILGFVFTL,TISGTDYGLTSNILSTYNNNDMRMNHEYSVGAGIASSYEGSQGNEQF,TISGTDY,GLTSN,ILSTYNNNDMR,MNHEY,SVGAGI,ASSYEGSQGNEQF,0
GILGFVFTL,NSASQSVYSSGVVKAYGQNFVLNHDASQIVNDASSSRASYEQY,NSASQS,VYSSG,VVKAYGQNFV,LNHDA,SQIVND,ASSSRASYEQY,1
KLGGALQAK,NIATNDYGYKTKLVGDNGSGNTGKLILGHNAYNFKEQASSQEVSGVWGELF,NIATNDY,GYKTK,LVGDNGSGNTGKLI,LGHNA,YNFKEQ,ASSQEVSGVWGELF,0
RAKFKQLL,DSASNYIRSNVGEAAFAINAGGTSYGKLTSGHDYFNNNVPASRTLAGPYNEQF,DSASNY,IRSNVGE,AAFAINAGGTSYGKLT,SGHDY,FNNNVP,ASRTLAGPYNEQF,0
IVTDFSVIK,SVFSSVVTGGEVAGATQGGSEKLVMDHENSYDVKMASSVDGTLVDTQY,SVFSS,VVTGGEV,AGATQGGSEKLV,MDHEN,SYDVKM,ASSVDGTLVDTQY,1
RLPGVLPRA,TRDTTYYRNSFDEQNALSEVDRLMMDHENSYDVKMASSLTGTDTQY,TRDTTYY,RNSFDEQN,ALSEVDRLM,MDHEN,SYDVKM,ASSLTGTDTQY,1
ELAGIGILTV,TISGTDYGLTSNILDNNNDMRSGHVSFNYEAQASSLAPGTTNEKLF,TISGTDY,GLTSN,ILDNNNDMR,SGHVS,FNYEAQ,ASSLAPGTTNEKLF,0
RAKFKQLL,TRDTTYYRNSFDEQNALTDYSGAGSYQLTDFQATTSNEGSKASALPPLAGGHTDTQY,TRDTTYY,RNSFDEQN,ALTDYSGAGSYQLT,DFQATT,SNEGSKA,SALPPLAGGHTDTQY,0
SPRWYFYYL,NIATNDYGYKTKLVDGGATNKLIMGHRAYSYEKLASSHNGELF,NIATNDY,GYKTK,LVDGGATNKLI,MGHRA,YSYEKL,ASSHNGELF,1
KLGGALQAK,ATGYPSATKADDKALSGSKAGTALISGHRSYFSETQASVRTTDSYNEQF,ATGYPS,ATKADDK,ALSGSKAGTALI,SGHRS,YFSETQ,ASVRTTDSYNEQF,1
GILGFVFTL,DSAIYNIQSSQREAVDLMKTSYDKVILNHDASQIVNDASSITWTGNMNTEAF,DSAIYN,IQSSQRE,AVDLMKTSYDKVI,LNHDA,SQIVND,ASSITWTGNMNTEAF,0
KSKRTPMGF,NIATNDYGYKTKLVGEANGGSQGNLISGDLSYYNGEEAILGGGAVRDQPQH,NIATNDY,GYKTK,LVGEANGGSQGNLI,SGDLS,YYNGEE,AILGGGAVRDQPQH,1
IVTDFSVIK,YGGTVNYFSGDPLVAVNLTNNAGNMLTLNHDASQIVNDASSGRSTDTQY,YGGTVN,YFSGDPLV,AVNLTNNAGNMLT,LNHDA,SQIVND,ASSGRSTDTQY,0
NLVPMVATV,TRDTTYYRNSFDEQNALSEIGNAGGTSYGKLTSGDLSYYNGEEASSVGQVFYSGT,TRDTTYY,RNSFDEQN,ALSEIGNAGGTSYGKLT,SGDLS,YYNGEE,ASSVGQVFYSGT,0
GILGFVFTL,DSASNYIRSNVGEAVNNAGGTSYGKLTLGHNAYSLEERASSLDAFSGNTIY,DSASNY,IRSNVGE,AVNNAGGTSYGKLT,LGHNA,YSLEER,ASSLDAFSGNTIY,0
RAKFKQLL,VSGNPYYITGDNLVAVRGTNARLMSGHNSFNNNVPASSVVTEAF,VSGNPY,YITGDNLV,AVRGTNARLM,SGHNS,FNNNVP,ASSVVTEAF,0
KLGGALQAK,SSVPPYYTSAATLVAVTPGGEKLIMGHRAYSYEKLASSPGGAETQY,SSVPPY,YTSAATLV,AVTPGGEKLI,MGHRA,YSYEKL,ASSPGGAETQY,1
NLVPMVATV,SSVPPYYTSAATLVAVSQDSNYQLISGHATFQNNGVASSWGGGSHYGYT,SSVPPY,YTSAATLV,AVSQDSNYQLI,SGHAT,FQNNGV,ASSWGGGSHYGYT,0
ELAGIGILTV,VSGNPYYITGDNLVAVNADSWGKLQSGHATFQDESVVTGQGDINEQF,VSGNPY,YITGDNLV,AVNADSWGKLQ,SGHAT,FQDESV,VTGQGDINEQF,0
RAKFKQLL,TSINNIRSNEREATDARNTDKLIMGHRAYSYEKLASSPRRVGLAGVNGTDTQY,TSINN,IRSNERE,ATDARNTDKLI,MGHRA,YSYEKL,ASSPRRVGLAGVNGTDTQY,0
KLGGALQAK,TSENNYYQEAYKQQNAFMEYGNKLVPRHDTFYEKMQASSFLGVTYGYT,TSENNYY,QEAYKQQN,AFMEYGNKLV,PRHDT,FYEKMQ,ASSFLGVTYGYT,0
GILGFVFTL,DSAIYNIQSSQREAASSVRQAGTALILNHDASQIVNDASSIGRSEQF,DSAIYN,IQSSQRE,AASSVRQAGTALI,LNHDA,SQIVND,ASSIGRSEQF,0
GILGFVFTL,SSVSVYYLSGSTLVAVKIKAAGNKLTPRHDTFYEKMQASSSTGGKETQY,SSVSVY,YLSGSTLV,AVKIKAAGNKLT,PRHDT,FYEKMQ,ASSSTGGKETQY,0
GILGFVFTL,DRGSQSIYSNGDAVNGNNDMRDFQATTSNEGSKASASQDPYEQY,DRGSQS,IYSNGD,AVNGNNDMR,DFQATT,SNEGSKA,SASQDPYEQY,0
ELAGIGILTV,DSSSTYIFSNMDMAEDKDARLMDFQATTSNEGSKASARDRIGNTIY,DSSSTY,IFSNMDM,AEDKDARLM,DFQATT,SNEGSKA,SARDRIGNTIY,0
NLVPMVATV,DSASNYIRSNVGEAAQPPTGNQFYSGHATFQNNGVASSFLTGQGETQY,DSASNY,IRSNVGE,AAQPPTGNQFY,SGHAT,FQNNGV,ASSFLTGQGETQY,0
RAKFKQLL,VSGLRGLYSAGEEAVVDQAGTALIMGHRAYSYEKLASSAGGGSYNEQF,VSGLRG,LYSAGEE,AVVDQAGTALI,MGHRA,YSYEKL,ASSAGGGSYNEQF,0
NLVPMVATV,NSASDYIRSNMDKADSGGGADGLTSGHDNFVKESKASSQEGYTEAF,NSASDY,IRSNMDK,ADSGGGADGLT,SGHDN,FVKESK,ASSQEGYTEAF,0
GLCTLVAML,DRGSQSIYSNGDAVNTDKLISQVTMANQGSEASVDRRADEQF,DRGSQS,IYSNGD,AVNTDKLI,SQVTM,ANQGSEA,SVDRRADEQF,0
ELAGIGILTV,TSGFYGNALDGLAVRDGDRDDKIIMNHEYSVGEGTASSYLGQGDAYGYT,TSGFYG,NALDGL,AVRDGDRDDKII,MNHEY,SVGEGT,ASSYLGQGDAYGYT,0
ELAGIGILTV,ATGYPSATKADDKALLTYNNNDMRSGHNSFNNNVPASSLDLRTSNQPQH,ATGYPS,ATKADDK,ALLTYNNNDMR,SGHNS,FNNNVP,ASSLDLRTSNQPQH,0
IVTDFSVIK,TSGFNGNVLDGLAVMDSSYKLIMRHNASNTAGTASSAGTSPTDTQY,TSGFNG,NVLDGL,AVMDSSYKLI,MRHNA,SNTAGT,ASSAGTSPTDTQY,0
RAKFKQLL,DSAIYNIQSSQREAVPNTNAGKSTLNHDASHIVNDASSSRSGNEKLF,DSAIYN,IQSSQRE,AVPNTNAGKST,LNHDA,SHIVND,ASSSRSGNEKLF,0
GILGFVFTL,TSGFNGNVLDGLAVRAGNYGQNFVSNHLYFYNNEIASSTPRQGSNTGELF,TSGFNG,NVLDGL,AVRAGNYGQNFV,SNHLY,FYNNEI,ASSTPRQGSNTGELF,0
RAKFKQLL,DSASNYIRSNVGEAAPSVGGGGNKLTMNHEYSMNVEVASSLHSGIGYEQY,DSASNY,IRSNVGE,AAPSVGGGGNKLT,MNHEY,SMNVEV,ASSLHSGIGYEQY,0
KLGGALQAK,YGATPYYFSGDTLVAVDPMDTGRRALTMNHEYSMNVEVASSLGFTDTQY,YGATPY,YFSGDTLV,AVDPMDTGRRALT,MNHEY,SMNVEV,ASSLGFTDTQY,0
RAKFKQLL,DSSSTYIFSNMDMADNAGNNRKLISGDLSYYNGEEASSVASNQPQH,DSSSTY,IFSNMDM,ADNAGNNRKLI,SGDLS,YYNGEE,ASSVASNQPQH,0
KLGGALQAK,NSASQSVYSSGVVNEKEGNMLTSQVTMANQGSEASVGEGLAYEQY,NSASQS,VYSSG,VVNEKEGNMLT,SQVTM,ANQGSEA,SVGEGLAYEQY,0
RAKFKQLL,YGATPYYFSGDTLVAVGDNFNKFYMDHENSYDVKMASSLRSAAGWPF,YGATPY,YFSGDTLV,AVGDNFNKFY,MDHEN,SYDVKM,ASSLRSAAGWPF,0
GILGFVFTL,VSGLRGLYSAGEEAVTYNNNDMRSNHLYFYNNEIAAGTRTDTQY,VSGLRG,LYSAGEE,AVTYNNNDMR,SNHLY,FYNNEI,AAGTRTDTQY,0
KLGGALQAK,SSVSVYYLSGSTLVAVSVRMDSSYKLIMGHRAYSYEKLASSQDPGYEQY,SSVSVY,YLSGSTLV,AVSVRMDSSYKLI,MGHRA,YSYEKL,ASSQDPGYEQY,0
GILGFVFTL,NSASQSVYSSGVVNRNNDMRSGHNSFNNNVPALGDLNTGELF,NSASQS,VYSSG,VVNRNNDMR,SGHNS,FNNNVP,ALGDLNTGELF,0
AVFDRKSDAK,DSAIYNIQSSQREAVAQGGSEKLVSGHNSFNNNVPASSLWGDYEQY,DSAIYN,IQSSQRE,AVAQGGSEKLV,SGHNS,FNNNVP,ASSLWGDYEQY,0
RAKFKQLL,SSVSVYYLSGSTLVKAPLVMNHEYSMNVEVASREGSYPKNIQY,SSVSVY,YLSGSTLV,KAPLV,MNHEY,SMNVEV,ASREGSYPKNIQY,0
AVFDRKSDAK,NSASQSVYSSGVVNKGNDMRSNHLYFYNNEIASQDTNTGELF,NSASQS,VYSSG,VVNKGNDMR,SNHLY,FYNNEI,ASQDTNTGELF,0
SLFNTVATLY,TRDTTYYRNSFDEQNALSEDSSASKIIMDHENSYDVKMASEPGQGPGGWSYEQY,TRDTTYY,RNSFDEQN,ALSEDSSASKII,MDHEN,SYDVKM,ASEPGQGPGGWSYEQY,1
GILGFVFTL,DSVNNIPSGTAVSPVTQGGSEKLVDFQATTSNEGSKASARVIPREAF,DSVNN,IPSGT,AVSPVTQGGSEKLV,DFQATT,SNEGSKA,SARVIPREAF,0
GLCTLVAML,DSVNNIPSGTAGSPSNTGKLILNHDASQIVNDASSIHSGNQPQH,DSVNN,IPSGT,AGSPSNTGKLI,LNHDA,SQIVND,ASSIHSGNQPQH,0
GILGFVFTL,TSENNYYQEAYKQQNAFMNTGTASKLTMDHENSYDVKMASSTGQGPDTQY,TSENNYY,QEAYKQQN,AFMNTGTASKLT,MDHEN,SYDVKM,ASSTGQGPDTQY,0
KLGGALQAK,NIATNDYGYKTKLVVRDDKIISGHTAFQGNSAASSFPGDRMNTGELF,NIATNDY,GYKTK,LVVRDDKII,SGHTA,FQGNSA,ASSFPGDRMNTGELF,0
GILGFVFTL,TSENNYYQEAYKQQNAFMINAGGTSYGKLTSGHATFQNNGVASSWGGGSHYGYT,TSENNYY,QEAYKQQN,AFMINAGGTSYGKLT,SGHAT,FQNNGV,ASSWGGGSHYGYT,0
GILGFVFTL,TSDPSYGQGSYDQQNAMREVFNDYKLSSGHNSFNNNVPASSVVERAF,TSDPSYG,QGSYDQQN,AMREVFNDYKLS,SGHNS,FNNNVP,ASSVVERAF,0
KLGGALQAK,TSGFNGNVLDGLAAMDSNYQLIMNHNSSASEGTASNEDSNYGYT,TSGFNG,NVLDGL,AAMDSNYQLI,MNHNS,SASEGT,ASNEDSNYGYT,0
AVFDRKSDAK,TSGFNGNVLDGLAVRAGGGNKLTDFQATTSNEGSKASARDLGGPNTGELF,TSGFNG,NVLDGL,AVRAGGGNKLT,DFQATT,SNEGSKA,SARDLGGPNTGELF,1
GILGFVFTL,YSGSPEHISRALSGGSNYKLTLNHDASQIVNDASSIRSSYEQY,YSGSPE,HISR,ALSGGSNYKLT,LNHDA,SQIVND,ASSIRSSYEQY,1
KLGGALQAK,SSVSVYYLSGSTLVAVSDTSGGSYIPTLNHDASQIVNDASSMGQGTLRNQPQH,SSVSVY,YLSGSTLV,AVSDTSGGSYIPT,LNHDA,SQIVND,ASSMGQGTLRNQPQH,0
GILGFVFTL,TTLSNLVKSGEVAGPVYDYKLSSGHVSFQNEAQASSLSGTGDYEQY,TTLSN,LVKSGEV,AGPVYDYKLS,SGHVS,FQNEAQ,ASSLSGTGDYEQY,0
ELAGIGILTV,TSGFNGNVLDGLGVSGGYNKLIMNHNSSASEGTASSLGLAGDNEQF,TSGFNG,NVLDGL,GVSGGYNKLI,MNHNS,SASEGT,ASSLGLAGDNEQF,0
FEDLRLLSF,YGGTVNYFSGDPLVAVNAAGNDYKLSSEHNRFQNEAQASSTRTGQETQY,YGGTVN,YFSGDPLV,AVNAAGNDYKLS,SEHNR,FQNEAQ,ASSTRTGQETQY,0
KLGGALQAK,TISGNEYGLKNNIVRVGYTGFQKLVMGHRAYSYEKLASRGTGGGSGQPQH,TISGNEY,GLKNN,IVRVGYTGFQKLV,MGHRA,YSYEKL,ASRGTGGGSGQPQH,0
AVFDRKSDAK,VSGNPYYITGDNLVAVRDMGTGGFKTISEHNRFQNEAQAIQEDTDTQY,VSGNPY,YITGDNLV,AVRDMGTGGFKTI,SEHNR,FQNEAQ,AIQEDTDTQY,0
AVFDRKSDAK,TSGFNGNVLDGLAVMDSNYQLISGHDTYYEEEEASSLRDGSEAF,TSGFNG,NVLDGL,AVMDSNYQLI,SGHDT,YYEEEE,ASSLRDGSEAF,0
RAKFKQLL,DRGSQSIYSNGDAVEVAGKSTLGHNAYNFKEQASSQEAGPSSYEQY,DRGSQS,IYSNGD,AVEVAGKST,LGHNA,YNFKEQ,ASSQEAGPSSYEQY,0
NLVPMVATV,DRGSQSIYSNGDAVNIDNMDSNYQLISGDLSYYNGEEASSVGGEAYEQY,DRGSQS,IYSNGD,AVNIDNMDSNYQLI,SGDLS,YYNGEE,ASSVGGEAYEQY,0
AVFDRKSDAK,DRGSQSIYSNGDSSSDSGHDNFVKESKASSHAGLG,DRGSQS,IYSNGD,SSSD,SGHDN,FVKESK,ASSHAGLG,0
ATDALMTGF,TSINNIRSNEREATDARNTDKLIMGHRAYSYEKLASSPRRVGLAGVNGTDTQY,TSINN,IRSNERE,ATDARNTDKLI,MGHRA,YSYEKL,ASSPRRVGLAGVNGTDTQY,0
IVTDFSVIK,DRGSQSIYSNGDAVIAGKSTLNHNVYYDKDFATSGRTGGGEQY,DRGSQS,IYSNGD,AVIAGKST,LNHNV,YYDKDF,ATSGRTGGGEQY,0
AVFDRKSDAK,SVFSSVVTGGEVAGGGFADYGGSQGNLILNHDASQIVNDASSLYSNQPQH,SVFSS,VVTGGEV,AGGGFADYGGSQGNLI,LNHDA,SQIVND,ASSLYSNQPQH,0
RAKFKQLL,SVFSSVVTGGEVAGDGGGGSQGNLILNHDASQIVNDASSFGSTDTQY,SVFSS,VVTGGEV,AGDGGGGSQGNLI,LNHDA,SQIVND,ASSFGSTDTQY,0
RAKFKQLL,VSGLRGLYSAGEEAVTYNNNDMRSNHLYFYNNEIAAGTRTDTQY,VSGLRG,LYSAGEE,AVTYNNNDMR,SNHLY,FYNNEI,AAGTRTDTQY,0
GILGFVFTL,TTLSNLVKSGEVAGHQGGKLISGHNSFNNNVPASSFSGNTGELF,TTLSN,LVKSGEV,AGHQGGKLI,SGHNS,FNNNVP,ASSFSGNTGELF,0
AVFDRKSDAK,YSGSPEHISRALNPLIQGAQKLVLNHDASQIVNDASSLRASGAQY,YSGSPE,HISR,ALNPLIQGAQKLV,LNHDA,SQIVND,ASSLRASGAQY,0
KSKRTPMGF,TRDTTYYRNSFDEQNALSEASLVDSNYQLILNHDASQIVNDASSPTSGGYNEQF,TRDTTYY,RNSFDEQN,ALSEASLVDSNYQLI,LNHDA,SQIVND,ASSPTSGGYNEQF,0
RLPGVLPRA,DRGSQSIYSNGDASVGMDSSYKLISGHNSFNNNVPASSFSGNTGELF,DRGSQS,IYSNGD,ASVGMDSSYKLI,SGHNS,FNNNVP,ASSFSGNTGELF,0
GLCTLVAML,DRGSQSIYSNGDAVNEGLGSARQLTKGHDRSFDVKDATSDSSGGSGYT,DRGSQS,IYSNGD,AVNEGLGSARQLT,KGHDR,SFDVKD,ATSDSSGGSGYT,0
IVTDFSVIK,TRDTTYYRNSFDEQNALSGEGGSEKLVMGHDKSYGVNSASSETGFGNQPQH,TRDTTYY,RNSFDEQN,ALSGEGGSEKLV,MGHDK,SYGVNS,ASSETGFGNQPQH,0
KLGGALQAK,DSSSTYIFSNMDMAEILDFGNEKLTDFQATTSNEGSKASARDPSGVKLF,DSSSTY,IFSNMDM,AEILDFGNEKLT,DFQATT,SNEGSKA,SARDPSGVKLF,0
IVTDFSVIK,NSASQSVYSSGVVNMGDFGNEKLTLGHNAYNFKEQASSPRLAARSDTQY,NSASQS,VYSSG,VVNMGDFGNEKLT,LGHNA,YNFKEQ,ASSPRLAARSDTQY,0
RAKFKQLL,SVFSSVVTGGEVAGAGSQGNLISGHRSYFSETQASSPGGLAGADTQY,SVFSS,VVTGGEV,AGAGSQGNLI,SGHRS,YFSETQ,ASSPGGLAGADTQY,0
RPPIFIRRL,SSVPPYYTSAATLVAVSDFKAAGNKLTSGHNSFNNNVPASSLTGLAGGRGQETQY,SSVPPY,YTSAATLV,AVSDFKAAGNKLT,SGHNS,FNNNVP,ASSLTGLAGGRGQETQY,0
LLWNGPMAV,DRGSQSIYSNGDAVKGDDKIILGHNAYNFKEQASSQGILSGELF,DRGSQS,IYSNGD,AVKGDDKII,LGHNA,YNFKEQ,ASSQGILSGELF,0
IVTDFSVIK,NIATNDYGYKTKLVGAANQAGTALISGHATFQNNGVASSLEASGSWGELF,NIATNDY,GYKTK,LVGAANQAGTALI,SGHAT,FQNNGV,ASSLEASGSWGELF,0
RLRAEAQVK,TSINNIRSNEREATDYYGNNRLAMNHEYSVGAGIASREGQFQETQY,TSINN,IRSNERE,ATDYYGNNRLA,MNHEY,SVGAGI,ASREGQFQETQY,0
KLGGALQAK,NIATNDYGYKTKLVNTNAGKSTLGHNAYNFKEQASSQEVGQRLLNTGELF,NIATNDY,GYKTK,LVNTNAGKST,LGHNA,YNFKEQ,ASSQEVGQRLLNTGELF,0
DATYQRTRALVR,DSVNNIPSGTAGSPSNTGKLILNHDASQIVNDASSIHSGNQPQH,DSVNN,IPSGT,AGSPSNTGKLI,LNHDA,SQIVND,ASSIHSGNQPQH,0
KLGGALQAK,YGGTVNYFSGDPLVAVICNDYKLSDFQATTSNEGSKASADGTHTPTDTQY,YGGTVN,YFSGDPLV,AVICNDYKLS,DFQATT,SNEGSKA,SADGTHTPTDTQY,0
KLGGALQAK,DSAIYNIQSSQREAVKGANQAGTALISGHATFQNNGVASSTSYNEQF,DSAIYN,IQSSQRE,AVKGANQAGTALI,SGHAT,FQNNGV,ASSTSYNEQF,1
IVTDFSVIK,TISGTDYGLTSNILRPMEYGNKLVSEHNRFQNEAQASSYIAGVKYEQY,TISGTDY,GLTSN,ILRPMEYGNKLV,SEHNR,FQNEAQ,ASSYIAGVKYEQY,0
RFPLTFGWCF,YGATPYYFSGDTLVAVGAPTTSGTYKYIMGHRAYSYEKLASSHASGQGDSYEQY,YGATPY,YFSGDTLV,AVGAPTTSGTYKYI,MGHRA,YSYEKL,ASSHASGQGDSYEQY,1
GILGFVFTL,NSAFQYTYSSGNAMSEGGTSYGKLTMGHRAYSYEKLASSQFIRGAYTEAF,NSAFQY,TYSSGN,AMSEGGTSYGKLT,MGHRA,YSYEKL,ASSQFIRGAYTEAF,1
IVTDFSVIK,TSGFNGNVLDGLALDNYGQNFVSGHATFQNNGVASSLDPGRGQETQY,TSGFNG,NVLDGL,ALDNYGQNFV,SGHAT,FQNNGV,ASSLDPGRGQETQY,0
GILGFVFTL,TSINNIRSNEREATDDQGAQKLVSGDLSYYNGEEASSVGGVPYNEQF,TSINN,IRSNERE,ATDDQGAQKLV,SGDLS,YYNGEE,ASSVGGVPYNEQF,0
YLQPRTFLL,NSASQSVYSSGVVNRVENSGYSTLTMNHNSSASEGTASSGNEQDLQPQH,NSASQS,VYSSG,VVNRVENSGYSTLT,MNHNS,SASEGT,ASSGNEQDLQPQH,0
SPRWYFYYL,NYSPAYIRENEKEALVAPGGSYIPTKGHDRSFDVKDATAPGTGRTLKLI,NYSPAY,IRENEKE,ALVAPGGSYIPT,KGHDR,SFDVKD,ATAPGTGRTLKLI,0
NLVPMVATV,DRGSQSIYSNGDAVILTGGGNKLTMDHENSYDVKMASTPSFEGTYEQY,DRGSQS,IYSNGD,AVILTGGGNKLT,MDHEN,SYDVKM,ASTPSFEGTYEQY,0
RFPLTFGWCF,DSAIYNIQSSQREAVPEMRRDDKIIMNHEYSMNVEVASSSLTSGGARYTQY,DSAIYN,IQSSQRE,AVPEMRRDDKII,MNHEY,SMNVEV,ASSSLTSGGARYTQY,0
ELAGIGILTV,VSGNPYYITGDNLVAVRDLNARLMDFQATTSNEGSKASAREEGTQAWETQY,VSGNPY,YITGDNLV,AVRDLNARLM,DFQATT,SNEGSKA,SAREEGTQAWETQY,0
GILGFVFTL,TSGFNGNVLDGLAVMDSSYKLIMRHNASNTAGTASSAGTSPTDTQY,TSGFNG,NVLDGL,AVMDSSYKLI,MRHNA,SNTAGT,ASSAGTSPTDTQY,0
GLCTLVAML,VSGLRGLYSAGEEAVQALRAAGNKLTSGHRSYFSETQASRGSSSISGANVLT,VSGLRG,LYSAGEE,AVQALRAAGNKLT,SGHRS,YFSETQ,ASRGSSSISGANVLT,0
RAKFKQLL,SIFNTLYKAGELAGHTGNQFYSGHATFQNNGVASSLGVAGTNTGELF,SIFNT,LYKAGEL,AGHTGNQFY,SGHAT,FQNNGV,ASSLGVAGTNTGELF,0
GILGFVFTL,SVFSSVVTGGEVAGAIGSSNTGKLILNHDASQIVNDASSIRAAYEQY,SVFSS,VVTGGEV,AGAIGSSNTGKLI,LNHDA,SQIVND,ASSIRAAYEQY,1
GILGFVFTL,NSASDYIRSNMDKAETWNNFNKFYSGHDTYYEEEEASSLGPITGLPYNEQF,NSASDY,IRSNMDK,AETWNNFNKFY,SGHDT,YYEEEE,ASSLGPITGLPYNEQF,1
RLPGVLPRA,TRDTTYYRNSFDEQNALKGNTGTASKLTSGDLSYYNGEEASSVELSTDTQY,TRDTTYY,RNSFDEQN,ALKGNTGTASKLT,SGDLS,YYNGEE,ASSVELSTDTQY,0
LLWNGPMAV,NIATNDYGYKTKLVGDPFYSSASKIISGHNSFNNNVPASSFSGNTGELF,NIATNDY,GYKTK,LVGDPFYSSASKII,SGHNS,FNNNVP,ASSFSGNTGELF,0
RAKFKQLL,VSGNPYYITGDNLVAVRNNNARLMSGHDYFNNNVPASSIVNEAF,VSGNPY,YITGDNLV,AVRNNNARLM,SGHDY,FNNNVP,ASSIVNEAF,0
KLGGALQAK,SSVPPYYTSAATLVAVSRDMNYGGSQGNLILGHDTYNNKELASSQDLRGADTQY,SSVPPY,YTSAATLV,AVSRDMNYGGSQGNLI,LGHDT,YNNKEL,ASSQDLRGADTQY,1
CINGVCWTV,TSINNIRSNEREARSRNKQGGIFFMNHEYSMNVEVASSLMGQGINQPQH,TSINN,IRSNERE,ARSRNKQGGIFF,MNHEY,SMNVEV,ASSLMGQGINQPQH,0
RAKFKQLL,TRDTTYYRNSFDEQNALSVNYGQNFVSNHLYFYNNEIARRQGNEKLF,TRDTTYY,RNSFDEQN,ALSVNYGQNFV,SNHLY,FYNNEI,ARRQGNEKLF,0
RAKFKQLL,DRGSQSIYSNGDAGGDDKIISGDLSYYNGEEASSPGLAYEQY,DRGSQS,IYSNGD,AGGDDKII,SGDLS,YYNGEE,ASSPGLAYEQY,0
NLVPMVATV,NTAFDYIRPDVSEAAHSGNTPLVMNHEYSMNVEVASSQTETSYEQY,NTAFDY,IRPDVSE,AAHSGNTPLV,MNHEY,SMNVEV,ASSQTETSYEQY,0
IVTDFSVIK,SVFSSVVTGGEVAGGGSQGNLIDFQATTSNEGSKASARDLTAGSYEQY,SVFSS,VVTGGEV,AGGGSQGNLI,DFQATT,SNEGSKA,SARDLTAGSYEQY,0
RAKFKQLL,NIATNDYGYKTKLVGEPLGGGGNKLTSGHDTYYEEEEASSLARGTEAF,NIATNDY,GYKTK,LVGEPLGGGGNKLT,SGHDT,YYEEEE,ASSLARGTEAF,0
KLGGALQAK,TRDTTYYRNSFDEQNARDNAGNMLTMNHNYSVGAGIASSYSAWNEQF,TRDTTYY,RNSFDEQN,ARDNAGNMLT,MNHNY,SVGAGI,ASSYSAWNEQF,0
NLVPMVATV,DSASNYIRSNVGEAATETSYDKVISGHNTYYREEEASKRQGSLSYEQY,DSASNY,IRSNVGE,AATETSYDKVI,SGHNT,YYREEE,ASKRQGSLSYEQY,0
NLVPMVATV,NYSPAYIRENEKEALVTGYSTLTSGHNTYYREEEASSSGTSGSGSYNEQF,NYSPAY,IRENEKE,ALVTGYSTLT,SGHNT,YYREEE,ASSSGTSGSGSYNEQF,1
KLGGALQAK,DRGSQSIYSNGDAGRNYNQGGKLISGHVSFQNEAQASSSPEGQPLNTGELF,DRGSQS,IYSNGD,AGRNYNQGGKLI,SGHVS,FQNEAQ,ASSSPEGQPLNTGELF,0
GILGFVFTL,TSINNIRSNEREATDARNTDKLIMGHRAYSYEKLASSPRRVGLAGVNGTDTQY,TSINN,IRSNERE,ATDARNTDKLI,MGHRA,YSYEKL,ASSPRRVGLAGVNGTDTQY,0
GILGFVFTL,YGGTVNYFSGDPLVAVSARLNTDKLISGHNSFNNNVPASSFSGNTGELF,YGGTVN,YFSGDPLV,AVSARLNTDKLI,SGHNS,FNNNVP,ASSFSGNTGELF,0
RAKFKQLL,DSSSTYIFSNMDMAETLAPGGSYIPTDFQATTSNEGSKASALGGTQY,DSSSTY,IFSNMDM,AETLAPGGSYIPT,DFQATT,SNEGSKA,SALGGTQY,0
AVFDRKSDAK,VSPFSNMTFSENTVGYTNAGKSTKGHSHLQKENIASSPPGGGNTGELF,VSPFSN,MTFSENT,VGYTNAGKST,KGHSH,LQKENI,ASSPPGGGNTGELF,0
DATYQRTRALVR,DRGSQSIYSNGDAAQGGKLIMNHEYSMNVEVASSSGTGVFLAEAF,DRGSQS,IYSNGD,AAQGGKLI,MNHEY,SMNVEV,ASSSGTGVFLAEAF,0
GLCTLVAML,YGATPYYFSGDTLVAVGLFNFNKFYDFQATTSNEGSKASARDRVGNTIY,YGATPY,YFSGDTLV,AVGLFNFNKFY,DFQATT,SNEGSKA,SARDRVGNTIY,1
DATYQRTRALVR,ATGYPSATKADDKALRETSYDKVIMDHENSYDVKMASSLYSATGELF,ATGYPS,ATKADDK,ALRETSYDKVI,MDHEN,SYDVKM,ASSLYSATGELF,0
CINGVCWTV,DRGSQSIYSNGDAVKWEYGNKLVMNHEYSMNVEVASSLIANEKLF,DRGSQS,IYSNGD,AVKWEYGNKLV,MNHEY,SMNVEV,ASSLIANEKLF,0
GILGFVFTL,DRGSQSIYSNGDAVTSVGNKLTMNHEYSMNVEVASSLSGTNGYT,DRGSQS,IYSNGD,AVTSVGNKLT,MNHEY,SMNVEV,ASSLSGTNGYT,0
DATYQRTRALVR,DSASNYIRSNVGEAALAGTASKLTSQVTMANQGSEASVVPLAGPYEQY,DSASNY,IRSNVGE,AALAGTASKLT,SQVTM,ANQGSEA,SVVPLAGPYEQY,0
KLGGALQAK,SSNFYAMTLNGDEASAGSGNTGKLILNHDASQIVNDASSTRSGTEAF,SSNFYA,MTLNGDE,ASAGSGNTGKLI,LNHDA,SQIVND,ASSTRSGTEAF,0
KLGGALQAK,SSNFYAMTLNGDEAFTTDSWGKLQLGHDTYNNKELASSQGQANEKLF,SSNFYA,MTLNGDE,AFTTDSWGKLQ,LGHDT,YNNKEL,ASSQGQANEKLF,0
KLGGALQAK,YSGSPEHISRALGFAADGQKLLLNHDASQIVNDASRTGNTEAF,YSGSPE,HISR,ALGFAADGQKLL,LNHDA,SQIVND,ASRTGNTEAF,0
NLVPMVATV,NSAFQYTYSSGNAMIKAAGNKLTMNHEYSMNVEVASSINRASEAF,NSAFQY,TYSSGN,AMIKAAGNKLT,MNHEY,SMNVEV,ASSINRASEAF,0
KLGGALQAK,DSASNYIRSNVGEAAINTGTASKLTMNHEYSMNVEVASSSPGPREKLF,DSASNY,IRSNVGE,AAINTGTASKLT,MNHEY,SMNVEV,ASSSPGPREKLF,1
KLGGALQAK,TSGFNGNVLDGLAVGMIKAAGNKLTDFQATTSNEGSKASALGGTQY,TSGFNG,NVLDGL,AVGMIKAAGNKLT,DFQATT,SNEGSKA,SALGGTQY,0
GLCTLVAML,YGATPYYFSGDTLVAVGTFSNSGYALNMGHRAYSYEKLASSQDGIYEQY,YGATPY,YFSGDTLV,AVGTFSNSGYALN,MGHRA,YSYEKL,ASSQDGIYEQY,0
KSKRTPMGF,TSGFYGNALDGLAVKASGGSYIPTLNHDASQIVNDASSVGLAGDNEQF,TSGFYG,NALDGL,AVKASGGSYIPT,LNHDA,SQIVND,ASSVGLAGDNEQF,0
KSKRTPMGF,DRGSQSIYSNGDAVNQGGKLISGHDYFNNNVPASTPSPSRPPL,DRGSQS,IYSNGD,AVNQGGKLI,SGHDY,FNNNVP,ASTPSPSRPPL,0
IVTDFSVIK,VGISALSSGKAVSASGTYKYISGHDTYYEEEEASSLRDGSEAF,VGISA,LSSGK,AVSASGTYKYI,SGHDT,YYEEEE,ASSLRDGSEAF,0
AVFDRKSDAK,SSVSVYYLSGSTLVAVSGVGFKIISGHDNFVKESKASSYLAGGYNEQF,SSVSVY,YLSGSTLV,AVSGVGFKII,SGHDN,FVKESK,ASSYLAGGYNEQF,0
AVFDRKSDAK,DRGSQSIYSNGDAANDYKLSDFQATTSNEGSKASATGNRGADTQY,DRGSQS,IYSNGD,AANDYKLS,DFQATT,SNEGSKA,SATGNRGADTQY,0
KLGGALQAK,DSAIYNIQSSQREAVNYGGSQGNLISGHATFQNNGVASRLLGQLETQY,DSAIYN,IQSSQRE,AVNYGGSQGNLI,SGHAT,FQNNGV,ASRLLGQLETQY,0
GILGFVFTL,DSAIYNIQSSQREAVRNTGGFKTISGHATFQNNGVASSLSGQLDTQY,DSAIYN,IQSSQRE,AVRNTGGFKTI,SGHAT,FQNNGV,ASSLSGQLDTQY,0
KLGGALQAK,TSGFYGNALDGLAVKASGGSYIPTLNHDASQIVNDASSVGLAGDNEQF,TSGFYG,NALDGL,AVKASGGSYIPT,LNHDA,SQIVND,ASSVGLAGDNEQF,0
KLGGALQAK,TSGFNGNVLDGLAGSWGKLQSGHVSFQNEAQASSQRPGQGTEGKLF,TSGFNG,NVLDGL,AGSWGKLQ,SGHVS,FQNEAQ,ASSQRPGQGTEGKLF,1
GILGFVFTL,NSASDYIRSNMDKAETVYNTDKLIMNHEYSMNVEVASSLSDNSEQF,NSASDY,IRSNMDK,AETVYNTDKLI,MNHEY,SMNVEV,ASSLSDNSEQF,0
IVTDFSVIK,SIFNTLYKAGELAGQLILWGWELPTHSGHNSFNNNVPASSLTNSPYEQY,SIFNT,LYKAGEL,AGQLILWGWELPTH,SGHNS,FNNNVP,ASSLTNSPYEQY,0
NLVPMVATV,DSAIYNIQSSQREAVVGSDYKLSMNHEYSMNVEVASSSGTPLNGYT,DSAIYN,IQSSQRE,AVVGSDYKLS,MNHEY,SMNVEV,ASSSGTPLNGYT,0
AVFDRKSDAK,TISGTDYGLTSNILRPMEYGNKLVSEHNRFQNEAQASSYIAGVKYEQY,TISGTDY,GLTSN,ILRPMEYGNKLV,SEHNR,FQNEAQ,ASSYIAGVKYEQY,1
AVFDRKSDAK,NSASDYIRSNMDKAEPSSASKIISGDLSYYNGEEASSEENTGELF,NSASDY,IRSNMDK,AEPSSASKII,SGDLS,YYNGEE,ASSEENTGELF,0
IVTDFSVIK,NSAFQYTYSSGNATLLYNTDKLISGDLSYYNGEEASSPTPTGSSTDTQY,NSAFQY,TYSSGN,ATLLYNTDKLI,SGDLS,YYNGEE,ASSPTPTGSSTDTQY,0
GILGFVFTL,SIFNTLYKAGELAGQLILWGWELPTHSGHNSFNNNVPASSLTNSPYEQY,SIFNT,LYKAGEL,AGQLILWGWELPTH,SGHNS,FNNNVP,ASSLTNSPYEQY,0
AVFDRKSDAK,SSYSPSYTSAATLVVVSDPGFGNEKLTSGDLSYYNGEEASSVGADPPNTEAF,SSYSPS,YTSAATLV,VVSDPGFGNEKLT,SGDLS,YYNGEE,ASSVGADPPNTEAF,1
RAKFKQLL,TSGFNGNVLDGLAVMDSNYQLIMRHNASNTAGTASRGPASTDTQY,TSGFNG,NVLDGL,AVMDSNYQLI,MRHNA,SNTAGT,ASRGPASTDTQY,0
AVFDRKSDAK,DSSSTYIFSNMDMAEGETSYDKVISGHNSFNNNVPASRILDRGEAGELF,DSSSTY,IFSNMDM,AEGETSYDKVI,SGHNS,FNNNVP,ASRILDRGEAGELF,0
AVFDRKSDAK,TTLSNLVKSGEVAGATDSWGKLQSGHATFQNNGVASSWGGGSHYGYT,TTLSN,LVKSGEV,AGATDSWGKLQ,SGHAT,FQNNGV,ASSWGGGSHYGYT,0
CTELKLSDY,TRDTTYYRNSFDEQNALSSPSAAGNKLTMNHEYSVGAGIASKGLAGGGSYNEQF,TRDTTYY,RNSFDEQN,ALSSPSAAGNKLT,MNHEY,SVGAGI,ASKGLAGGGSYNEQF,0
GILGFVFTL,TTLSNLVKSGEVAGSIMNYGGSQGNLISGDLSYYNGEEASSVSSGLYYEQY,TTLSN,LVKSGEV,AGSIMNYGGSQGNLI,SGDLS,YYNGEE,ASSVSSGLYYEQY,0
KLGGALQAK,DRGSQSIYSNGDAVTIGWGKLQSQVTMANQGSEASVYLNTEAF,DRGSQS,IYSNGD,AVTIGWGKLQ,SQVTM,ANQGSEA,SVYLNTEAF,0
IVTDFSVIK,DSSSTYIFSNMDMAEMEGGSYIPTPRHDTFYEKMQASSLMRGGTYNSPLH,DSSSTY,IFSNMDM,AEMEGGSYIPT,PRHDT,FYEKMQ,ASSLMRGGTYNSPLH,0
AVFDRKSDAK,DRGSQSIYSNGDAVNTDSWGKLQSGHKSYYEKEEASSGPGGVDEQY,DRGSQS,IYSNGD,AVNTDSWGKLQ,SGHKS,YYEKEE,ASSGPGGVDEQY,0
GILGFVFTL,NIATNDYGYKTKLVGDMRSGAGSYQLTLGHNAYNFKEQASSPPGRTEAF,NIATNDY,GYKTK,LVGDMRSGAGSYQLT,LGHNA,YNFKEQ,ASSPPGRTEAF,0
YLQPRTFLL,DSSSTYIFSNMDMAEILDFGNEKLTDFQATTSNEGSKASARDPSGVKLF,DSSSTY,IFSNMDM,AEILDFGNEKLT,DFQATT,SNEGSKA,SARDPSGVKLF,1
GILGFVFTL,TSESDYYQEAYKQQNALYTGNQFYMGHDKSYGVNSASSDPSSVGRSTDTQY,TSESDYY,QEAYKQQN,ALYTGNQFY,MGHDK,SYGVNS,ASSDPSSVGRSTDTQY,0
GILGFVFTL,TISGNEYGLKNNIVRVAVKTSYDKVISEHNRFQNEAQASISLISTKGRKDTQY,TISGNEY,GLKNN,IVRVAVKTSYDKVI,SEHNR,FQNEAQ,ASISLISTKGRKDTQY,0
KLGGALQAK,TRDTTYYRNSFDEQNALITALNNAGNMLTSGHDTYYEEEEASSSQGWGRVYSEQF,TRDTTYY,RNSFDEQN,ALITALNNAGNMLT,SGHDT,YYEEEE,ASSSQGWGRVYSEQF,0
RAKFKQLL,SVFSSVVTGGEVAGNSGNTGKLILNHDASQIVNDASSSRSGYEQY,SVFSS,VVTGGEV,AGNSGNTGKLI,LNHDA,SQIVND,ASSSRSGYEQY,0
KLGGALQAK,DSAIYNIQSSQREAVRPESGGGADGLTDFQATTSNEGSKASASKGYTIY,DSAIYN,IQSSQRE,AVRPESGGGADGLT,DFQATT,SNEGSKA,SASKGYTIY,0
GILGFVFTL,VSGNPYYITGDNLVAVRGYRDDKIIMNHEYSVGEGTAIRGAGGSRRDEQF,VSGNPY,YITGDNLV,AVRGYRDDKII,MNHEY,SVGEGT,AIRGAGGSRRDEQF,0
GLCTLVAML,NSASQSVYSSGVVNNGDKLISGHVSFNYEAQASSPGTTLAKNIQY,NSASQS,VYSSG,VVNNGDKLI,SGHVS,FNYEAQ,ASSPGTTLAKNIQY,0
KLGGALQAK,TRDTTYYRNSFDEQNALSGTRSGNTPLVLNHDASQIVNDASSGGQAAWGSVGSGELF,TRDTTYY,RNSFDEQN,ALSGTRSGNTPLV,LNHDA,SQIVND,ASSGGQAAWGSVGSGELF,1
KSKRTPMGF,TRDTTYYRNSFDEQNALSEANTGGFKTISGHATFQNNGVASSWGGGSHYGYT,TRDTTYY,RNSFDEQN,ALSEANTGGFKTI,SGHAT,FQNNGV,ASSWGGGSHYGYT,0
RAKFKQLL,NSASDYIRSNMDKAENIGGFKTIMNHNSSASEGTASTLRDYEQY,NSASDY,IRSNMDK,AENIGGFKTI,MNHNS,SASEGT,ASTLRDYEQY,0
AVFDRKSDAK,SSYSPSYTSAATLVVVSDHYSNSGYALNSEHNRFQNEAQASSPPVISNNEQY,SSYSPS,YTSAATLV,VVSDHYSNSGYALN,SEHNR,FQNEAQ,ASSPPVISNNEQY,0
KLGGALQAK,TRDTTYYRNSFDEQNALTPNTNAGKSTENHRYSYGVKDAISGMVVRGGDSYNEQF,TRDTTYY,RNSFDEQN,ALTPNTNAGKST,ENHRY,SYGVKD,AISGMVVRGGDSYNEQF,0
KLGGALQAK,TSGFNGNVLDGLAVRADSGAGSYQLTDFQATTSNEGSKASARDRVGNTIY,TSGFNG,NVLDGL,AVRADSGAGSYQLT,DFQATT,SNEGSKA,SARDRVGNTIY,0
KLGGALQAK,DRGSQSIYSNGDAVSVGAGNMLTSSHATFNYEAQASSLTESYEQY,DRGSQS,IYSNGD,AVSVGAGNMLT,SSHAT,FNYEAQ,ASSLTESYEQY,0
RAKFKQLL,NSMFDYISSIKDKAAVPIQGAQKLVSGHDYFNNNVPASGTWGARQPQH,NSMFDY,ISSIKDK,AAVPIQGAQKLV,SGHDY,FNNNVP,ASGTWGARQPQH,0
RAKFKQLL,VSGLRGLYSAGEEAGGGSQGNLIMNHEYSMNVEVASSGSPYNEQF,VSGLRG,LYSAGEE,AGGGSQGNLI,MNHEY,SMNVEV,ASSGSPYNEQF,0
KLGGALQAK,NSMFDYISSIKDKAASGGSNYKLTSGHTSYDEGEEASSSAVIRGLDWCYT,NSMFDY,ISSIKDK,AASGGSNYKLT,SGHTS,YDEGEE,ASSSAVIRGLDWCYT,0
GILGFVFTL,YSGSPEHISRALGFAADGQKLLLNHDASQIVNDASRTGNTEAF,YSGSPE,HISR,ALGFAADGQKLL,LNHDA,SQIVND,ASRTGNTEAF,1
KLGGALQAK,DSVNNIPSGTAVDHLMNYGGSQGNLILNHDASQIVNDASSTYSQDTQY,DSVNN,IPSGT,AVDHLMNYGGSQGNLI,LNHDA,SQIVND,ASSTYSQDTQY,0
SPRWYFYYL,SSVPPYYTSAATLVAVTFTGNTPLVLNHDASQIVNDASSTRSQETQY,SSVPPY,YTSAATLV,AVTFTGNTPLV,LNHDA,SQIVND,ASSTRSQETQY,0
RAKFKQLL,DSAIYNIQSSQREDRGRGTSYDKVIMNHEYSVGEGTASTLGEGSEAF,DSAIYN,IQSSQRE,DRGRGTSYDKVI,MNHEY,SVGEGT,ASTLGEGSEAF,0
IVTDFSVIK,SVFSSVVTGGEVAGARSGSQGNLILNHDASQIVNDASSVRSSYEQY,SVFSS,VVTGGEV,AGARSGSQGNLI,LNHDA,SQIVND,ASSVRSSYEQY,0
GILGFVFTL,TSDPSYGQGSYDQQNAMREETDSWGKLQDFQATTSNEGSKASARDRGGENTGELF,TSDPSYG,QGSYDQQN,AMREETDSWGKLQ,DFQATT,SNEGSKA,SARDRGGENTGELF,0
IVTDFSVIK,TISGTDYGLTSNILRVWNNAGNMLTSGHDYFNNNVPASSFTWTSGLYEQY,TISGTDY,GLTSN,ILRVWNNAGNMLT,SGHDY,FNNNVP,ASSFTWTSGLYEQY,0
GILGFVFTL,DRGSQSIYSNGDAVSGQKLLDFQATTSNEGSKASASDNMVGAYEQY,DRGSQS,IYSNGD,AVSGQKLL,DFQATT,SNEGSKA,SASDNMVGAYEQY,0
HPVTKYIM,NSASQSVYSSGVVGNYGQNFVLGHNAYSLEERASSQVLSGELF,NSASQS,VYSSG,VVGNYGQNFV,LGHNA,YSLEER,ASSQVLSGELF,0
LLWNGPMAV,TRDTTYYRNSFDEQNALSEASLVDSNYQLILNHDASQIVNDASSPTSGGYNEQF,TRDTTYY,RNSFDEQN,ALSEASLVDSNYQLI,LNHDA,SQIVND,ASSPTSGGYNEQF,0
GILGFVFTL,DSAIYNIQSSQREAVGANFGNEKLTLNHDASQIVNDASSWAGPHTEAF,DSAIYN,IQSSQRE,AVGANFGNEKLT,LNHDA,SQIVND,ASSWAGPHTEAF,0
NLVPMVATV,VSGNPYYITGDNLVAVRDLNARLMDFQATTSNEGSKASAREEGTQAWETQY,VSGNPY,YITGDNLV,AVRDLNARLM,DFQATT,SNEGSKA,SAREEGTQAWETQY,1
KLGGALQAK,DSAIYNIQSSQREAEDSGNTPLVSEHNRFQNEAQASSLLGVSYYNEQF,DSAIYN,IQSSQRE,AEDSGNTPLV,SEHNR,FQNEAQ,ASSLLGVSYYNEQF,0
GILGFVFTL,VSGLRGLYSAGEEAGGGSQGNLIMNHEYSMNVEVASSGSPYNEQF,VSGLRG,LYSAGEE,AGGGSQGNLI,MNHEY,SMNVEV,ASSGSPYNEQF,0
ELAGIGILTV,DRGSQSIYSNGDAVNSGNQFYFGMNHEYSMNVEVASRPTGMGQPQHFG,DRGSQS,IYSNGD,AVNSGNQFYFG,MNHEY,SMNVEV,ASRPTGMGQPQHFG,1
NLVPMVATV,VSGNPYYITGDNLVAVRLHNYGQNFVDFQATTSNEGSKASAPARSEPYEQY,VSGNPY,YITGDNLV,AVRLHNYGQNFV,DFQATT,SNEGSKA,SAPARSEPYEQY,0
AVFDRKSDAK,SIFNTLYKAGELAGHTGNQFYSGHNTYYREEEASSSTGGGEKDQPQH,SIFNT,LYKAGEL,AGHTGNQFY,SGHNT,YYREEE,ASSSTGGGEKDQPQH,0
HPVTKYIM,VSGNPYYITGDNLVAVRDREKAAGNKLTMNHNSSASEGTASSEFGNEQF,VSGNPY,YITGDNLV,AVRDREKAAGNKLT,MNHNS,SASEGT,ASSEFGNEQF,0
ELAGIGILTV,SSNFYAMTLNGDEASAGSGNTGKLILNHDASQIVNDASSTRSGTEAF,SSNFYA,MTLNGDE,ASAGSGNTGKLI,LNHDA,SQIVND,ASSTRSGTEAF,0
GILGFVFTL,DRGSQSIYSNGDAVNRGFGNVLHSGHRSYFSETQASSLGTGDGYT,DRGSQS,IYSNGD,AVNRGFGNVLH,SGHRS,YFSETQ,ASSLGTGDGYT,0
GLCTLVAML,VSGNPYYITGDNLVTSRVTDYKLSSEHNRFQNEAQASSPDRESNTGELF,VSGNPY,YITGDNLV,TSRVTDYKLS,SEHNR,FQNEAQ,ASSPDRESNTGELF,0
NLVPMVATV,DRGSQSIYSNGDASVGMDSSYKLISGHNSFNNNVPASSFSGNTGELF,DRGSQS,IYSNGD,ASVGMDSSYKLI,SGHNS,FNNNVP,ASSFSGNTGELF,0
AVFDRKSDAK,NIATNDYGYKTKLVGPFMRLGHNAYNFKEQASSQDPDTQY,NIATNDY,GYKTK,LVGPFMR,LGHNA,YNFKEQ,ASSQDPDTQY,0
RAKFKQLL,SSYSPSYTSAATLVVLTGANNLFSGHTAFQGTGAASSLGTAAYNEQF,SSYSPS,YTSAATLV,VLTGANNLF,SGHTA,FQGTGA,ASSLGTAAYNEQF,0
ATDALMTGF,VSGLRGLYSAGEEAVQAGYNTDKLISGHRSYFSETQASSLSWQELYGYT,VSGLRG,LYSAGEE,AVQAGYNTDKLI,SGHRS,YFSETQ,ASSLSWQELYGYT,0
GILGFVFTL,YGATPYYFSGDTLVAVGAPERTSGTYKYIPRHDTFYEKMQASSPGTAAGLTYEQY,YGATPY,YFSGDTLV,AVGAPERTSGTYKYI,PRHDT,FYEKMQ,ASSPGTAAGLTYEQY,0
AVFDRKSDAK,DSASNYIRSNVGEAASATNAGGTSYGKLTSGDLSYYNGEEASSASSGGVSDTQY,DSASNY,IRSNVGE,AASATNAGGTSYGKLT,SGDLS,YYNGEE,ASSASSGGVSDTQY,0
AVFDRKSDAK,TTLSNLVKSGEVADPFSSNTGKLILNHDASQIVNDASSTFSSGRTEAF,TTLSN,LVKSGEV,ADPFSSNTGKLI,LNHDA,SQIVND,ASSTFSSGRTEAF,0
CINGVCWTV,VGISALSSGKAVLKTSYDKVILNHDASQIVNDASSFFLAAGYP,VGISA,LSSGK,AVLKTSYDKVI,LNHDA,SQIVND,ASSFFLAAGYP,0
ELAGIGILTV,DRGSQSIYSNGDAVKLNRDDKIIMNHEYSMNVEVASSSPMQRGLYEQY,DRGSQS,IYSNGD,AVKLNRDDKII,MNHEY,SMNVEV,ASSSPMQRGLYEQY,1
GLCTLVAML,TSGFNGNVLDGLAEDQGGKLILNHDASQIVNDATGTGDSNQPQH,TSGFNG,NVLDGL,AEDQGGKLI,LNHDA,SQIVND,ATGTGDSNQPQH,0
RAKFKQLL,NIATNDYGYKTKLVERNNDMRMNHNSSASEGTASSELWGSEPSPLH,NIATNDY,GYKTK,LVERNNDMR,MNHNS,SASEGT,ASSELWGSEPSPLH,0
GILGFVFTL,DSVNNIPSGTAVEAAAGNKLTMDHENSYDVKMASSSGQGNIQY,DSVNN,IPSGT,AVEAAAGNKLT,MDHEN,SYDVKM,ASSSGQGNIQY,0
ELAGIGILTV,TSGFYGNALDGLAVKASGGSYIPTLNHDASQIVNDASSVGLAGDNEQF,TSGFYG,NALDGL,AVKASGGSYIPT,LNHDA,SQIVND,ASSVGLAGDNEQF,0
GILGFVFTL,NSASQSVYSSGVVNSPNDYKLSMNHEYSVGEGTASSYPEVAPSEQF,NSASQS,VYSSG,VVNSPNDYKLS,MNHEY,SVGEGT,ASSYPEVAPSEQF,0
NLVPMVATV,TSESDYYQEAYKQQNALYTGNQFYMGHDKSYGVNSASSDPSSVGRSTDTQY,TSESDYY,QEAYKQQN,ALYTGNQFY,MGHDK,SYGVNS,ASSDPSSVGRSTDTQY,0
IVTDFSVIK,DSSSTYIFSNMDMAEMEGGSYIPTLGHNAYNFKEQASSQEWLAVSTDTQY,DSSSTY,IFSNMDM,AEMEGGSYIPT,LGHNA,YNFKEQ,ASSQEWLAVSTDTQY,0
KLGGALQAK,TISGNEYGLKNNIVRVTMDSNYQLILGHDTYNNKELASSQDRGATDELF,TISGNEY,GLKNN,IVRVTMDSNYQLI,LGHDT,YNNKEL,ASSQDRGATDELF,1
NLVPMVATV,DSASNYIRSNVGEAATPPPSYDKVISGHDYFNNNVPASSPGTFRYT,DSASNY,IRSNVGE,AATPPPSYDKVI,SGHDY,FNNNVP,ASSPGTFRYT,1
SPRWYFYYL,TTLSNLVKSGEVAAPRNNNARLMMNHEYSMNVEVASKALVGTAEAKNIQY,TTLSN,LVKSGEV,AAPRNNNARLM,MNHEY,SMNVEV,ASKALVGTAEAKNIQY,1
GILGFVFTL,VSGNPYYITGDNLVAVDSSASKIIDFQATTSNEGSKASAPARSEPYEQY,VSGNPY,YITGDNLV,AVDSSASKII,DFQATT,SNEGSKA,SAPARSEPYEQY,0
RAKFKQLL,NSASDYIRSNMDKADPTDSWGKLQSGHDNFVKESKASSLIGLAEQF,NSASDY,IRSNMDK,ADPTDSWGKLQ,SGHDN,FVKESK,ASSLIGLAEQF,0
AVFDRKSDAK,DSAIYNIQSSQREAGRGSARQLTMGHRAYSYEKLASSQDRGQGGSYEQY,DSAIYN,IQSSQRE,AGRGSARQLT,MGHRA,YSYEKL,ASSQDRGQGGSYEQY,0
ELAGIGILTV,DRGSQSIYSNGDAVTNYGGSQGNLIKGHDRSFDVKDATRRPGQQETQY,DRGSQS,IYSNGD,AVTNYGGSQGNLI,KGHDR,SFDVKD,ATRRPGQQETQY,0
GLCTLVAML,TRDTTYYRNSFDEQNALSDAYNFNKFYPRHDTFYEKMQASSDDRVRYGYT,TRDTTYY,RNSFDEQN,ALSDAYNFNKFY,PRHDT,FYEKMQ,ASSDDRVRYGYT,0
KLGGALQAK,TSGFNGNVLDGLAGMDSNYQLIMNHNSSASEGTASGGSTGTNEKLF,TSGFNG,NVLDGL,AGMDSNYQLI,MNHNS,SASEGT,ASGGSTGTNEKLF,0
ELAGIGILTV,DSSSTYIFSNMDMAETQDSNYQLIMNHEYSMNVEVASGQGSQPQH,DSSSTY,IFSNMDM,AETQDSNYQLI,MNHEY,SMNVEV,ASGQGSQPQH,0
VLFGLGFAI,NIATNDYGYKTKLVVGRYAGNMLTSNHLYFYNNEIASSLNRELF,NIATNDY,GYKTK,LVVGRYAGNMLT,SNHLY,FYNNEI,ASSLNRELF,0
NLVPMVATV,SSVPPYYTSAATLVAVPNTGNQFYSGHTAFQGTGAASSPPTNYGYT,SSVPPY,YTSAATLV,AVPNTGNQFY,SGHTA,FQGTGA,ASSPPTNYGYT,0
GLCTLVAML,NIATNDYGYKTKLVGDPFYSSASKIISGHNSFNNNVPASSFSGNTGELF,NIATNDY,GYKTK,LVGDPFYSSASKII,SGHNS,FNNNVP,ASSFSGNTGELF,0
ELAGIGILTV,DSASNYIRSNVGEAARVRGFGNVLHSGDLSYYNGEEASSLSSGTYEQY,DSASNY,IRSNVGE,AARVRGFGNVLH,SGDLS,YYNGEE,ASSLSSGTYEQY,0
AVFDRKSDAK,TSENNYYQEAYKQQNAFMTNAGGTSYGKLTPRHDTFYEKMQASSLMRGGTYNSPLH,TSENNYY,QEAYKQQN,AFMTNAGGTSYGKLT,PRHDT,FYEKMQ,ASSLMRGGTYNSPLH,0
HPVTKYIM,DSSSTYIFSNMDMAESIGKLISQVTMANQGSEASVGAGGTNEKLF,DSSSTY,IFSNMDM,AESIGKLI,SQVTM,ANQGSEA,SVGAGGTNEKLF,0
AVFDRKSDAK,TISGTDYGLTSNILGWGKLQMNHEYSMNVEVASSLDRVTGELF,TISGTDY,GLTSN,ILGWGKLQ,MNHEY,SMNVEV,ASSLDRVTGELF,0
GILGFVFTL,DRGSQSIYSNGDAVGISGGYQKVTMNHEYSVGAGIASSSGTGSPLH,DRGSQS,IYSNGD,AVGISGGYQKVT,MNHEY,SVGAGI,ASSSGTGSPLH,0
RAKFKQLL,NSASQSVYSSGVVNKNNDMRSGHRSYFSETQASGEENTGELF,NSASQS,VYSSG,VVNKNNDMR,SGHRS,YFSETQ,ASGEENTGELF,0
GILGFVFTL,SSVSVYYLSGSTLVAVSDPDTDKLIMNHNSSASEGTASSDWTNTGELF,SSVSVY,YLSGSTLV,AVSDPDTDKLI,MNHNS,SASEGT,ASSDWTNTGELF,0
KLGGALQAK,TRDTTYYRNSFDEQNALSGDTGNQFYKGHSHLQKENIASSPSQGGNTDTQY,TRDTTYY,RNSFDEQN,ALSGDTGNQFY,KGHSH,LQKENI,ASSPSQGGNTDTQY,1
GILGFVFTL,DSASNYIRSNVGEAASETSYDKVISGHNSFNNNVPASQPHGTGDHEQY,DSASNY,IRSNVGE,AASETSYDKVI,SGHNS,FNNNVP,ASQPHGTGDHEQY,0
KLGGALQAK,DRGSQSIYSNGDAVPFGNYGQNFVMDHENSYDVKMASSPTGVGQPQH,DRGSQS,IYSNGD,AVPFGNYGQNFV,MDHEN,SYDVKM,ASSPTGVGQPQH,0
GILGFVFTL,NIATNDYGYKTKLVASPSGGYNKLISGHDTYYEEEEASSLARQEETQY,NIATNDY,GYKTK,LVASPSGGYNKLI,SGHDT,YYEEEE,ASSLARQEETQY,0
GILGFVFTL,KALYSLLKGGEQGTAMGGGSQGNLILNHDASQIVNDASSMRSTDTQY,KALYS,LLKGGEQ,GTAMGGGSQGNLI,LNHDA,SQIVND,ASSMRSTDTQY,1
RAKFKQLL,TTLSNLVKSGEVAGFPPGKLISGHNSFNNNVPASSPVAGVRDEQF,TTLSN,LVKSGEV,AGFPPGKLI,SGHNS,FNNNVP,ASSPVAGVRDEQF,0
KLGGALQAK,TSINNIRSNEREATDARNNARLMSGHTAFQGTGAASSLGGAAYNEQF,TSINN,IRSNERE,ATDARNNARLM,SGHTA,FQGTGA,ASSLGGAAYNEQF,0
HPVTKYIM,TRDTTYYRNSFDEQNALKHNNARLMSGHVSFNYEAQASSPLAGVSDTQY,TRDTTYY,RNSFDEQN,ALKHNNARLM,SGHVS,FNYEAQ,ASSPLAGVSDTQY,0
CINGVCWTV,TSGFYGNALDGLAVRDRDNYGQNFVSGHKSYYEKEEASSLEVTGLNTEAF,TSGFYG,NALDGL,AVRDRDNYGQNFV,SGHKS,YYEKEE,ASSLEVTGLNTEAF,0
AVFDRKSDAK,DSSSTYIFSNMDMAESMSYQKVTSGHRSYFSETQASSLEASTDTQY,DSSSTY,IFSNMDM,AESMSYQKVT,SGHRS,YFSETQ,ASSLEASTDTQY,0
AVFDRKSDAK,SVFSSVVTGGEVAGAGEAGAQKLVMNHEYSMNVEVASSPTGLVYEQF,SVFSS,VVTGGEV,AGAGEAGAQKLV,MNHEY,SMNVEV,ASSPTGLVYEQF,0
ELAGIGILTV,SSVPPYYTSAATLVAVTFTGNTPLVLNHDASQIVNDASSTRSQETQY,SSVPPY,YTSAATLV,AVTFTGNTPLV,LNHDA,SQIVND,ASSTRSQETQY,0
KLGGALQAK,DSVNNIPSGTAGSPSNTGKLISEHNRFQNEAQASSTSEGGLFYEQY,DSVNN,IPSGT,AGSPSNTGKLI,SEHNR,FQNEAQ,ASSTSEGGLFYEQY,0
GILGFVFTL,DRGSQSIYSNGDAVNKITGGGNKLTMDHENSYDVKMASKIQGSPEAF,DRGSQS,IYSNGD,AVNKITGGGNKLT,MDHEN,SYDVKM,ASKIQGSPEAF,0
DATYQRTRALVR,DRGSQSIYSNGDAVGGSARQLTSNHLYFYNNEIASSEGQTGNTIY,DRGSQS,IYSNGD,AVGGSARQLT,SNHLY,FYNNEI,ASSEGQTGNTIY,0
GLCTLVAML,VSPFSNMTFSENTVVSDEYGNKLVMRHNASNTAGTASSVWTGHDEQF,VSPFSN,MTFSENT,VVSDEYGNKLV,MRHNA,SNTAGT,ASSVWTGHDEQF,1
KLGGALQAK,DRGSQSIYSNGDAVNGASKIIMNHEYSMNVEVASGSGRLAEQY,DRGSQS,IYSNGD,AVNGASKII,MNHEY,SMNVEV,ASGSGRLAEQY,1
RAKFKQLL,SVFSSVVTGGEVAGQAPSGSARQLTKGHDRSFDVKDATSDRLAGGELF,SVFSS,VVTGGEV,AGQAPSGSARQLT,KGHDR,SFDVKD,ATSDRLAGGELF,0
RAKFKQLL,TSDPSYGQGSYDQQNAMREETDSWGKLQDFQATTSNEGSKASARDRGGENTGELF,TSDPSYG,QGSYDQQN,AMREETDSWGKLQ,DFQATT,SNEGSKA,SARDRGGENTGELF,0
RAKFKQLL,VGISALSSGKAVSAWYRGSNYQLISGHDNFVKESKASRRGVDGYT,VGISA,LSSGK,AVSAWYRGSNYQLI,SGHDN,FVKESK,ASRRGVDGYT,0
GPRLGVRAT,TISGNEYGLKNNIVRVAVKTSYDKVISEHNRFQNEAQASISLISTKGRKDTQY,TISGNEY,GLKNN,IVRVAVKTSYDKVI,SEHNR,FQNEAQ,ASISLISTKGRKDTQY,1
RAKFKQLL,DSASNYIRSNVGEAASGGGSQGNLISGHNSFNNNVPASSFSGNTGELF,DSASNY,IRSNVGE,AASGGGSQGNLI,SGHNS,FNNNVP,ASSFSGNTGELF,1
AVFDRKSDAK,KALYSLLKGGEQGTVKGFGNVLHDFQATTSNEGSKASAPARSEPYEQY,KALYS,LLKGGEQ,GTVKGFGNVLH,DFQATT,SNEGSKA,SAPARSEPYEQY,0
KLGGALQAK,DSSSTYIFSNMDMAESLWDDKIISGHDYFNNNVPASRPSGGAETQY,DSSSTY,IFSNMDM,AESLWDDKII,SGHDY,FNNNVP,ASRPSGGAETQY,0
GILGFVFTL,DRGSQSIYSNGDAFSGYALNMNHEYSVGEGTASSYTGTGSQPQH,DRGSQS,IYSNGD,AFSGYALN,MNHEY,SVGEGT,ASSYTGTGSQPQH,0
KLGGALQAK,VSGNPYYITGDNLVAVYGQKLLSGHTAFQGTGAASSLYDSTDTQY,VSGNPY,YITGDNLV,AVYGQKLL,SGHTA,FQGTGA,ASSLYDSTDTQY,0
NLVPMVATV,NSASDYIRSNMDKADSGGGADGLTSEHNRFQNEAQASSLDTQY,NSASDY,IRSNMDK,ADSGGGADGLT,SEHNR,FQNEAQ,ASSLDTQY,0
SPRWYFYYL,DRGSQSIYSNGDAVTTDKLISGDLSYYNGEEASSVAGGAYEQY,DRGSQS,IYSNGD,AVTTDKLI,SGDLS,YYNGEE,ASSVAGGAYEQY,0
RAKFKQLL,NSAFQYTYSSGNARGGGFKTISEHNRFQNEAQASSPVTGGGSGANVLT,NSAFQY,TYSSGN,ARGGGFKTI,SEHNR,FQNEAQ,ASSPVTGGGSGANVLT,0
ELAGIGILTV,DRGSQSIYSNGDAVEVAGKSTLGHNAYNFKEQASSQEAGPSSYEQY,DRGSQS,IYSNGD,AVEVAGKST,LGHNA,YNFKEQ,ASSQEAGPSSYEQY,1
CINGVCWTV,DSASNYIRSNVGEAPWDFNKFYSGHTAFQGTGAASSLQGGTGELF,DSASNY,IRSNVGE,APWDFNKFY,SGHTA,FQGTGA,ASSLQGGTGELF,0
RAKFKQLL,VSGLRGLYSAGEEAVPDNYGQNFVMNHNYSVGAGIASTTGVNTIY,VSGLRG,LYSAGEE,AVPDNYGQNFV,MNHNY,SVGAGI,ASTTGVNTIY,0
AVFDRKSDAK,YSGSPEHISRALVTFTGGGNKLTSGHNTYYREEEASSSTGGGEKDQPQH,YSGSPE,HISR,ALVTFTGGGNKLT,SGHNT,YYREEE,ASSSTGGGEKDQPQH,0
GILGFVFTL,TISGTDYGLTSNILRDDSGNTPLVSNHLYFYNNEIASSEGTGELYEQY,TISGTDY,GLTSN,ILRDDSGNTPLV,SNHLY,FYNNEI,ASSEGTGELYEQY,0
SPRWYFYYL,NIATNDYGYKTKLVGDQGGKLIMGHRAYSYEKLASSQVRGPQF,NIATNDY,GYKTK,LVGDQGGKLI,MGHRA,YSYEKL,ASSQVRGPQF,1
AVFDRKSDAK,NSASQSVYSSGVVGNYGQNFVLGHNAYSLEERASSQVLSGELF,NSASQS,VYSSG,VVGNYGQNFV,LGHNA,YSLEER,ASSQVLSGELF,0
ELAGIGILTV,DRGSQSIYSNGDAVNWEEQGGSYIPTSGHATFQNNGVASNPTGVGDEKLF,DRGSQS,IYSNGD,AVNWEEQGGSYIPT,SGHAT,FQNNGV,ASNPTGVGDEKLF,0
ELAGIGILTV,YSGSPEHISRAPIRAGNNRKLIPRHDTFYEKMQASSVVGTGGRNTEAF,YSGSPE,HISR,APIRAGNNRKLI,PRHDT,FYEKMQ,ASSVVGTGGRNTEAF,0
KLGGALQAK,NSASDYIRSNMDKAENMGGGSQGNLISGHTAFQGNSAASSLEGGTTPFYEQY,NSASDY,IRSNMDK,AENMGGGSQGNLI,SGHTA,FQGNSA,ASSLEGGTTPFYEQY,0
AVFDRKSDAK,NIATNDYGYKTKLVGDQGGKLIMGHRAYSYEKLASSQVRGPQF,NIATNDY,GYKTK,LVGDQGGKLI,MGHRA,YSYEKL,ASSQVRGPQF,0
RAKFKQLL,YSGSPEHISRALSGGSNYKLTLNHDASQIVNDASSIRSSYEQY,YSGSPE,HISR,ALSGGSNYKLT,LNHDA,SQIVND,ASSIRSSYEQY,0
KLGGALQAK,DSASNYIRSNVGEAASETSYDKVIMGHDKSYGVNSASSEQGQGEKLF,DSASNY,IRSNVGE,AASETSYDKVI,MGHDK,SYGVNS,ASSEQGQGEKLF,0
AVFDRKSDAK,TISGTDYGLTSNIVMDSNYQLILNHNVYYDKDFATSRDARVTEAF,TISGTDY,GLTSN,IVMDSNYQLI,LNHNV,YYDKDF,ATSRDARVTEAF,0
IVTDFSVIK,NSASQSVYSSGVVNHFRDDKIILGHNAYSLEERASSQTGFPTTNEKLF,NSASQS,VYSSG,VVNHFRDDKII,LGHNA,YSLEER,ASSQTGFPTTNEKLF,0
KLGGALQAK,TSINNIRSNEREATDGDDYKLSLGHDTYNNKELSARDNLRANYGYT,TSINN,IRSNERE,ATDGDDYKLS,LGHDT,YNNKEL,SARDNLRANYGYT,0
ELAGIGILTV,SVFSSVVTGGEVAGAIGSSNTGKLILNHDASQIVNDASSIRAAYEQY,SVFSS,VVTGGEV,AGAIGSSNTGKLI,LNHDA,SQIVND,ASSIRAAYEQY,0
KSKRTPMGF,TRDTTYYRNSFDEQNALKGNTGTASKLTSGDLSYYNGEEASSVELSTDTQY,TRDTTYY,RNSFDEQN,ALKGNTGTASKLT,SGDLS,YYNGEE,ASSVELSTDTQY,0
ELAGIGILTV,SSYSPSYTSAATLVVVANGFKTISGHDNFVKESKASSRLAGGNTGELF,SSYSPS,YTSAATLV,VVANGFKTI,SGHDN,FVKESK,ASSRLAGGNTGELF,0
GPRLGVRAT,TSINNIRSNEREATDYYGNNRLAMNHEYSVGAGIASREGQFQETQY,TSINN,IRSNERE,ATDYYGNNRLA,MNHEY,SVGAGI,ASREGQFQETQY,0
AVFDRKSDAK,DSASNYIRSNVGEAPRETSYDKVISGHNSFNNNVPASSFSSGPDTQY,DSASNY,IRSNVGE,APRETSYDKVI,SGHNS,FNNNVP,ASSFSSGPDTQY,0
DATYQRTRALVR,NSASQSVYSSGVVESMEYGNKLVSGHKSYYEKEEASSRGRGGQYNEQF,NSASQS,VYSSG,VVESMEYGNKLV,SGHKS,YYEKEE,ASSRGRGGQYNEQF,0
RAKFKQLL,NSASQSVYSSGVVNIPFNPGKLIMGHRAYSYEKLASSLLWAEYNEQF,NSASQS,VYSSG,VVNIPFNPGKLI,MGHRA,YSYEKL,ASSLLWAEYNEQF,1
RAKFKQLL,VGISALSSGKAVRVLMEYGNKLVMNHEYSVGEGTASSPGLASPYSYNEQF,VGISA,LSSGK,AVRVLMEYGNKLV,MNHEY,SVGEGT,ASSPGLASPYSYNEQF,0
RAKFKQLL,NIATNDYGYKTKLVGDGAGYSTLTLNHDASQIVNDASSVALGNQETQY,NIATNDY,GYKTK,LVGDGAGYSTLT,LNHDA,SQIVND,ASSVALGNQETQY,0
AVFDRKSDAK,TTLSNLVKSGEVAGGGGAGSYQLTLNHDASQIVNDASSIRSSYEQY,TTLSN,LVKSGEV,AGGGGAGSYQLT,LNHDA,SQIVND,ASSIRSSYEQY,0
KLGGALQAK,SVFSSVVTGGEVAGVNTGFQKLVMGHDKSYGVNSASSMNVGTKF,SVFSS,VVTGGEV,AGVNTGFQKLV,MGHDK,SYGVNS,ASSMNVGTKF,1
GILGFVFTL,SSVSVYYLSGSTLVAVSVRMDSSYKLIMGHRAYSYEKLASSQDPGYEQY,SSVSVY,YLSGSTLV,AVSVRMDSSYKLI,MGHRA,YSYEKL,ASSQDPGYEQY,1
AVFDRKSDAK,NSASQSVYSSGVVNSPNDYKLSMNHEYSVGEGTASSYPEVAPSEQF,NSASQS,VYSSG,VVNSPNDYKLS,MNHEY,SVGEGT,ASSYPEVAPSEQF,0
YLQPRTFLL,NSASQSVYSSGVVNKNNDMRSGHRSYFSETQASGEENTGELF,NSASQS,VYSSG,VVNKNNDMR,SGHRS,YFSETQ,ASGEENTGELF,1
NLVPMVATV,TISGTDYGLTSNILRGNYGGATNKLIMNHNSSASEGTASRITGESDQPQH,TISGTDY,GLTSN,ILRGNYGGATNKLI,MNHNS,SASEGT,ASRITGESDQPQH,0
KLGGALQAK,SVFSSVVTGGEVAGDDQGGKLILNHDASHIVNDASSIRSSYEQY,SVFSS,VVTGGEV,AGDDQGGKLI,LNHDA,SHIVND,ASSIRSSYEQY,0
GILGFVFTL,SSYSPSYTSAATLVVVSDPGFGNEKLTSGDLSYYNGEEASSVGADPPNTEAF,SSYSPS,YTSAATLV,VVSDPGFGNEKLT,SGDLS,YYNGEE,ASSVGADPPNTEAF,0
KLGGALQAK,SVFSSVVTGGEVAGAGEAGAQKLVMNHEYSMNVEVASSPTGLVYEQF,SVFSS,VVTGGEV,AGAGEAGAQKLV,MNHEY,SMNVEV,ASSPTGLVYEQF,0
GPRLGVRAT,TSINNIRSNEREATASYNTDKLISGDLSYYNGEEASSVAPTGDTDTQY,TSINN,IRSNERE,ATASYNTDKLI,SGDLS,YYNGEE,ASSVAPTGDTDTQY,1
NLVPMVATV,NSASQSVYSSGVVTGGLHARLMMNHEYSVGEGTASSYSTGHEQF,NSASQS,VYSSG,VVTGGLHARLM,MNHEY,SVGEGT,ASSYSTGHEQF,0
RFPLTFGWCF,TSINNIRSNEREATPLDSWGKLQLGHDTYNNKELASSHRTTYNEQF,TSINN,IRSNERE,ATPLDSWGKLQ,LGHDT,YNNKEL,ASSHRTTYNEQF,0
KLGGALQAK,DSASNYIRSNVGEAASETSYDKVISEHNRFQNEAQASSLLGQPNTEAF,DSASNY,IRSNVGE,AASETSYDKVI,SEHNR,FQNEAQ,ASSLLGQPNTEAF,0
KLGGALQAK,TTLSNLVKSGEVAVWGSQGNLILNHDASQIVNDASSSRSGNEQF,TTLSN,LVKSGEV,AVWGSQGNLI,LNHDA,SQIVND,ASSSRSGNEQF,0
AVFDRKSDAK,NSASDYIRSNMDKADSGGGADGLTGTSNPNSVGIGAWGDSYEQY,NSASDY,IRSNMDK,ADSGGGADGLT,GTSNPN,SVGIG,AWGDSYEQY,0
GILGFVFTL,DRGSQSIYSNGDAVAAYKYIMNHNSSASEGTASSGGQAYEQY,DRGSQS,IYSNGD,AVAAYKYI,MNHNS,SASEGT,ASSGGQAYEQY,0
ELAGIGILTV,DRGSQSIYSNGDAVLGFGNVLHSGHNSFNNNVPASSPTGF,DRGSQS,IYSNGD,AVLGFGNVLH,SGHNS,FNNNVP,ASSPTGF,0
AVFDRKSDAK,SSVPPYYTSAATLVAGLSGGSYIPTSGHDNFVKESKASSQDWGAGTQY,SSVPPY,YTSAATLV,AGLSGGSYIPT,SGHDN,FVKESK,ASSQDWGAGTQY,0
GILGFVFTL,DSSSTYIFSNMDMAEIPNYGGSQGNLIMDHENSYDVKMASSFQGYTEAF,DSSSTY,IFSNMDM,AEIPNYGGSQGNLI,MDHEN,SYDVKM,ASSFQGYTEAF,0
GILGFVFTL,TRDTTYYRNSFDEQNALTPNTNAGKSTENHRYSYGVKDAISGMVVRGGDSYNEQF,TRDTTYY,RNSFDEQN,ALTPNTNAGKST,ENHRY,SYGVKD,AISGMVVRGGDSYNEQF,0
AVFDRKSDAK,DRGSQSIYSNGDAVNGGNKLVMDHENSYDVKMASSPSGVVQPQH,DRGSQS,IYSNGD,AVNGGNKLV,MDHEN,SYDVKM,ASSPSGVVQPQH,0
GILGFVFTL,DRGSQSIYSNGDAVKGDDKIILGHNAYNFKEQASSQGILSGELF,DRGSQS,IYSNGD,AVKGDDKII,LGHNA,YNFKEQ,ASSQGILSGELF,0
GILGFVFTL,ATGYPSATKADDKALSTTSGTYKYIMNHEYSMNVEVASSPLAGGEEKKETQY,ATGYPS,ATKADDK,ALSTTSGTYKYI,MNHEY,SMNVEV,ASSPLAGGEEKKETQY,0
ELAGIGILTV,TSGFYGNALDGLAVREVTGGFKTILNHDASQIVNDASSPGQLYEQY,TSGFYG,NALDGL,AVREVTGGFKTI,LNHDA,SQIVND,ASSPGQLYEQY,0
KLGGALQAK,DSASNYIRSNVGEAASETSYDKVIKGHSHLQKENIASSPPGGGNTGELF,DSASNY,IRSNVGE,AASETSYDKVI,KGHSH,LQKENI,ASSPPGGGNTGELF,0
RAKFKQLL,DSSSTYIFSNMDMAEMEGGSYIPTMGHRAYSYEKLASSRDRDYGYT,DSSSTY,IFSNMDM,AEMEGGSYIPT,MGHRA,YSYEKL,ASSRDRDYGYT,1
HPVTKYIM,SVFSSVVTGGEVAGAVWNFNKFYLGHDTYNNKELASSPRGRGEDGYT,SVFSS,VVTGGEV,AGAVWNFNKFY,LGHDT,YNNKEL,ASSPRGRGEDGYT,1
CINGVCWTV,VSGNPYYITGDNLVAVAKDLQNSGGGADGLTLNHNVYYDKDFATSYEDNSGANVLT,VSGNPY,YITGDNLV,AVAKDLQNSGGGADGLT,LNHNV,YYDKDF,ATSYEDNSGANVLT,0
GILGFVFTL,YSGSPEHISRALRYGNNRLASEHNRFQNEAQASGAGELF,YSGSPE,HISR,ALRYGNNRLA,SEHNR,FQNEAQ,ASGAGELF,0
AVFDRKSDAK,YSGSPEHISRALRYGNNRLASEHNRFQNEAQASGAGELF,YSGSPE,HISR,ALRYGNNRLA,SEHNR,FQNEAQ,ASGAGELF,0
KLGGALQAK,TRDTTYYRNSFDEQNALSVHLPNAGNNRKLILGHNAYNFKEQASSFIGSAGANVLT,TRDTTYY,RNSFDEQN,ALSVHLPNAGNNRKLI,LGHNA,YNFKEQ,ASSFIGSAGANVLT,1
IVTDFSVIK,DSVNNIPSGTAGSPSNTGKLILNHDASQIVNDASSIHSGNQPQH,DSVNN,IPSGT,AGSPSNTGKLI,LNHDA,SQIVND,ASSIHSGNQPQH,0
ATDALMTGF,DSASNYIRSNVGEAAQPPTGNQFYSGHATFQNNGVASSFLTGQGETQY,DSASNY,IRSNVGE,AAQPPTGNQFY,SGHAT,FQNNGV,ASSFLTGQGETQY,0
RAKFKQLL,DRGSQSIYSNGDAVNTDSWGKLQSGHKSYYEKEEASSGPGGVDEQY,DRGSQS,IYSNGD,AVNTDSWGKLQ,SGHKS,YYEKEE,ASSGPGGVDEQY,1
GILGFVFTL,NSASDYIRSNMDKAEPSSASKIISGDLSYYNGEEASSEENTGELF,NSASDY,IRSNMDK,AEPSSASKII,SGDLS,YYNGEE,ASSEENTGELF,0
LLWNGPMAV,TRDTTYYRNSFDEQNALKHNNARLMSGHVSFNYEAQASSPLAGVSDTQY,TRDTTYY,RNSFDEQN,ALKHNNARLM,SGHVS,FNYEAQ,ASSPLAGVSDTQY,0
AVFDRKSDAK,DSSSTYIFSNMDMAEDKDARLMDFQATTSNEGSKASARDRIGNTIY,DSSSTY,IFSNMDM,AEDKDARLM,DFQATT,SNEGSKA,SARDRIGNTIY,0
KSKRTPMGF,DRGSQSIYSNGDAVTGYALNLNHDASQIVNDASRPGQGYEQY,DRGSQS,IYSNGD,AVTGYALN,LNHDA,SQIVND,ASRPGQGYEQY,0
KLGGALQAK,NSASDYIRSNMDKADPTDSWGKLQSGHDNFVKESKASSLIGLAEQF,NSASDY,IRSNMDK,ADPTDSWGKLQ,SGHDN,FVKESK,ASSLIGLAEQF,0
KLGGALQAK,DRGSQSIYSNGDAAQGGKLIMNHEYSMNVEVASSSGTGVFLAEAF,DRGSQS,IYSNGD,AAQGGKLI,MNHEY,SMNVEV,ASSSGTGVFLAEAF,0
KLGGALQAK,TTLSNLVKSGEVASPGDGGSQGNLILNHDASQIVNDASSPRSTDTQY,TTLSN,LVKSGEV,ASPGDGGSQGNLI,LNHDA,SQIVND,ASSPRSTDTQY,0
LLWNGPMAV,DSAIYNIQSSQREAVRNQGGSEKLVLNHDASQIVNDASSARSSYEQY,DSAIYN,IQSSQRE,AVRNQGGSEKLV,LNHDA,SQIVND,ASSARSSYEQY,0
GILGFVFTL,TRDTTYYRNSFDEQNALTDYSGAGSYQLTDFQATTSNEGSKASALPPLAGGHTDTQY,TRDTTYY,RNSFDEQN,ALTDYSGAGSYQLT,DFQATT,SNEGSKA,SALPPLAGGHTDTQY,0
AVFDRKSDAK,DSAIYNIQSSQREAVDLMKTSYDKVILNHDASQIVNDASSITWTGNMNTEAF,DSAIYN,IQSSQRE,AVDLMKTSYDKVI,LNHDA,SQIVND,ASSITWTGNMNTEAF,0
NLVPMVATV,SIFNTLYKAGELAGRHGGTSYGKLTSGHDYFNNNVPASSLAYILGLGDEQF,SIFNT,LYKAGEL,AGRHGGTSYGKLT,SGHDY,FNNNVP,ASSLAYILGLGDEQF,1
GILGFVFTL,YGATPYYFSGDTLVAVDPMDTGRRALTMNHEYSMNVEVASSLGFTDTQY,YGATPY,YFSGDTLV,AVDPMDTGRRALT,MNHEY,SMNVEV,ASSLGFTDTQY,0
ATDALMTGF,SSVPPYYTSAATLVAVSEGGNKLVMDHENSYDVKMASSLSQGALYEQY,SSVPPY,YTSAATLV,AVSEGGNKLV,MDHEN,SYDVKM,ASSLSQGALYEQY,1
KLGGALQAK,DRGSQSIYSNGDAVTGDDKIIMNHNYSVGAGIASTRQGAYEQY,DRGSQS,IYSNGD,AVTGDDKII,MNHNY,SVGAGI,ASTRQGAYEQY,0
RAKFKQLL,DSASNYIRSNVGEAASEEYGNKLVLGHNAYNFKEQASSQRPSEVGELF,DSASNY,IRSNVGE,AASEEYGNKLV,LGHNA,YNFKEQ,ASSQRPSEVGELF,1
HPVTKYIM,TSDPSYGQGSYDQQNAMREGRGTGANNLFSGHRSYFSETQASSLVAEPSLNTEAF,TSDPSYG,QGSYDQQN,AMREGRGTGANNLF,SGHRS,YFSETQ,ASSLVAEPSLNTEAF,1
KLGGALQAK,SSVSVYYLSGSTLVAVSGVGFKIISGHDNFVKESKASSYLAGGYNEQF,SSVSVY,YLSGSTLV,AVSGVGFKII,SGHDN,FVKESK,ASSYLAGGYNEQF,0
ATDALMTGF,TSGFYGNALDGLAVDDTGGGNKLTSNHLYFYNNEIASSAGQVSPGELF,TSGFYG,NALDGL,AVDDTGGGNKLT,SNHLY,FYNNEI,ASSAGQVSPGELF,0
RAKFKQLL,VSGLRGLYSAGEEAVQAGSNYQLILGHDTYNNKELASSQRVGLAGKETQY,VSGLRG,LYSAGEE,AVQAGSNYQLI,LGHDT,YNNKEL,ASSQRVGLAGKETQY,0
RLPGVLPRA,SSVPPYYTSAATLVAVSDFKAAGNKLTSGHNSFNNNVPASSLTGLAGGRGQETQY,SSVPPY,YTSAATLV,AVSDFKAAGNKLT,SGHNS,FNNNVP,ASSLTGLAGGRGQETQY,0
RAKFKQLL,DRGSQSIYSNGDAFSGYALNMNHEYSVGEGTASSYTGTGSQPQH,DRGSQS,IYSNGD,AFSGYALN,MNHEY,SVGEGT,ASSYTGTGSQPQH,0
SPRWYFYYL,TSGFYGNALDGLAVIEDTGKLISEHNRFQNEAQASSLVLGRETEAF,TSGFYG,NALDGL,AVIEDTGKLI,SEHNR,FQNEAQ,ASSLVLGRETEAF,0
LLWNGPMAV,SSNFYAMTLNGDEAFTTDSWGKLQLGHDTYNNKELASSQGQANEKLF,SSNFYA,MTLNGDE,AFTTDSWGKLQ,LGHDT,YNNKEL,ASSQGQANEKLF,1
KLGGALQAK,TSENNYYQEAYKQQNAFMINAGGTSYGKLTSGHATFQNNGVASSWGGGSHYGYT,TSENNYY,QEAYKQQN,AFMINAGGTSYGKLT,SGHAT,FQNNGV,ASSWGGGSHYGYT,0
ELAGIGILTV,DRGSQSIYSNGDAVSQDGNKLVSGHDYFNNNVPASSFQGALEQY,DRGSQS,IYSNGD,AVSQDGNKLV,SGHDY,FNNNVP,ASSFQGALEQY,1
RAKFKQLL,YGGTVNYFSGDPLVAVNLTNNAGNMLTLNHDASQIVNDASSGRSTDTQY,YGGTVN,YFSGDPLV,AVNLTNNAGNMLT,LNHDA,SQIVND,ASSGRSTDTQY,0
NLVPMVATV,KTLYGLQKGGEEGADSRYSSASKIISGHVSFQNEAQASSLIEYPPPDTQY,KTLYG,LQKGGEE,GADSRYSSASKII,SGHVS,FQNEAQ,ASSLIEYPPPDTQY,0
NLVPMVATV,NIATNDYGYKTKLVGDGSGYSTLTLNHDASQIVNDASSPALGDQETQY,NIATNDY,GYKTK,LVGDGSGYSTLT,LNHDA,SQIVND,ASSPALGDQETQY,0
NLVPMVATV,NSASDYIRSNMDKADSGGGADGLTSGHDTYYEEEEASSSTLYGSYNEQF,NSASDY,IRSNMDK,ADSGGGADGLT,SGHDT,YYEEEE,ASSSTLYGSYNEQF,0
KLGGALQAK,KALYSLLKGGEQGTVKGFGNVLHDFQATTSNEGSKASAPARSEPYEQY,KALYS,LLKGGEQ,GTVKGFGNVLH,DFQATT,SNEGSKA,SAPARSEPYEQY,1
RAKFKQLL,TSENNYYQEAYKQQNAFMTNAGGTSYGKLTSGHATFQDESVASSLLSGSYEQY,TSENNYY,QEAYKQQN,AFMTNAGGTSYGKLT,SGHAT,FQDESV,ASSLLSGSYEQY,0
GILGFVFTL,NSASQSVYSSGVVNEKEGNMLTSQVTMANQGSEASVGEGLAYEQY,NSASQS,VYSSG,VVNEKEGNMLT,SQVTM,ANQGSEA,SVGEGLAYEQY,0
GILGFVFTL,VGISALSSGKAVAGSGGSNYKLTSGHRSYFSETQASSLEASGPYNEQF,VGISA,LSSGK,AVAGSGGSNYKLT,SGHRS,YFSETQ,ASSLEASGPYNEQF,0
DATYQRTRALVR,DRGSQSIYSNGDAVNWEEQGGSYIPTKGHDRSFDVKDATSDRLAGGELF,DRGSQS,IYSNGD,AVNWEEQGGSYIPT,KGHDR,SFDVKD,ATSDRLAGGELF,0
KLGGALQAK,TSGFNGNVLDGLGVSGGYNKLIMNHNSSASEGTASSLGLAGDNEQF,TSGFNG,NVLDGL,GVSGGYNKLI,MNHNS,SASEGT,ASSLGLAGDNEQF,0
KLGGALQAK,SIFNTLYKAGELAGPVNNLFLNHNVYYDKDFATSRDLGVGAGIRTDTQY,SIFNT,LYKAGEL,AGPVNNLF,LNHNV,YYDKDF,ATSRDLGVGAGIRTDTQY,0
GILGFVFTL,DSSSTYIFSNMDMAEMEGGSYIPTLNHDASQIVNDASSIRSSYEQY,DSSSTY,IFSNMDM,AEMEGGSYIPT,LNHDA,SQIVND,ASSIRSSYEQY,0
GILGFVFTL,NIATNDYGYKTKLVVRDDKIISGHTAFQGNSAASSFPGDRMNTGELF,NIATNDY,GYKTK,LVVRDDKII,SGHTA,FQGNSA,ASSFPGDRMNTGELF,0
GILGFVFTL,YGATPYYFSGDTLVAVGLNNARLMSGHDTYYEEEEASSARSLWDQPQH,YGATPY,YFSGDTLV,AVGLNNARLM,SGHDT,YYEEEE,ASSARSLWDQPQH,0
NLVPMVATV,DSSSTYIFSNMDMAEKLAGTALISGHRSYFSETQASSHTSGNGDTQY,DSSSTY,IFSNMDM,AEKLAGTALI,SGHRS,YFSETQ,ASSHTSGNGDTQY,1
ELAGIGILTV,DRGSQSIYSNGDAVPQAGTALILNHDASQIVNDASSPGALNTEAF,DRGSQS,IYSNGD,AVPQAGTALI,LNHDA,SQIVND,ASSPGALNTEAF,1
KLGGALQAK,DSASNYIRSNVGEAASETSYDKVISEHNRFQNEAQASSLFFGYEQY,DSASNY,IRSNVGE,AASETSYDKVI,SEHNR,FQNEAQ,ASSLFFGYEQY,0
IVTDFSVIK,DSSSTYIFSNMDMAESLWDDKIISGHDYFNNNVPASRPSGGAETQY,DSSSTY,IFSNMDM,AESLWDDKII,SGHDY,FNNNVP,ASRPSGGAETQY,0
RLRAEAQVK,TSINNIRSNEREATPLDSWGKLQLGHDTYNNKELASSHRTTYNEQF,TSINN,IRSNERE,ATPLDSWGKLQ,LGHDT,YNNKEL,ASSHRTTYNEQF,0
NLVPMVATV,DRGSQSIYSNGDAVRGYGGSQGNLIMNHEYSVGEGTASSRMGFYEQY,DRGSQS,IYSNGD,AVRGYGGSQGNLI,MNHEY,SVGEGT,ASSRMGFYEQY,0
NLVPMVATV,NSMFDYISSIKDKAASGGSNYKLTLGHDTYNNKELASSQEVMTALQPDYGYT,NSMFDY,ISSIKDK,AASGGSNYKLT,LGHDT,YNNKEL,ASSQEVMTALQPDYGYT,0
CTELKLSDY,SVFSSVVTGGEVAGGGFADYGGSQGNLILNHDASQIVNDASSLYSNQPQH,SVFSS,VVTGGEV,AGGGFADYGGSQGNLI,LNHDA,SQIVND,ASSLYSNQPQH,0
CINGVCWTV,NTAFDYIRPDVSEAAHSGNTPLVMNHEYSMNVEVASSQTETSYEQY,NTAFDY,IRPDVSE,AAHSGNTPLV,MNHEY,SMNVEV,ASSQTETSYEQY,0
ATDALMTGF,YGATPYYFSGDTLVAVGEDSQLTLGHNAYSLEERASSQDSTSGYSREQF,YGATPY,YFSGDTLV,AVGEDSQLT,LGHNA,YSLEER,ASSQDSTSGYSREQF,0
ELAGIGILTV,DRGSQSIYSNGDAVGGGSNYKLTMNHEYSVGEGTASSYQGAGGYT,DRGSQS,IYSNGD,AVGGGSNYKLT,MNHEY,SVGEGT,ASSYQGAGGYT,1
GILGFVFTL,DSASNYIRSNVGEAASRGVGGYNKLIMNHEYSMNVEVASSSLTSGAYNEQF,DSASNY,IRSNVGE,AASRGVGGYNKLI,MNHEY,SMNVEV,ASSSLTSGAYNEQF,0
GILGFVFTL,DSAIYNIQSSQREAVTISGYSTLTSGHNSFNNNVPASSFSGNTGELF,DSAIYN,IQSSQRE,AVTISGYSTLT,SGHNS,FNNNVP,ASSFSGNTGELF,0
RAKFKQLL,NSASDYIRSNMDKAEKGGDDKIIENHRYSYGVKDAISESSSGNNEQF,NSASDY,IRSNMDK,AEKGGDDKII,ENHRY,SYGVKD,AISESSSGNNEQF,0
ELAGIGILTV,SIFNTLYKAGELAGPTLINNYGQNFVSQVTMANQGSEASASAGTGGAGGTYEQY,SIFNT,LYKAGEL,AGPTLINNYGQNFV,SQVTM,ANQGSEA,SASAGTGGAGGTYEQY,0
GILGFVFTL,TISGTDYGLTSNILGWGKLQMNHEYSMNVEVASSLDRVTGELF,TISGTDY,GLTSN,ILGWGKLQ,MNHEY,SMNVEV,ASSLDRVTGELF,0
GLCTLVAML,TTLSNLVKSGEVAGFPPGKLISGHNSFNNNVPASSPVAGVRDEQF,TTLSN,LVKSGEV,AGFPPGKLI,SGHNS,FNNNVP,ASSPVAGVRDEQF,0
KLGGALQAK,YGGTVNYFSGDPLVAVNAGGGSQGNLILNHDASQIVNDASSPRSTDTQY,YGGTVN,YFSGDPLV,AVNAGGGSQGNLI,LNHDA,SQIVND,ASSPRSTDTQY,0
KLGGALQAK,DRGSQSIYSNGDAVPSGGYNKLILGHNTFRNRAPASGLDSSSGNTIY,DRGSQS,IYSNGD,AVPSGGYNKLI,LGHNT,FRNRAP,ASGLDSSSGNTIY,0
KLGGALQAK,VSGNPYYITGDNLVTSRVTDYKLSSEHNRFQNEAQASSPDRESNTGELF,VSGNPY,YITGDNLV,TSRVTDYKLS,SEHNR,FQNEAQ,ASSPDRESNTGELF,0
GILGFVFTL,SSNFYAMTLNGDEAFTAGGADGLTMRHNASNTAGTASSDTGVLNSPLH,SSNFYA,MTLNGDE,AFTAGGADGLT,MRHNA,SNTAGT,ASSDTGVLNSPLH,0
KLGGALQAK,NSAFQYTYSSGNAMPGGATNKLISGHNSFNNNVPASSFLDRGPNTEAF,NSAFQY,TYSSGN,AMPGGATNKLI,SGHNS,FNNNVP,ASSFLDRGPNTEAF,0
GILGFVFTL,VSGNPYYITGDNLVAESYNNNDMRSGHATFQDESVASSAGSGEAF,VSGNPY,YITGDNLV,AESYNNNDMR,SGHAT,FQDESV,ASSAGSGEAF,0
SPRWYFYYL,TSDPSYGQGSYDQQNAMREGRGTGANNLFSGHRSYFSETQASSLVAEPSLNTEAF,TSDPSYG,QGSYDQQN,AMREGRGTGANNLF,SGHRS,YFSETQ,ASSLVAEPSLNTEAF,0
KSKRTPMGF,DSAIYNIQSSQREAALDSGAGNMLTMNHEYSVGAGIASIAGLRAF,DSAIYN,IQSSQRE,AALDSGAGNMLT,MNHEY,SVGAGI,ASIAGLRAF,0
RAKFKQLL,DRGSQSIYSNGDSSSDSGHDNFVKESKASSHAGLG,DRGSQS,IYSNGD,SSSD,SGHDN,FVKESK,ASSHAGLG,0
AVFDRKSDAK,DSSSTYIFSNMDMAESKNNNARLMMNHNSSASEGTASSEAGLGGELF,DSSSTY,IFSNMDM,AESKNNNARLM,MNHNS,SASEGT,ASSEAGLGGELF,1
RAKFKQLL,SSVSVYYLSGSTLVAVSDTSGGSYIPTLNHDASQIVNDASSMGQGTLRNQPQH,SSVSVY,YLSGSTLV,AVSDTSGGSYIPT,LNHDA,SQIVND,ASSMGQGTLRNQPQH,0
RAKFKQLL,DRGSQSIYSNGDAVPFGNYGQNFVMDHENSYDVKMASSPTGVGQPQH,DRGSQS,IYSNGD,AVPFGNYGQNFV,MDHEN,SYDVKM,ASSPTGVGQPQH,0
KLGGALQAK,TISGNEYGLKNNIVRVAVKTSYDKVISEHNRFQNEAQASISLISTKGRKDTQY,TISGNEY,GLKNN,IVRVAVKTSYDKVI,SEHNR,FQNEAQ,ASISLISTKGRKDTQY,0
KLGGALQAK,KTLYGLQKGGEEGADGGDSSYKLISEHNRFQNEAQASSLAGDEQF,KTLYG,LQKGGEE,GADGGDSSYKLI,SEHNR,FQNEAQ,ASSLAGDEQF,0
KLGGALQAK,NSASDYIRSNMDKAEKGGDDKIIENHRYSYGVKDAISESSSGNNEQF,NSASDY,IRSNMDK,AEKGGDDKII,ENHRY,SYGVKD,AISESSSGNNEQF,0
GILGFVFTL,DRGSQSIYSNGDAVSGRGSTLGRLYMDHENSYDVKMASSWGQMNTEAF,DRGSQS,IYSNGD,AVSGRGSTLGRLY,MDHEN,SYDVKM,ASSWGQMNTEAF,0
RAKFKQLL,NSASDYIRSNMDKALLMDSNYQLILNHDASQIVNDASGVRSGEVEQF,NSASDY,IRSNMDK,ALLMDSNYQLI,LNHDA,SQIVND,ASGVRSGEVEQF,0
LLWNGPMAV,NSASQSVYSSGVVGNYGQNFVLGHNAYSLEERASSQVLSGELF,NSASQS,VYSSG,VVGNYGQNFV,LGHNA,YSLEER,ASSQVLSGELF,0
GLCTLVAML,TRDTTYYRNSFDEQNALSGDTGNQFYKGHSHLQKENIASSPSQGGNTDTQY,TRDTTYY,RNSFDEQN,ALSGDTGNQFY,KGHSH,LQKENI,ASSPSQGGNTDTQY,0
KLGGALQAK,SVFSSVVTGGEVAGAGHGGSQGNLILNHDASQIVNDASSYYSNQPQH,SVFSS,VVTGGEV,AGAGHGGSQGNLI,LNHDA,SQIVND,ASSYYSNQPQH,0
ELAGIGILTV,DRGSQSIYSNGDAVNTDKLISQVTMANQGSEASVDRRADEQF,DRGSQS,IYSNGD,AVNTDKLI,SQVTM,ANQGSEA,SVDRRADEQF,0
ELAGIGILTV,SVFSSVVTGGEVAGDDQGGKLILNHDASHIVNDASSIRSSYEQY,SVFSS,VVTGGEV,AGDDQGGKLI,LNHDA,SHIVND,ASSIRSSYEQY,0
AVFDRKSDAK,SVFSSVVTGGEVAGQYGNKLVSQVTMANQGSEASAGTSGSNEQF,SVFSS,VVTGGEV,AGQYGNKLV,SQVTM,ANQGSEA,SAGTSGSNEQF,0
AVFDRKSDAK,VSGNPYYITGDNLVAVNADSWGKLQSGHATFQDESVVTGQGDINEQF,VSGNPY,YITGDNLV,AVNADSWGKLQ,SGHAT,FQDESV,VTGQGDINEQF,0
AVFDRKSDAK,DRGSQSIYSNGDAVPVQTSYDKVISGHDYFNNNVPASSSAYYGYT,DRGSQS,IYSNGD,AVPVQTSYDKVI,SGHDY,FNNNVP,ASSSAYYGYT,0
GILGFVFTL,DSASNYIRSNVGEAAARMDSSYKLISQVTMANQGSEASAGGNTEAF,DSASNY,IRSNVGE,AAARMDSSYKLI,SQVTM,ANQGSEA,SAGGNTEAF,0
NLVPMVATV,TSINNIRSNEREASTGTASKLTSGDLSYYNGEEASSVGTSDTDTQY,TSINN,IRSNERE,ASTGTASKLT,SGDLS,YYNGEE,ASSVGTSDTDTQY,0
CINGVCWTV,DSVNNIPSGTAVIASGGSYIPTMNHEYSVGEGTASSLVAGGPPEQY,DSVNN,IPSGT,AVIASGGSYIPT,MNHEY,SVGEGT,ASSLVAGGPPEQY,1
ELAGIGILTV,DSASNYIRSNVGEAASEEYGNKLVLGHNAYNFKEQASSQRPSEVGELF,DSASNY,IRSNVGE,AASEEYGNKLV,LGHNA,YNFKEQ,ASSQRPSEVGELF,0
RAKFKQLL,TSENNYYQEAYKQQNAFTRDNYGQNFVSGHATFQNNGVASSLVRAATGELF,TSENNYY,QEAYKQQN,AFTRDNYGQNFV,SGHAT,FQNNGV,ASSLVRAATGELF,0
AVFDRKSDAK,SSYSPSYTSAATLVVVSEWAAGNKLTSGHDNFVKESKASSQEQGDIQY,SSYSPS,YTSAATLV,VVSEWAAGNKLT,SGHDN,FVKESK,ASSQEQGDIQY,0
FEDLRVLSF,VSGNPYYITGDNLVAVRDDLWGGATNKLILNHDASQIVNDASSYGTGSADTQY,VSGNPY,YITGDNLV,AVRDDLWGGATNKLI,LNHDA,SQIVND,ASSYGTGSADTQY,1
KLGGALQAK,TRDTTYYRNSFDEQNALSSPSAAGNKLTMNHEYSVGAGIASKGLAGGGSYNEQF,TRDTTYY,RNSFDEQN,ALSSPSAAGNKLT,MNHEY,SVGAGI,ASKGLAGGGSYNEQF,0
KLGGALQAK,NSASDYIRSNMDKAEDMGGGSQGNLISGHATFQNNGVASSRDRGRHYNEQF,NSASDY,IRSNMDK,AEDMGGGSQGNLI,SGHAT,FQNNGV,ASSRDRGRHYNEQF,0
GLCTLVAML,VSGNPYYITGDNLVAVRDMLGFNKFYMRHNASNTAGTASSPTGSDTGELF,VSGNPY,YITGDNLV,AVRDMLGFNKFY,MRHNA,SNTAGT,ASSPTGSDTGELF,0
KLGGALQAK,NYSPAYIRENEKEALVTGYSTLTSGHNTYYREEEASSSGTSGSGSYNEQF,NYSPAY,IRENEKE,ALVTGYSTLT,SGHNT,YYREEE,ASSSGTSGSGSYNEQF,0
KLGGALQAK,TSINNIRSNEREATDRDDKIILNHDASQIVNDASSIDGNVAPLH,TSINN,IRSNERE,ATDRDDKII,LNHDA,SQIVND,ASSIDGNVAPLH,0
RAKFKQLL,TTLSNLVKSGEVAGPEEGGSQGNLILNHDASQIVNDASSGRSTDTQY,TTLSN,LVKSGEV,AGPEEGGSQGNLI,LNHDA,SQIVND,ASSGRSTDTQY,0
AVFDRKSDAK,YGGTVNYFSGDPLVAVNRNAGNMLTLNHDASQIVNDASSIRSSYEQY,YGGTVN,YFSGDPLV,AVNRNAGNMLT,LNHDA,SQIVND,ASSIRSSYEQY,0
ELAGIGILTV,DRGSQSIYSNGDAVGANNLFSGDLSYYNGEEASSVSAQPDTQY,DRGSQS,IYSNGD,AVGANNLF,SGDLS,YYNGEE,ASSVSAQPDTQY,1
AVFDRKSDAK,TSESDYYQEAYKQQNADFGNEKLTDFQATTSNEGSKASAREWAWEETQY,TSESDYY,QEAYKQQN,ADFGNEKLT,DFQATT,SNEGSKA,SAREWAWEETQY,0
RAKFKQLL,VSGNPYYITGDNLVAVRDEAGGSYIPTSGHRSYFSETQASSFGQGTGTEAF,VSGNPY,YITGDNLV,AVRDEAGGSYIPT,SGHRS,YFSETQ,ASSFGQGTGTEAF,0
LLWNGPMAV,DSAIYNIQSSQREAVHTQGGSEKLVSEHNRFQNEAQASTPYRRGPHLYGYT,DSAIYN,IQSSQRE,AVHTQGGSEKLV,SEHNR,FQNEAQ,ASTPYRRGPHLYGYT,0
GILGFVFTL,YGATPYYFSGDTLVAVGLNHMRPRHDTFYEKMQASSLQLASNTGELF,YGATPY,YFSGDTLV,AVGLNHMR,PRHDT,FYEKMQ,ASSLQLASNTGELF,0
ELAGIGILTV,TTSDRLLSNGAVAVDPPVGTYKYISGHDYFNNNVPASSDPQEGQLEGSGYT,TTSDR,LLSNGAV,AVDPPVGTYKYI,SGHDY,FNNNVP,ASSDPQEGQLEGSGYT,0
GILGFVFTL,TSDPSYGQGSYDQQNAMSPEGGGSYIPTSGHKSYYEKEEASSPRRTGYTGELF,TSDPSYG,QGSYDQQN,AMSPEGGGSYIPT,SGHKS,YYEKEE,ASSPRRTGYTGELF,0
KLGGALQAK,SVFSSVVTGGEVAGAWNTGKLILNHDASQIVNDASSIRSSYEQY,SVFSS,VVTGGEV,AGAWNTGKLI,LNHDA,SQIVND,ASSIRSSYEQY,0
LLWNGPMAV,SIFNTLYKAGELAGQLPPWETSGSRLTLNHDASQIVNDASSRLQGANSPLH,SIFNT,LYKAGEL,AGQLPPWETSGSRLT,LNHDA,SQIVND,ASSRLQGANSPLH,0
GLCTLVAML,DSSSTYIFSNMDMAEDSNARLMDFQATTSNEGSKASARDPYRASNQPQH,DSSSTY,IFSNMDM,AEDSNARLM,DFQATT,SNEGSKA,SARDPYRASNQPQH,1
KLGGALQAK,YSGSPEHISRAPIRAGNNRKLIPRHDTFYEKMQASSVVGTGGRNTEAF,YSGSPE,HISR,APIRAGNNRKLI,PRHDT,FYEKMQ,ASSVVGTGGRNTEAF,0
KLGGALQAK,DRGSQSIYSNGDAASGGTYKYIDFQATTSNEGSKASARSQGDSSFNSPLH,DRGSQS,IYSNGD,AASGGTYKYI,DFQATT,SNEGSKA,SARSQGDSSFNSPLH,0
RAKFKQLL,DRGSQSIYSNGDAVIQARLMLGHDTYNNKELASSQDTSGLYNEQF,DRGSQS,IYSNGD,AVIQARLM,LGHDT,YNNKEL,ASSQDTSGLYNEQF,1
CTELKLSDY,NSAFQYTYSSGNAMIKAAGNKLTMNHEYSMNVEVASSINRASEAF,NSAFQY,TYSSGN,AMIKAAGNKLT,MNHEY,SMNVEV,ASSINRASEAF,1
IVTDFSVIK,TISGTDYGLTSNIRGGNTPLVPRHDTFYEKMQASSPGLAGTGYEQY,TISGTDY,GLTSN,IRGGNTPLV,PRHDT,FYEKMQ,ASSPGLAGTGYEQY,0
LLWNGPMAV,SSVSVYYLSGSTLVAVSDKLVGAAGNKLTMGHRAYSYEKLASSQHGGDYEQY,SSVSVY,YLSGSTLV,AVSDKLVGAAGNKLT,MGHRA,YSYEKL,ASSQHGGDYEQY,0
GILGFVFTL,TISGNEYGLKNNIGAGNMLTKGHDRSFDVKDATSDRDRPNYGYT,TISGNEY,GLKNN,IGAGNMLT,KGHDR,SFDVKD,ATSDRDRPNYGYT,0
IVTDFSVIK,YGGTVNYFSGDPLVAVNAQGGGSTLGRLYLNHDASQIVNDASSIHGLETQY,YGGTVN,YFSGDPLV,AVNAQGGGSTLGRLY,LNHDA,SQIVND,ASSIHGLETQY,0
RAKFKQLL,NSASQSVYSSGVVNMIMNTGFQKLVGTSNPNSVGIGAWSVTSTGGTEAF,NSASQS,VYSSG,VVNMIMNTGFQKLV,GTSNPN,SVGIG,AWSVTSTGGTEAF,0
RAKFKQLL,TSENNYYQEAYKQQNAFMKGSGGSQGNLISGDLSYYNGEEASSPRREYTYEQY,TSENNYY,QEAYKQQN,AFMKGSGGSQGNLI,SGDLS,YYNGEE,ASSPRREYTYEQY,0
GILGFVFTL,NYSPAYIRENEKEALDMGGGSYIPTMNHEYSVGEGTASSYGGTVGDEQF,NYSPAY,IRENEKE,ALDMGGGSYIPT,MNHEY,SVGEGT,ASSYGGTVGDEQF,1
AVFDRKSDAK,SSYSPSYTSAATLVVLTGANNLFSGHTAFQGTGAASSLGTAAYNEQF,SSYSPS,YTSAATLV,VLTGANNLF,SGHTA,FQGTGA,ASSLGTAAYNEQF,0
KLGGALQAK,TRDTTYYRNSFDEQNALGDGGAQKLVSNHLYFYNNEIASSEVIGQGTFNGYT,TRDTTYY,RNSFDEQN,ALGDGGAQKLV,SNHLY,FYNNEI,ASSEVIGQGTFNGYT,1
RAKFKQLL,DRGSQSIYSNGDAVGMYSGGGADGLTMNHEYSVGEGTASSYGVGQPQH,DRGSQS,IYSNGD,AVGMYSGGGADGLT,MNHEY,SVGEGT,ASSYGVGQPQH,0
RAKFKQLL,SVFSSVVTGGEVAGARSGSQGNLILNHDASQIVNDASSVRSSYEQY,SVFSS,VVTGGEV,AGARSGSQGNLI,LNHDA,SQIVND,ASSVRSSYEQY,0
AVFDRKSDAK,DRGSQSIYSNGDAVNSNFGNEKLTMNHEYSVGAGIASSSGVEAF,DRGSQS,IYSNGD,AVNSNFGNEKLT,MNHEY,SVGAGI,ASSSGVEAF,0
SPRWYFYYL,DRGSQSIYSNGDAVGGGGADGLTMDHENSYDVKMASSYGEFGNQPQH,DRGSQS,IYSNGD,AVGGGGADGLT,MDHEN,SYDVKM,ASSYGEFGNQPQH,0
AVFDRKSDAK,TRDTTYYRNSFDEQNALRPDSNYQLILGHNAYSLEERASSPGEGLKTEAF,TRDTTYY,RNSFDEQN,ALRPDSNYQLI,LGHNA,YSLEER,ASSPGEGLKTEAF,1
LLWNGPMAV,DSASNYIRSNVGEAAQGSQGNLILNHDASQIVNDASSTFGANVLT,DSASNY,IRSNVGE,AAQGSQGNLI,LNHDA,SQIVND,ASSTFGANVLT,0
IVTDFSVIK,TSENNYYQEAYKQQNAFMLGAGGTSYGKLTSGHVSFNYEAQASSFLTGNTEAF,TSENNYY,QEAYKQQN,AFMLGAGGTSYGKLT,SGHVS,FNYEAQ,ASSFLTGNTEAF,0
GLCTLVAML,DSSSTYIFSNMDMAEDKDARLMDFQATTSNEGSKASARDRIGNTIY,DSSSTY,IFSNMDM,AEDKDARLM,DFQATT,SNEGSKA,SARDRIGNTIY,1
GILGFVFTL,SSYSPSYTSAATLVVVSETGTASKLTLGHDTYNNKELASSQGGQSAWTQY,SSYSPS,YTSAATLV,VVSETGTASKLT,LGHDT,YNNKEL,ASSQGGQSAWTQY,0
GILGFVFTL,VSGNPYYITGDNLVAVRDNQAGTALISGDLSYYNGEEASSAGSGSGYNEQF,VSGNPY,YITGDNLV,AVRDNQAGTALI,SGDLS,YYNGEE,ASSAGSGSGYNEQF,0
RLRAEAQVK,SIFNTLYKAGELAGHTGNQFYSGHATFQNNGVASSLGVAGTNTGELF,SIFNT,LYKAGEL,AGHTGNQFY,SGHAT,FQNNGV,ASSLGVAGTNTGELF,0
RAKFKQLL,VSGNPYYITGDNLVAVRDLKANAGKSTKGHDRSFDVKDATSDISITEAF,VSGNPY,YITGDNLV,AVRDLKANAGKST,KGHDR,SFDVKD,ATSDISITEAF,0
RAKFKQLL,YGATPYYFSGDTLVAVGAGTNAGKSTMGHRAYSYEKLASSQESGTEAF,YGATPY,YFSGDTLV,AVGAGTNAGKST,MGHRA,YSYEKL,ASSQESGTEAF,0
LLWNGPMAV,DSASNYIRSNVGEAASEEYGNKLVLGHNAYNFKEQASSQRPSEVGELF,DSASNY,IRSNVGE,AASEEYGNKLV,LGHNA,YNFKEQ,ASSQRPSEVGELF,0
ATDALMTGF,SVFSSVVTGGEVAGATQGGSEKLVMDHENSYDVKMASSVDGTLVDTQY,SVFSS,VVTGGEV,AGATQGGSEKLV,MDHEN,SYDVKM,ASSVDGTLVDTQY,0
GILGFVFTL,SSVSVYYLSGSTLVAVSGVGFKIISGHDNFVKESKASSYLAGGYNEQF,SSVSVY,YLSGSTLV,AVSGVGFKII,SGHDN,FVKESK,ASSYLAGGYNEQF,0
DATYQRTRALVR,TSGFNGNVLDGLAAMDSNYQLIMNHNSSASEGTASNEDSNYGYT,TSGFNG,NVLDGL,AAMDSNYQLI,MNHNS,SASEGT,ASNEDSNYGYT,1
GILGFVFTL,SSVPPYYTSAATLVAVTAAGNKLTGTSNPNSVGIGAWSPRVAGGRVWETQY,SSVPPY,YTSAATLV,AVTAAGNKLT,GTSNPN,SVGIG,AWSPRVAGGRVWETQY,0
ELAGIGILTV,NIATNDYGYKTKLVGAANQAGTALISGHATFQNNGVASSLEASGSWGELF,NIATNDY,GYKTK,LVGAANQAGTALI,SGHAT,FQNNGV,ASSLEASGSWGELF,0
GILGFVFTL,DSSSTYIFSNMDMAESLWDDKIISGDLSYYNGEEASSKWDSRNGYT,DSSSTY,IFSNMDM,AESLWDDKII,SGDLS,YYNGEE,ASSKWDSRNGYT,0
AVFDRKSDAK,DSASNYIRSNVGEAATETSYDKVISGHNSFNNNVPASSFSGGASPPNYGYT,DSASNY,IRSNVGE,AATETSYDKVI,SGHNS,FNNNVP,ASSFSGGASPPNYGYT,0
GILGFVFTL,SSVSVYYLSGSTLVAVSAGRGSTLGRLYLNHDASQIVNDASSVKTGAGREQY,SSVSVY,YLSGSTLV,AVSAGRGSTLGRLY,LNHDA,SQIVND,ASSVKTGAGREQY,0
RAKFKQLL,VGISALSSGKAVSASGTYKYISGHDTYYEEEEASSLRDGSEAF,VGISA,LSSGK,AVSASGTYKYI,SGHDT,YYEEEE,ASSLRDGSEAF,1
GILGFVFTL,TSENNYYQEAYKQQNAFMKGAGGTSYGKLTLGHNAYSLEERASSQEIGFSPLH,TSENNYY,QEAYKQQN,AFMKGAGGTSYGKLT,LGHNA,YSLEER,ASSQEIGFSPLH,1
RAKFKQLL,DRGSQSIYSNGDAVGGGGADGLTMDHENSYDVKMASSYGEFGNQPQH,DRGSQS,IYSNGD,AVGGGGADGLT,MDHEN,SYDVKM,ASSYGEFGNQPQH,0
IVTDFSVIK,DSASNYIRSNVGEAASETSYDKVISEHNRFQNEAQASSSLGGGNTEAF,DSASNY,IRSNVGE,AASETSYDKVI,SEHNR,FQNEAQ,ASSSLGGGNTEAF,0
RAKFKQLL,TISGTDYGLTSNILGSNDYKLSSQVTMANQGSEASPGTDLYEQY,TISGTDY,GLTSN,ILGSNDYKLS,SQVTM,ANQGSEA,SPGTDLYEQY,0
AVFDRKSDAK,NSASDYIRSNMDKAENIGGFKTIMNHNSSASEGTASTLRDYEQY,NSASDY,IRSNMDK,AENIGGFKTI,MNHNS,SASEGT,ASTLRDYEQY,0
ELAGIGILTV,DSASNYIRSNVGEAVNNAGGTSYGKLTLGHNAYSLEERASSLDAFSGNTIY,DSASNY,IRSNVGE,AVNNAGGTSYGKLT,LGHNA,YSLEER,ASSLDAFSGNTIY,0
IVTDFSVIK,DRGSQSIYSNGDAAQGGKLIMNHEYSMNVEVASSSGTGVFLAEAF,DRGSQS,IYSNGD,AAQGGKLI,MNHEY,SMNVEV,ASSSGTGVFLAEAF,0
GILGFVFTL,TSGFYGNALDGLAVEPVGGNTPLVMRHNASNTAGTASTPGQALNEQY,TSGFYG,NALDGL,AVEPVGGNTPLV,MRHNA,SNTAGT,ASTPGQALNEQY,0
NLVPMVATV,TISGNEYGLKNNIVRVAVKTSYDKVISEHNRFQNEAQASISLISTKGRKDTQY,TISGNEY,GLKNN,IVRVAVKTSYDKVI,SEHNR,FQNEAQ,ASISLISTKGRKDTQY,0
AVFDRKSDAK,DSAIYNIQSSQREAAASSQGAQKLVSGHRSYFSETQASSWDQGYSSYNEQF,DSAIYN,IQSSQRE,AAASSQGAQKLV,SGHRS,YFSETQ,ASSWDQGYSSYNEQF,0
LLWNGPMAV,TISGNEYGLKNNIVRVRGGSNYKLTSGHDNFVKESKASSQLLAGGFSQTDTQY,TISGNEY,GLKNN,IVRVRGGSNYKLT,SGHDN,FVKESK,ASSQLLAGGFSQTDTQY,0
KLGGALQAK,SVFSSVVTGGEVAGPFGRLMMNHEYSMNVEVASSLFPGFGEQY,SVFSS,VVTGGEV,AGPFGRLM,MNHEY,SMNVEV,ASSLFPGFGEQY,0
GILGFVFTL,VSPFSNMTFSENTVVSANSDGQKLLSGDLSYYNGEEASSVVSGANVLT,VSPFSN,MTFSENT,VVSANSDGQKLL,SGDLS,YYNGEE,ASSVVSGANVLT,0
GILGFVFTL,SSVPPYYTSAATLVAVTSDPNQGGKLILNHDASQIVNDASSIRSSYEQY,SSVPPY,YTSAATLV,AVTSDPNQGGKLI,LNHDA,SQIVND,ASSIRSSYEQY,1
KLGGALQAK,SVFSSVVTGGEVAGAVWNFNKFYLGHDTYNNKELASSPRGRGEDGYT,SVFSS,VVTGGEV,AGAVWNFNKFY,LGHDT,YNNKEL,ASSPRGRGEDGYT,0
AVFDRKSDAK,DRGSQSIYSNGDAVSFGNEKLTFGMDHENSYDVKMAEGQGFVGQPQHFG,DRGSQS,IYSNGD,AVSFGNEKLTFG,MDHEN,SYDVKM,AEGQGFVGQPQHFG,0
RAKFKQLL,TISGTDYGLTSNILRVWNNAGNMLTSGHDYFNNNVPASSFTWTSGLYEQY,TISGTDY,GLTSN,ILRVWNNAGNMLT,SGHDY,FNNNVP,ASSFTWTSGLYEQY,0
GILGFVFTL,DSSSTYIFSNMDMAESEGPTYTDKLILGHNAYNFKEQASSQRPSEVGELF,DSSSTY,IFSNMDM,AESEGPTYTDKLI,LGHNA,YNFKEQ,ASSQRPSEVGELF,0
GLCTLVAML,VSGLRGLYSAGEEAVQGILTGGGNKLTMDHENSYDVKMASSLYKSSYNEQF,VSGLRG,LYSAGEE,AVQGILTGGGNKLT,MDHEN,SYDVKM,ASSLYKSSYNEQF,0
SPRWYFYYL,TSINNIRSNEREATADSWGKLQSGHRSYFSETQASSLESGDSYNEQF,TSINN,IRSNERE,ATADSWGKLQ,SGHRS,YFSETQ,ASSLESGDSYNEQF,0
GILGFVFTL,DRGSQSIYSNGDAVNWEEQGGSYIPTDFQATTSNEGSKASAPPLAGGVDTQY,DRGSQS,IYSNGD,AVNWEEQGGSYIPT,DFQATT,SNEGSKA,SAPPLAGGVDTQY,0
NLVPMVATV,TISGTDYGLTSNILSNNNDMRDFQATTSNEGSKASAPPAGEYSNQPQH,TISGTDY,GLTSN,ILSNNNDMR,DFQATT,SNEGSKA,SAPPAGEYSNQPQH,1
CTELKLSDY,DSASNYIRSNVGEAASETSYDKVISEHNRFQNEAQASSLLGQPNTEAF,DSASNY,IRSNVGE,AASETSYDKVI,SEHNR,FQNEAQ,ASSLLGQPNTEAF,0
AVFDRKSDAK,YGGTVNYFSGDPLVAVNAQGGGSTLGRLYLNHDASQIVNDASSIHGLETQY,YGGTVN,YFSGDPLV,AVNAQGGGSTLGRLY,LNHDA,SQIVND,ASSIHGLETQY,0
ELAGIGILTV,DSSSTYIFSNMDMAHLGGSSNTGKLIMDHENSYDVKMAVNGGSNYGYT,DSSSTY,IFSNMDM,AHLGGSSNTGKLI,MDHEN,SYDVKM,AVNGGSNYGYT,0
CINGVCWTV,NIATNDYGYKTKLVGAGGYQKVTLGHNAYNFKEQASSQELAGGNEQF,NIATNDY,GYKTK,LVGAGGYQKVT,LGHNA,YNFKEQ,ASSQELAGGNEQF,1
ATDALMTGF,TISGNEYGLKNNIVRVTMDSNYQLILGHDTYNNKELASSQDRGATDELF,TISGNEY,GLKNN,IVRVTMDSNYQLI,LGHDT,YNNKEL,ASSQDRGATDELF,0
CINGVCWTV,NIATNDYGYKTKLVGPGGFGNEKLTSGHRSYFSETQASSLEGNGHREQY,NIATNDY,GYKTK,LVGPGGFGNEKLT,SGHRS,YFSETQ,ASSLEGNGHREQY,1
AVFDRKSDAK,SSVSVYYLSGSTLVAVSAGRGSTLGRLYLNHDASQIVNDASSVKTGAGREQY,SSVSVY,YLSGSTLV,AVSAGRGSTLGRLY,LNHDA,SQIVND,ASSVKTGAGREQY,0
RAKFKQLL,TSINNIRSNEREAPEIQGAQKLVMNHNYSVGAGIASENRNTGELF,TSINN,IRSNERE,APEIQGAQKLV,MNHNY,SVGAGI,ASENRNTGELF,0
KLGGALQAK,SVFSSVVTGGEVAGGYQKVTMNHEYSVGEGTASAALAAYNEQF,SVFSS,VVTGGEV,AGGYQKVT,MNHEY,SVGEGT,ASAALAAYNEQF,0
GLCTLVAML,ATGYPSATKADDKALRETSYDKVIMDHENSYDVKMASSLYSATGELF,ATGYPS,ATKADDK,ALRETSYDKVI,MDHEN,SYDVKM,ASSLYSATGELF,0
GILGFVFTL,DSSSTYIFSNMDMAEDNNARLMSNHLYFYNNEIASSPGSTAPGELF,DSSSTY,IFSNMDM,AEDNNARLM,SNHLY,FYNNEI,ASSPGSTAPGELF,0
GILGFVFTL,DSAIYNIQSSQREAVRFLRGTSGSRLTSEHNRFQNEAQASSETGQGSSTDTQY,DSAIYN,IQSSQRE,AVRFLRGTSGSRLT,SEHNR,FQNEAQ,ASSETGQGSSTDTQY,0
CTELKLSDY,TRDTTYYRNSFDEQNALSGPGTSFLGSARQLTSGHDTYYEEEEASSLRDGSEAF,TRDTTYY,RNSFDEQN,ALSGPGTSFLGSARQLT,SGHDT,YYEEEE,ASSLRDGSEAF,0
GILGFVFTL,VGISALSSGKAVRSNFGNEKLTFGTMNHEYSMNVEVASSFWDRVSGANVLTFG,VGISA,LSSGK,AVRSNFGNEKLTFGT,MNHEY,SMNVEV,ASSFWDRVSGANVLTFG,0
RAKFKQLL,TSGFNGNVLDGLAVMDSNYQLIMRHNASNTAGTASSGTSGGNEQF,TSGFNG,NVLDGL,AVMDSNYQLI,MRHNA,SNTAGT,ASSGTSGGNEQF,0
CINGVCWTV,TSENNYYQEAYKQQNALLPGSGTASKLTSGHVSFQNEAQASSYGTGDLSYNEQF,TSENNYY,QEAYKQQN,ALLPGSGTASKLT,SGHVS,FQNEAQ,ASSYGTGDLSYNEQF,0
AVFDRKSDAK,DSASNYIRSNVGEAAARMDSSYKLIDFQATTSNEGSKASASPGDYEQY,DSASNY,IRSNVGE,AAARMDSSYKLI,DFQATT,SNEGSKA,SASPGDYEQY,0
RAKFKQLL,NSMFDYISSIKDKAVLRGGADGLTMNHEYSMNVEVASSSGAGLDEQF,NSMFDY,ISSIKDK,AVLRGGADGLT,MNHEY,SMNVEV,ASSSGAGLDEQF,0
KLGGALQAK,TISGNEYGLKNNIQRLFSGSARQLTSGDLSYYNGEEASSSGGAGTEAF,TISGNEY,GLKNN,IQRLFSGSARQLT,SGDLS,YYNGEE,ASSSGGAGTEAF,1
RLPGVLPRA,SVFSSVVTGGEVAGAGEAGAQKLVMNHEYSMNVEVASSPTGLVYEQF,SVFSS,VVTGGEV,AGAGEAGAQKLV,MNHEY,SMNVEV,ASSPTGLVYEQF,1
LLWNGPMAV,DSASNYIRSNVGEAARVRGFGNVLHSGDLSYYNGEEASSLSSGTYEQY,DSASNY,IRSNVGE,AARVRGFGNVLH,SGDLS,YYNGEE,ASSLSSGTYEQY,0
SPRWYFYYL,SVFSSVVTGGEVAGAIGSSNTGKLILNHDASQIVNDASSIRAAYEQY,SVFSS,VVTGGEV,AGAIGSSNTGKLI,LNHDA,SQIVND,ASSIRAAYEQY,0
LLWNGPMAV,TTLSNLVKSGEVAGFPPGKLISGHNSFNNNVPASSPVAGVRDEQF,TTLSN,LVKSGEV,AGFPPGKLI,SGHNS,FNNNVP,ASSPVAGVRDEQF,0
GILGFVFTL,TRDTTYYRNSFDEQNALSGDDYKLSSGDLSYYNGEEASSVASGRAHEQY,TRDTTYY,RNSFDEQN,ALSGDDYKLS,SGDLS,YYNGEE,ASSVASGRAHEQY,0
RFPLTFGWCF,SSVPPYYTSAATLVAVSTDSGSARQLTLGHNAYNFKEQASSPGLGTYEQY,SSVPPY,YTSAATLV,AVSTDSGSARQLT,LGHNA,YNFKEQ,ASSPGLGTYEQY,0
RAKFKQLL,TSGFNGNVLDGLALDNYGQNFVSGHATFQNNGVASSLDPGRGQETQY,TSGFNG,NVLDGL,ALDNYGQNFV,SGHAT,FQNNGV,ASSLDPGRGQETQY,0
GILGFVFTL,DRGSQSIYSNGDAVELLDFQATTSNEGSKASAREAQGQPQH,DRGSQS,IYSNGD,AVELL,DFQATT,SNEGSKA,SAREAQGQPQH,0
AVFDRKSDAK,DSSSTYIFSNMDMAESQGNLISGHDNFVKESKASSQSPGGEQF,DSSSTY,IFSNMDM,AESQGNLI,SGHDN,FVKESK,ASSQSPGGEQF,0
KLGGALQAK,YGATPYYFSGDTLVAVGAGTNAGKSTMGHRAYSYEKLASSQESGTEAF,YGATPY,YFSGDTLV,AVGAGTNAGKST,MGHRA,YSYEKL,ASSQESGTEAF,0
RAKFKQLL,NIATNDYGYKTKLVGVTPGGGADGLTSGHVSFQNEAQASSLQEAF,NIATNDY,GYKTK,LVGVTPGGGADGLT,SGHVS,FQNEAQ,ASSLQEAF,0
GILGFVFTL,VSGNPYYITGDNLVAVRDLKANAGKSTKGHDRSFDVKDATSDISITEAF,VSGNPY,YITGDNLV,AVRDLKANAGKST,KGHDR,SFDVKD,ATSDISITEAF,1
KLGGALQAK,KALYSLLKGGEQGTPISGGYNKLISGHDYFNNNVPASSFSERAF,KALYS,LLKGGEQ,GTPISGGYNKLI,SGHDY,FNNNVP,ASSFSERAF,0
ELAGIGILTV,TSDPSYGQGSYDQQNAMREETDSWGKLQDFQATTSNEGSKASARDRGGENTGELF,TSDPSYG,QGSYDQQN,AMREETDSWGKLQ,DFQATT,SNEGSKA,SARDRGGENTGELF,0
RAKFKQLL,DSAIYNIQSSQREAVGANFGNEKLTLNHDASQIVNDASSWAGPHTEAF,DSAIYN,IQSSQRE,AVGANFGNEKLT,LNHDA,SQIVND,ASSWAGPHTEAF,0
GILGFVFTL,DRGSQSIYSNGDAGSASKIISGHDYFNNNVPASSYSGGGNQPQH,DRGSQS,IYSNGD,AGSASKII,SGHDY,FNNNVP,ASSYSGGGNQPQH,0
ATDALMTGF,TSGFNGNVLDGLAALINARLMMNHEYSVGEGTASSDGTSGGGEQY,TSGFNG,NVLDGL,AALINARLM,MNHEY,SVGEGT,ASSDGTSGGGEQY,0
RAKFKQLL,ATGYPSATKADDKALTKRTAAGNKLTSGHDYFNNNVPASRTGGAEAF,ATGYPS,ATKADDK,ALTKRTAAGNKLT,SGHDY,FNNNVP,ASRTGGAEAF,0
IVTDFSVIK,DSASNYIRSNVGEAAMETSYDKVIKGHSHLQKENIASSPRKDSTGELF,DSASNY,IRSNVGE,AAMETSYDKVI,KGHSH,LQKENI,ASSPRKDSTGELF,0
SPRWYFYYL,TSGFYGNALDGLAVREVTGGFKTILNHDASQIVNDASSPGQLYEQY,TSGFYG,NALDGL,AVREVTGGFKTI,LNHDA,SQIVND,ASSPGQLYEQY,0
AVFDRKSDAK,VSGNPYYITGDNLVAVRGPMNTGFQKLVMNHEYSMNVEVASSPPQFTEAF,VSGNPY,YITGDNLV,AVRGPMNTGFQKLV,MNHEY,SMNVEV,ASSPPQFTEAF,0
ELAGIGILTV,DSASNYIRSNVGEAASKWGDDMRSGHNSFNNNVPASSSLAGGSYNEQF,DSASNY,IRSNVGE,AASKWGDDMR,SGHNS,FNNNVP,ASSSLAGGSYNEQF,0
RAKFKQLL,DSASNYIRSNVGEAASRDQKVTSGHNSFNNNVPASRGIGGASEAF,DSASNY,IRSNVGE,AASRDQKVT,SGHNS,FNNNVP,ASRGIGGASEAF,0
SLFNTVATLY,TRDTTYYRNSFDEQNALSEIGGGADGLTLNHDASQIVNDASSPEAGTVLEAF,TRDTTYY,RNSFDEQN,ALSEIGGGADGLT,LNHDA,SQIVND,ASSPEAGTVLEAF,0
AVFDRKSDAK,DRGSQSIYSNGDAVTTDKLISGDLSYYNGEEASSVAGGAYEQY,DRGSQS,IYSNGD,AVTTDKLI,SGDLS,YYNGEE,ASSVAGGAYEQY,0
DATYQRTRALVR,TSGFNGNVLDGLAPKDGQKLLDFQATTSNEGSKASAETGNTEAF,TSGFNG,NVLDGL,APKDGQKLL,DFQATT,SNEGSKA,SAETGNTEAF,1
GILGFVFTL,DSVNNIPSGTAVERDTGGFKTISNHLYFYNNEIASPTKRGGNNEQF,DSVNN,IPSGT,AVERDTGGFKTI,SNHLY,FYNNEI,ASPTKRGGNNEQF,0
ELAGIGILTV,DSAIYNIQSSQREAVRRRGSQGNLISEHNRFQNEAQASSLEGQLNEQF,DSAIYN,IQSSQRE,AVRRRGSQGNLI,SEHNR,FQNEAQ,ASSLEGQLNEQF,0
GILGFVFTL,DRGSQSIYSNGDALTSGTYKYISGHATFQDESVASSLGQGAAEAF,DRGSQS,IYSNGD,ALTSGTYKYI,SGHAT,FQDESV,ASSLGQGAAEAF,0
AVFDRKSDAK,DRGSQSIYSNGDAASGGYQKVTSGHTAFQGTGAASSPPGSGELF,DRGSQS,IYSNGD,AASGGYQKVT,SGHTA,FQGTGA,ASSPPGSGELF,0
RAKFKQLL,TRDTTYYRNSFDEQNALKLIKAAGNKLTGTSNPNSVGIGAWTGTGKIGWDSPLH,TRDTTYY,RNSFDEQN,ALKLIKAAGNKLT,GTSNPN,SVGIG,AWTGTGKIGWDSPLH,0
KLGGALQAK,YGGTVNYFSGDPLVALNTGGFKTIMNHEYSMNVEVASSLFPDNYGYT,YGGTVN,YFSGDPLV,ALNTGGFKTI,MNHEY,SMNVEV,ASSLFPDNYGYT,0
AVFDRKSDAK,YGATPYYFSGDTLVAVGDNFNKFYLGHNAYNFKEQASSRLALLTDTQY,YGATPY,YFSGDTLV,AVGDNFNKFY,LGHNA,YNFKEQ,ASSRLALLTDTQY,1
RAKFKQLL,YGATPYYFSGDTLVAVGEDSQLTLGHNAYSLEERASSQDSTSGYSREQF,YGATPY,YFSGDTLV,AVGEDSQLT,LGHNA,YSLEER,ASSQDSTSGYSREQF,0
VLFGLGFAI,VSNAYNGSKPAVEDSYNQGGKLIPRHDTFYEKMQASSPSGQGAGGYT,VSNAYN,GSKP,AVEDSYNQGGKLI,PRHDT,FYEKMQ,ASSPSGQGAGGYT,0
GLCTLVAML,TSENNYYQEAYKQQNAFMLGAGGTSYGKLTSGHVSFNYEAQASSFLTGNTEAF,TSENNYY,QEAYKQQN,AFMLGAGGTSYGKLT,SGHVS,FNYEAQ,ASSFLTGNTEAF,0
IVTDFSVIK,NSASQSVYSSGVVNRVENSGYSTLTMNHNSSASEGTASSGNEQDLQPQH,NSASQS,VYSSG,VVNRVENSGYSTLT,MNHNS,SASEGT,ASSGNEQDLQPQH,0
GILGFVFTL,SSYSPSYTSAATLVVVSDRNFNKFYENHRYSYGVKDAISESNGADTQY,SSYSPS,YTSAATLV,VVSDRNFNKFY,ENHRY,SYGVKD,AISESNGADTQY,0
KLGGALQAK,DRGSQSIYSNGDAVTPSNTGKLILNHDASQIVNDASSTRAGGVGQF,DRGSQS,IYSNGD,AVTPSNTGKLI,LNHDA,SQIVND,ASSTRAGGVGQF,0
ELAGIGILTV,DSAIYNIQSSQREAVSGFGNVLHDFQATTSNEGSKASARSRVYQETQY,DSAIYN,IQSSQRE,AVSGFGNVLH,DFQATT,SNEGSKA,SARSRVYQETQY,0
FEDLRLLSF,TRDTTYYRNSFDEQNALRPDSNYQLILGHNAYSLEERASSPGEGLKTEAF,TRDTTYY,RNSFDEQN,ALRPDSNYQLI,LGHNA,YSLEER,ASSPGEGLKTEAF,0
ELAGIGILTV,SVFSSVVTGGEVAGQAPSGSARQLTKGHDRSFDVKDATSDRLAGGELF,SVFSS,VVTGGEV,AGQAPSGSARQLT,KGHDR,SFDVKD,ATSDRLAGGELF,0
KLGGALQAK,YGATPYYFSGDTLVAVGDNFNKFYLGHNAYNFKEQASSRLALLTDTQY,YGATPY,YFSGDTLV,AVGDNFNKFY,LGHNA,YNFKEQ,ASSRLALLTDTQY,0
ATDALMTGF,VSGNPYYITGDNLVAVDSSASKIIDFQATTSNEGSKASAPARSEPYEQY,VSGNPY,YITGDNLV,AVDSSASKII,DFQATT,SNEGSKA,SAPARSEPYEQY,0
KLGGALQAK,ATGYPSATKADDKALDNTGKLISGHATFQNNGVASSWNRASSYEQY,ATGYPS,ATKADDK,ALDNTGKLI,SGHAT,FQNNGV,ASSWNRASSYEQY,0
AVFDRKSDAK,TSGFNGNVLDGLAAMDSNYQLIMNHNSSASEGTASNEDSNYGYT,TSGFNG,NVLDGL,AAMDSNYQLI,MNHNS,SASEGT,ASNEDSNYGYT,0
GILGFVFTL,DRGSQSIYSNGDAEFQGAQKLVMDHENSYDVKMASSPTGLGQPQH,DRGSQS,IYSNGD,AEFQGAQKLV,MDHEN,SYDVKM,ASSPTGLGQPQH,0
FEDLRVLSF,DRGSQSIYSNGDAVGIGFGNVLHMNHEYSMNVEVASSFGQGLSEQF,DRGSQS,IYSNGD,AVGIGFGNVLH,MNHEY,SMNVEV,ASSFGQGLSEQF,0
ELAGIGILTV,TISGNEYGLKNNILWVAAGNKLTSGHNTYENEEAASSLGLAGGGGIEQF,TISGNEY,GLKNN,ILWVAAGNKLT,SGHNT,YENEEA,ASSLGLAGGGGIEQF,1
RAKFKQLL,YGATPYYFSGDTLVAVDAQAGTALILGHDTYNNKELASSQTIAYEQY,YGATPY,YFSGDTLV,AVDAQAGTALI,LGHDT,YNNKEL,ASSQTIAYEQY,0
GILGFVFTL,TRDTTYYRNSFDEQNALMGNAGGTSYGKLTLNHDASQIVNDASSQGNYGYT,TRDTTYY,RNSFDEQN,ALMGNAGGTSYGKLT,LNHDA,SQIVND,ASSQGNYGYT,1
RAKFKQLL,TISGNEYGLKNNIGAGNMLTKGHDRSFDVKDATSDRDRPNYGYT,TISGNEY,GLKNN,IGAGNMLT,KGHDR,SFDVKD,ATSDRDRPNYGYT,0
SPRWYFYYL,DSASNYIRSNVGEAASETSYDKVISGHNSFNNNVPASTQQGSYGYT,DSASNY,IRSNVGE,AASETSYDKVI,SGHNS,FNNNVP,ASTQQGSYGYT,0
KLGGALQAK,NIATNDYGYKTKLARQEDVNTGFQKLVMNHNSSASEGTASSEIMGDLYEQY,NIATNDY,GYKTK,LARQEDVNTGFQKLV,MNHNS,SASEGT,ASSEIMGDLYEQY,0
DATYQRTRALVR,DRGSQSIYSNGDAVKDQFYLGHNAYSLEERASSQGTGEGYGYT,DRGSQS,IYSNGD,AVKDQFY,LGHNA,YSLEER,ASSQGTGEGYGYT,0
KLGGALQAK,VSGNPYYITGDNLVAVRNNNARLMSGHDYFNNNVPASSIVNEAF,VSGNPY,YITGDNLV,AVRNNNARLM,SGHDY,FNNNVP,ASSIVNEAF,0
GILGFVFTL,YGATPYYFSGDTLVAVSETSYDKVIKGHSHLQKENIASSPRDRGGSNEKLF,YGATPY,YFSGDTLV,AVSETSYDKVI,KGHSH,LQKENI,ASSPRDRGGSNEKLF,0
ELAGIGILTV,TSINNIRSNEREATASTSGTYKYIPRHDTFYEKMQASSLGGQGSNEQF,TSINN,IRSNERE,ATASTSGTYKYI,PRHDT,FYEKMQ,ASSLGGQGSNEQF,0
FEDLRVLSF,SIFNTLYKAGELAGQLPPWETSGSRLTLNHDASQIVNDASSRLQGANSPLH,SIFNT,LYKAGEL,AGQLPPWETSGSRLT,LNHDA,SQIVND,ASSRLQGANSPLH,1
IVTDFSVIK,TISGTDYGLTSNILRGNYGGATNKLIMNHNSSASEGTASRITGESDQPQH,TISGTDY,GLTSN,ILRGNYGGATNKLI,MNHNS,SASEGT,ASRITGESDQPQH,0
KLGGALQAK,DRGSQSIYSNGDAVLTLNARLMSGHDYFNNNVPASLPTGTNTGELF,DRGSQS,IYSNGD,AVLTLNARLM,SGHDY,FNNNVP,ASLPTGTNTGELF,0
GILGFVFTL,SSVPPYYTSAATLVAVSETYSSASKIILGHNAYSLEERASSQGSSAAYGYT,SSVPPY,YTSAATLV,AVSETYSSASKII,LGHNA,YSLEER,ASSQGSSAAYGYT,0
CINGVCWTV,DSSSTYIFSNMDMAEWGNTGRRALTSEHNRFQNEAQASSFIDNEQF,DSSSTY,IFSNMDM,AEWGNTGRRALT,SEHNR,FQNEAQ,ASSFIDNEQF,0
GILGFVFTL,TSINNIRSNEREATDAPGGYQKVTKGHSHLQKENIASSPWTGTLNTEAF,TSINN,IRSNERE,ATDAPGGYQKVT,KGHSH,LQKENI,ASSPWTGTLNTEAF,0
ELAGIGILTV,DSVNNIPSGTAVDHLMNYGGSQGNLILNHDASQIVNDASSTYSQDTQY,DSVNN,IPSGT,AVDHLMNYGGSQGNLI,LNHDA,SQIVND,ASSTYSQDTQY,0
KLGGALQAK,TSGFNGNVLDGLAVYSGGYQKVTSGDLSYYNGEEASSVDLGGETQY,TSGFNG,NVLDGL,AVYSGGYQKVT,SGDLS,YYNGEE,ASSVDLGGETQY,0
RAKFKQLL,TSINNIRSNEREATASTSGTYKYIPRHDTFYEKMQASSLGGQGSNEQF,TSINN,IRSNERE,ATASTSGTYKYI,PRHDT,FYEKMQ,ASSLGGQGSNEQF,1
KLGGALQAK,DSSSTYIFSNMDMAEMEGGSYIPTMGHRAYSYEKLASSRDRDYGYT,DSSSTY,IFSNMDM,AEMEGGSYIPT,MGHRA,YSYEKL,ASSRDRDYGYT,0
DATYQRTRALVR,DRGSQSIYSNGDAVAQGGSEKLVMDHENSYDVKMASRGQGLGQPQH,DRGSQS,IYSNGD,AVAQGGSEKLV,MDHEN,SYDVKM,ASRGQGLGQPQH,0
FEDLRVLSF,TSENNYYQEAYKQQNAFMLGAGGTSYGKLTSGHVSFNYEAQASSFLTGNTEAF,TSENNYY,QEAYKQQN,AFMLGAGGTSYGKLT,SGHVS,FNYEAQ,ASSFLTGNTEAF,0
ATDALMTGF,DRGSQSIYSNGDAVEGGKLISQVTMANQGSEASVEGRGTDTQY,DRGSQS,IYSNGD,AVEGGKLI,SQVTM,ANQGSEA,SVEGRGTDTQY,0
LLWNGPMAV,DSSSTYIFSNMDMAESTSGGKLIMNHEYSMNVEVASSPEGSYNEQF,DSSSTY,IFSNMDM,AESTSGGKLI,MNHEY,SMNVEV,ASSPEGSYNEQF,0
RAKFKQLL,TSINNIRSNEREATDADYGGSQGNLISEHNRFQNEAQASSGSSRTPNTEAF,TSINN,IRSNERE,ATDADYGGSQGNLI,SEHNR,FQNEAQ,ASSGSSRTPNTEAF,0
RAKFKQLL,NYSPAYIRENEKEALNPSGYALNMNHNSSASEGTASGGSTAYEQY,NYSPAY,IRENEKE,ALNPSGYALN,MNHNS,SASEGT,ASGGSTAYEQY,0
GILGFVFTL,VSGLRGLYSAGEEAVPPKANNLFSGHNSFNNNVPASTPGRSDTGELF,VSGLRG,LYSAGEE,AVPPKANNLF,SGHNS,FNNNVP,ASTPGRSDTGELF,0
KLGGALQAK,TRDTTYYRNSFDEQNALMGSGGGADGLTSGHVSFNYEAQASSRTSGEYNEQF,TRDTTYY,RNSFDEQN,ALMGSGGGADGLT,SGHVS,FNYEAQ,ASSRTSGEYNEQF,0
IVTDFSVIK,TTSDRLLSNGAVAVAILTGGGNKLTLGHNAYNFKEQASKPGQGGYEQY,TTSDR,LLSNGAV,AVAILTGGGNKLT,LGHNA,YNFKEQ,ASKPGQGGYEQY,0
RAKFKQLL,TRDTTYYRNSFDEQNALRPDSNYQLILGHNAYSLEERASSPGEGLKTEAF,TRDTTYY,RNSFDEQN,ALRPDSNYQLI,LGHNA,YSLEER,ASSPGEGLKTEAF,0
RAKFKQLL,TISGTDYGLTSNILRSYNRDDKIISGHNSFNNNVPASSFSGNTGELF,TISGTDY,GLTSN,ILRSYNRDDKII,SGHNS,FNNNVP,ASSFSGNTGELF,1
LLWNGPMAV,DSSSTYIFSNMDMAETQDSNYQLIMNHEYSMNVEVASGQGSQPQH,DSSSTY,IFSNMDM,AETQDSNYQLI,MNHEY,SMNVEV,ASGQGSQPQH,0
GILGFVFTL,TSINNIRSNEREATDAYGNNRLASGHTAFQGTGAASSLAGAGTEAF,TSINN,IRSNERE,ATDAYGNNRLA,SGHTA,FQGTGA,ASSLAGAGTEAF,0
GLCTLVAML,TSENNYYQEAYKQQNALLPGSGTASKLTSGHVSFQNEAQASSYGTGDLSYNEQF,TSENNYY,QEAYKQQN,ALLPGSGTASKLT,SGHVS,FQNEAQ,ASSYGTGDLSYNEQF,0
GILGFVFTL,KTLYGLQKGGEEGAGRVDDMRSGHATFQNNGVASSWGGGSHYGYT,KTLYG,LQKGGEE,GAGRVDDMR,SGHAT,FQNNGV,ASSWGGGSHYGYT,0
ELAGIGILTV,NSMFDYISSIKDKAASARYGGSQGNLIMNHEYSMNVEVASSGQGYNSPLH,NSMFDY,ISSIKDK,AASARYGGSQGNLI,MNHEY,SMNVEV,ASSGQGYNSPLH,0
RAKFKQLL,YGGTVNYFSGDPLVAVIGEGGKLTMDHENSYDVKMASSLLVSGVSSTDTQY,YGGTVN,YFSGDPLV,AVIGEGGKLT,MDHEN,SYDVKM,ASSLLVSGVSSTDTQY,0
ELAGIGILTV,NSASDYIRSNMDKAEPSSASKIISGDLSYYNGEEASSEENTGELF,NSASDY,IRSNMDK,AEPSSASKII,SGDLS,YYNGEE,ASSEENTGELF,0
GILGFVFTL,DSASNYIRSNVGEAARETSYDKVISGHNSFNNNVPASSFSLDKPTNTGELF,DSASNY,IRSNVGE,AARETSYDKVI,SGHNS,FNNNVP,ASSFSLDKPTNTGELF,0
AVFDRKSDAK,TSGFNGNVLDGLAVRFRNNNARLMMDHENSYDVKMASMAGTPYEQY,TSGFNG,NVLDGL,AVRFRNNNARLM,MDHEN,SYDVKM,ASMAGTPYEQY,0
KLGGALQAK,SVFSSVVTGGEVAGANDYKLSSGDLSYYNGEEASSAGQGGGYGYT,SVFSS,VVTGGEV,AGANDYKLS,SGDLS,YYNGEE,ASSAGQGGGYGYT,1
ELAGIGILTV,TSDPSYGQGSYDQQNAMREGRGTGANNLFSGHRSYFSETQASSLVAEPSLNTEAF,TSDPSYG,QGSYDQQN,AMREGRGTGANNLF,SGHRS,YFSETQ,ASSLVAEPSLNTEAF,0
RAKFKQLL,TSINNIRSNEREATDARNNARLMSGHTAFQGTGAASSLGGAAYNEQF,TSINN,IRSNERE,ATDARNNARLM,SGHTA,FQGTGA,ASSLGGAAYNEQF,0
KLGGALQAK,TTLSNLVKSGEVAGPNQAGTALISGHTAFQGTGAASSLTGTGSYNEQF,TTLSN,LVKSGEV,AGPNQAGTALI,SGHTA,FQGTGA,ASSLTGTGSYNEQF,0
AVFDRKSDAK,VSGNPYYITGDNLVAVRDMLGFNKFYMRHNASNTAGTASSPTGSDTGELF,VSGNPY,YITGDNLV,AVRDMLGFNKFY,MRHNA,SNTAGT,ASSPTGSDTGELF,0
GILGFVFTL,NYSPAYIRENEKEALVTGYSTLTSGHNTYYREEEASSSGTSGSGSYNEQF,NYSPAY,IRENEKE,ALVTGYSTLT,SGHNT,YYREEE,ASSSGTSGSGSYNEQF,0
KLGGALQAK,TTLSNLVKSGEVAGPEDGGSQGNLILNHDASQIVNDASSIRSSGPQF,TTLSN,LVKSGEV,AGPEDGGSQGNLI,LNHDA,SQIVND,ASSIRSSGPQF,0
ELAGIGILTV,NSASQSVYSSGVGFSNTGNQFYSGDLSYYNGEEASSVTSSEGTIY,NSASQS,VYSSG,VGFSNTGNQFY,SGDLS,YYNGEE,ASSVTSSEGTIY,0
GILGFVFTL,DRGSQSIYSNGDAVNGASKIIMNHEYSMNVEVASGSGRLAEQY,DRGSQS,IYSNGD,AVNGASKII,MNHEY,SMNVEV,ASGSGRLAEQY,0
NLVPMVATV,TRDTTYYRNSFDEQNALSLKYNFNKFYSGHNSFNNNVPASSLARTEDNYEQY,TRDTTYY,RNSFDEQN,ALSLKYNFNKFY,SGHNS,FNNNVP,ASSLARTEDNYEQY,0
RPPIFIRRL,TSENNYYQEAYKQQNALHTGANSKLTSGHATFQNNGVASSWGGGSHYGYT,TSENNYY,QEAYKQQN,ALHTGANSKLT,SGHAT,FQNNGV,ASSWGGGSHYGYT,0
RAKFKQLL,TSGFYGNALDGLAVRDQEGNTPLVSGHNSFNNNVPASSSVNEQY,TSGFYG,NALDGL,AVRDQEGNTPLV,SGHNS,FNNNVP,ASSSVNEQY,0
IVTDFSVIK,NSASDYIRSNMDKAEPSSASKIISGDLSYYNGEEASSEENTGELF,NSASDY,IRSNMDK,AEPSSASKII,SGDLS,YYNGEE,ASSEENTGELF,0
ELAGIGILTV,DSVNNIPSGTAVVHNDMRLGHDTYNNKELASSQDVSRLAHLSTDTQN,DSVNN,IPSGT,AVVHNDMR,LGHDT,YNNKEL,ASSQDVSRLAHLSTDTQN,0
AVFDRKSDAK,NSASQSVYSSGVVESMEYGNKLVSGHKSYYEKEEASSRGRGGQYNEQF,NSASQS,VYSSG,VVESMEYGNKLV,SGHKS,YYEKEE,ASSRGRGGQYNEQF,0
GLCTLVAML,NIATNDYGYKTKLVGAGNMLTMGHRAYSYEKLASSQGGQGAPYEQY,NIATNDY,GYKTK,LVGAGNMLT,MGHRA,YSYEKL,ASSQGGQGAPYEQY,0
RAKFKQLL,TRDTTYYRNSFDEQNALSGGDSNYQLIKGHSHLQKENIASSPMGSNEQY,TRDTTYY,RNSFDEQN,ALSGGDSNYQLI,KGHSH,LQKENI,ASSPMGSNEQY,0
KLGGALQAK,DSSSTYIFSNMDMAEGGNTGKLISGHDTYYEEEEASSWNRDRYNTEAF,DSSSTY,IFSNMDM,AEGGNTGKLI,SGHDT,YYEEEE,ASSWNRDRYNTEAF,0
NLVPMVATV,TTSDRLLSNGAVAPGNTGKLISEHNRFQNEAQASSLGRDLNQPQH,TTSDR,LLSNGAV,APGNTGKLI,SEHNR,FQNEAQ,ASSLGRDLNQPQH,1
KSKRTPMGF,NIATNDYGYKTKLARQEDVNTGFQKLVMNHNSSASEGTASSEIMGDLYEQY,NIATNDY,GYKTK,LARQEDVNTGFQKLV,MNHNS,SASEGT,ASSEIMGDLYEQY,1
RAKFKQLL,TRDTTYYRNSFDEQNALRRGAGNMLTMNHEYSMNVEVATQSGGGNSPLH,TRDTTYY,RNSFDEQN,ALRRGAGNMLT,MNHEY,SMNVEV,ATQSGGGNSPLH,0
GILGFVFTL,SVFSSVVTGGEVAGGGSQGNLISEHNRFQNEAQASSLLSGTSHEQY,SVFSS,VVTGGEV,AGGGSQGNLI,SEHNR,FQNEAQ,ASSLLSGTSHEQY,1
IVTDFSVIK,DSAIYNIQSSQREADSPDNYGQNFVMDHENSYDVKMASSFGTTSSGGELF,DSAIYN,IQSSQRE,ADSPDNYGQNFV,MDHEN,SYDVKM,ASSFGTTSSGGELF,0
RAKFKQLL,TSINNIRSNEREATDAPGGYQKVTKGHSHLQKENIASSPWTGTLNTEAF,TSINN,IRSNERE,ATDAPGGYQKVT,KGHSH,LQKENI,ASSPWTGTLNTEAF,0
NLVPMVATV,NIATNDYGYKTKLVGPGGFGNEKLTSGHRSYFSETQASSLEGNGHREQY,NIATNDY,GYKTK,LVGPGGFGNEKLT,SGHRS,YFSETQ,ASSLEGNGHREQY,0
ELAGIGILTV,DRGSQSIYSNGDASVGMDSSYKLISGHNSFNNNVPASSFSGNTGELF,DRGSQS,IYSNGD,ASVGMDSSYKLI,SGHNS,FNNNVP,ASSFSGNTGELF,0
RAKFKQLL,SIFNTLYKAGELAGQYRDDKIILNHDASQIVNDASSIGLGEQY,SIFNT,LYKAGEL,AGQYRDDKII,LNHDA,SQIVND,ASSIGLGEQY,0
ELAGIGILTV,DRGSQSIYSNGDAVNEGLGSARQLTKGHDRSFDVKDATSDSSGGSGYT,DRGSQS,IYSNGD,AVNEGLGSARQLT,KGHDR,SFDVKD,ATSDSSGGSGYT,1
ATDALMTGF,DSSSTYIFSNMDMAEWGNTGRRALTSEHNRFQNEAQASSFIDNEQF,DSSSTY,IFSNMDM,AEWGNTGRRALT,SEHNR,FQNEAQ,ASSFIDNEQF,0
RAKFKQLL,TSINNIRSNEREATDRDDKIILNHDASQIVNDASSIDGNVAPLH,TSINN,IRSNERE,ATDRDDKII,LNHDA,SQIVND,ASSIDGNVAPLH,0
RAKFKQLL,TSINNIRSNEREATDPLGGWGKLQMNHEYSVGEGTASSSRPDRDRMANEQF,TSINN,IRSNERE,ATDPLGGWGKLQ,MNHEY,SVGEGT,ASSSRPDRDRMANEQF,0
AVFDRKSDAK,NSMFDYISSIKDKAASPSGAGNMLTMDHENSYDVKMASSQLTTGTFTGELF,NSMFDY,ISSIKDK,AASPSGAGNMLT,MDHEN,SYDVKM,ASSQLTTGTFTGELF,0
GLCTLVAML,YGATPYYFSGDTLVAVVDNYGQNFVSGHRSYFSETQASSLDGNNEQF,YGATPY,YFSGDTLV,AVVDNYGQNFV,SGHRS,YFSETQ,ASSLDGNNEQF,0
KLGGALQAK,YGATPYYFSGDTLVAVGATDSWGKLQMDHENSYDVKMGARPPGVSNEQF,YGATPY,YFSGDTLV,AVGATDSWGKLQ,MDHEN,SYDVKM,GARPPGVSNEQF,0
AVFDRKSDAK,DSAIYNIQSSQREAVRRRGSQGNLISEHNRFQNEAQASSLEGQLNEQF,DSAIYN,IQSSQRE,AVRRRGSQGNLI,SEHNR,FQNEAQ,ASSLEGQLNEQF,0
KLGGALQAK,TRDTTYYRNSFDEQNALSLKYNFNKFYSGHNSFNNNVPASSLARTEDNYEQY,TRDTTYY,RNSFDEQN,ALSLKYNFNKFY,SGHNS,FNNNVP,ASSLARTEDNYEQY,0
GILGFVFTL,ATGYPSATKADDKALSDRENYGGSQGNLISGDLSYYNGEEASSVGWGGTYEQY,ATGYPS,ATKADDK,ALSDRENYGGSQGNLI,SGDLS,YYNGEE,ASSVGWGGTYEQY,0
GILGFVFTL,DSASNYIRSNVGEAAAETSYDKVILNHDASQIVNDASSWIAANTGELF,DSASNY,IRSNVGE,AAAETSYDKVI,LNHDA,SQIVND,ASSWIAANTGELF,0
RAKFKQLL,DSASNYIRSNVGEAAARMDSSYKLIDFQATTSNEGSKASASPGDYEQY,DSASNY,IRSNVGE,AAARMDSSYKLI,DFQATT,SNEGSKA,SASPGDYEQY,1
AVFDRKSDAK,NSASQSVYSSGVVKAYGQNFVLNHDASQIVNDASSSRASYEQY,NSASQS,VYSSG,VVKAYGQNFV,LNHDA,SQIVND,ASSSRASYEQY,0
RAKFKQLL,TRDTTYYRNSFDEQNALLANAGGTSYGKLTSGHKSYYEKEEASSLDGYSGANVLT,TRDTTYY,RNSFDEQN,ALLANAGGTSYGKLT,SGHKS,YYEKEE,ASSLDGYSGANVLT,0
GILGFVFTL,DSASNYIRSNVGEAARETSYDKVISEHNRFQNEAQASSLVGTKRETQY,DSASNY,IRSNVGE,AARETSYDKVI,SEHNR,FQNEAQ,ASSLVGTKRETQY,0
SPRWYFYYL,NSASDYIRSNMDKAENSSLAGKSTMGHRAYSYEKLASSQDRGGPGELF,NSASDY,IRSNMDK,AENSSLAGKST,MGHRA,YSYEKL,ASSQDRGGPGELF,0
KLGGALQAK,SSVPPYYTSAATLVAVTFTGNTPLVLNHDASQIVNDASSTRSQETQY,SSVPPY,YTSAATLV,AVTFTGNTPLV,LNHDA,SQIVND,ASSTRSQETQY,0
GILGFVFTL,DSSSTYIFSNMDMAEKGGTALIDFQATTSNEGSKASARGQGDEQY,DSSSTY,IFSNMDM,AEKGGTALI,DFQATT,SNEGSKA,SARGQGDEQY,0
KLGGALQAK,VSPFSNMTFSENTVASYGGSQGNLILNHDASHIVNDASSTRSTSPGH,VSPFSN,MTFSENT,VASYGGSQGNLI,LNHDA,SHIVND,ASSTRSTSPGH,0
GILGFVFTL,SIFNTLYKAGELAGTGFQKLVSGHDYFNNNVPASSLGDRPSTDTQY,SIFNT,LYKAGEL,AGTGFQKLV,SGHDY,FNNNVP,ASSLGDRPSTDTQY,1
RAKFKQLL,TRDTTYYRNSFDEQNALGDGGAQKLVSNHLYFYNNEIASSEVIGQGTFNGYT,TRDTTYY,RNSFDEQN,ALGDGGAQKLV,SNHLY,FYNNEI,ASSEVIGQGTFNGYT,0
LLWNGPMAV,NSASQSVYSSGVVNMGDFGNEKLTLGHNAYNFKEQASSPRLAARSDTQY,NSASQS,VYSSG,VVNMGDFGNEKLT,LGHNA,YNFKEQ,ASSPRLAARSDTQY,0
AVFDRKSDAK,DSSSTYIFSNMDMAESTSGGKLIMNHEYSMNVEVASSPEGSYNEQF,DSSSTY,IFSNMDM,AESTSGGKLI,MNHEY,SMNVEV,ASSPEGSYNEQF,0
SPRWYFYYL,VSGLRGLYSAGEEAVPPKANNLFSGHNSFNNNVPASTPGRSDTGELF,VSGLRG,LYSAGEE,AVPPKANNLF,SGHNS,FNNNVP,ASTPGRSDTGELF,0
ELAGIGILTV,DSASNYIRSNVGEAPPSMNHEYSVGEGTASSWGQGSPLH,DSASNY,IRSNVGE,APPS,MNHEY,SVGEGT,ASSWGQGSPLH,1
KLGGALQAK,NIATNDYGYKTKLVVSPSGGSYIPTSQVTMANQGSEASVGSRESSYNEQF,NIATNDY,GYKTK,LVVSPSGGSYIPT,SQVTM,ANQGSEA,SVGSRESSYNEQF,0
KLGGALQAK,DSAIYNIQSSQREAVNSGGGADGLTMNHNSSASEGTASSEDPATNEKLF,DSAIYN,IQSSQRE,AVNSGGGADGLT,MNHNS,SASEGT,ASSEDPATNEKLF,0
KLGGALQAK,NSASDYIRSNMDKATDSWGKLQSEHNRFQNEAQASSSKETGAWGDTQY,NSASDY,IRSNMDK,ATDSWGKLQ,SEHNR,FQNEAQ,ASSSKETGAWGDTQY,1
GILGFVFTL,DSASNYIRSNVGEAASPRNNDMRLGHNAYNFKEQASSQEGAGADEQF,DSASNY,IRSNVGE,AASPRNNDMR,LGHNA,YNFKEQ,ASSQEGAGADEQF,0
VLFGLGFAI,DSASNYIRSNVGEAAINTGTASKLTMNHEYSMNVEVASSSPGPREKLF,DSASNY,IRSNVGE,AAINTGTASKLT,MNHEY,SMNVEV,ASSSPGPREKLF,0
CINGVCWTV,DRGSQSIYSNGDAVGGGSNYKLTMNHEYSVGEGTASSYQGAGGYT,DRGSQS,IYSNGD,AVGGGSNYKLT,MNHEY,SVGEGT,ASSYQGAGGYT,0
GILGFVFTL,DSASNYIRSNVGEAAGETSYDKVIKGHSHLQKENIASSPWPDGGSNYGYT,DSASNY,IRSNVGE,AAGETSYDKVI,KGHSH,LQKENI,ASSPWPDGGSNYGYT,0
GILGFVFTL,KALYSLLKGGEQGTENSGGSNYKLTSNHLYFYNNEIATETGSPL,KALYS,LLKGGEQ,GTENSGGSNYKLT,SNHLY,FYNNEI,ATETGSPL,0
AVFDRKSDAK,SSVPPYYTSAATLVAVSDFKAAGNKLTSGHNSFNNNVPASSLTGLAGGRGQETQY,SSVPPY,YTSAATLV,AVSDFKAAGNKLT,SGHNS,FNNNVP,ASSLTGLAGGRGQETQY,0
RAKFKQLL,NSASDYIRSNMDKADSGGGADGLTMNHEYSMNVEVASSVTGGDTEAF,NSASDY,IRSNMDK,ADSGGGADGLT,MNHEY,SMNVEV,ASSVTGGDTEAF,1
KLGGALQAK,NSASQSVYSSGVVNGMDSSHKLISNHLYFYNNEIASSGVQLLPGELF,NSASQS,VYSSG,VVNGMDSSHKLI,SNHLY,FYNNEI,ASSGVQLLPGELF,0
RAKFKQLL,NIATNDYGYKTKLVGDNGSGNTGKLILGHNAYNFKEQASSQEVSGVWGELF,NIATNDY,GYKTK,LVGDNGSGNTGKLI,LGHNA,YNFKEQ,ASSQEVSGVWGELF,0
ELAGIGILTV,YGATPYYFSGDTLVAVGATDSWGKLQMDHENSYDVKMGARPPGVSNEQF,YGATPY,YFSGDTLV,AVGATDSWGKLQ,MDHEN,SYDVKM,GARPPGVSNEQF,0
KSKRTPMGF,TISGTDYGLTSNIVMDSNYQLILNHNVYYDKDFATSRDARVTEAF,TISGTDY,GLTSN,IVMDSNYQLI,LNHNV,YYDKDF,ATSRDARVTEAF,0
NLVPMVATV,TSGFNGNVLDGLAEDQGGKLILNHDASQIVNDATGTGDSNQPQH,TSGFNG,NVLDGL,AEDQGGKLI,LNHDA,SQIVND,ATGTGDSNQPQH,0
GILGFVFTL,SVFSSVVTGGEVAGAGGGSQGNLILNHDASQIVNDASSIYGGAGDGYT,SVFSS,VVTGGEV,AGAGGGSQGNLI,LNHDA,SQIVND,ASSIYGGAGDGYT,1
GLCTLVAML,TSINNIRSNEREATDAATGRRALTDFQATTSNEGSKASAWTGTEAF,TSINN,IRSNERE,ATDAATGRRALT,DFQATT,SNEGSKA,SAWTGTEAF,1
YLQPRTFLL,DRGSQSIYSNGDAVPSGGYNKLILGHNTFRNRAPASGLDSSSGNTIY,DRGSQS,IYSNGD,AVPSGGYNKLI,LGHNT,FRNRAP,ASGLDSSSGNTIY,0
RAKFKQLL,DSVNNIPSGTAVERDTGGFKTISNHLYFYNNEIASPTKRGGNNEQF,DSVNN,IPSGT,AVERDTGGFKTI,SNHLY,FYNNEI,ASPTKRGGNNEQF,0
RAKFKQLL,SVFSSVVTGGEVAGCHGSGNTGKLILNHDASQIVNDASSSRSAYEQY,SVFSS,VVTGGEV,AGCHGSGNTGKLI,LNHDA,SQIVND,ASSSRSAYEQY,0
GILGFVFTL,DSSSTYIFSNMDMAESIRNNDMRDFQATTSNEGSKASARAYSSYEQY,DSSSTY,IFSNMDM,AESIRNNDMR,DFQATT,SNEGSKA,SARAYSSYEQY,0
SPRWYFYYL,NSASQSVYSSGVVNKNNDMRSGHRSYFSETQASGEENTGELF,NSASQS,VYSSG,VVNKNNDMR,SGHRS,YFSETQ,ASGEENTGELF,0
AVFDRKSDAK,SVFSSVVTGGEVAGPYNAGNMLTMNHEYSVGAGIASSYSTGEGAQY,SVFSS,VVTGGEV,AGPYNAGNMLT,MNHEY,SVGAGI,ASSYSTGEGAQY,0
GLCTLVAML,NSASDYIRSNMDKAETHSGGSNYKLTDFQATTSNEGSKASARDLGTSKQYEQY,NSASDY,IRSNMDK,AETHSGGSNYKLT,DFQATT,SNEGSKA,SARDLGTSKQYEQY,0
GILGFVFTL,TISGTDYGLTSNILPLAGGTSYGKLTLNHDASQIVNDASSISSINEQF,TISGTDY,GLTSN,ILPLAGGTSYGKLT,LNHDA,SQIVND,ASSISSINEQF,1
AVFDRKSDAK,DRGSQSIYSNGDAVNKVTSGGSNYKLTSGHNSFNNNVPASSFLDRGPNTEAF,DRGSQS,IYSNGD,AVNKVTSGGSNYKLT,SGHNS,FNNNVP,ASSFLDRGPNTEAF,0
IVTDFSVIK,TTLSNLVKSGEVAGPFSGGYNKLIMNHEYSVGAGIASSPGGDTEAF,TTLSN,LVKSGEV,AGPFSGGYNKLI,MNHEY,SVGAGI,ASSPGGDTEAF,0
KLGGALQAK,NSASQSVYSSGVVKGPGGFKTIFGDFQATTSNEGSKASARDGLNEQFFG,NSASQS,VYSSG,VVKGPGGFKTIFG,DFQATT,SNEGSKA,SARDGLNEQFFG,0
GILGFVFTL,NSAFQYTYSSGNAMEGGANNLFLNHDASQIVNDASTSVMTDSIYGYT,NSAFQY,TYSSGN,AMEGGANNLF,LNHDA,SQIVND,ASTSVMTDSIYGYT,0
KLGGALQAK,TRDTTYYRNSFDEQNALLANAGGTSYGKLTSGHKSYYEKEEASSLDGYSGANVLT,TRDTTYY,RNSFDEQN,ALLANAGGTSYGKLT,SGHKS,YYEKEE,ASSLDGYSGANVLT,0
ELAGIGILTV,DRGSQSIYSNGDAVNADKIIMDHENSYDVKMASTQIFGNYGYT,DRGSQS,IYSNGD,AVNADKII,MDHEN,SYDVKM,ASTQIFGNYGYT,1
AVFDRKSDAK,DRGSQSIYSNGDAVNWEEQGGSYIPTMNHEYSMNVEVASSKGQSNTEAF,DRGSQS,IYSNGD,AVNWEEQGGSYIPT,MNHEY,SMNVEV,ASSKGQSNTEAF,0
LLWNGPMAV,SVFSSVVTGGEVAGAGSQGNLISGHRSYFSETQASSPGGLAGADTQY,SVFSS,VVTGGEV,AGAGSQGNLI,SGHRS,YFSETQ,ASSPGGLAGADTQY,0
GPRLGVRAT,TRDTTYYRNSFDEQNALSGPGTSFLGSARQLTSGHDTYYEEEEASSLRDGSEAF,TRDTTYY,RNSFDEQN,ALSGPGTSFLGSARQLT,SGHDT,YYEEEE,ASSLRDGSEAF,0
KLGGALQAK,YSGSPEHISRALDYKAAGNKLTSGHTAFQGTGAASSQGPTGGYVSEAF,YSGSPE,HISR,ALDYKAAGNKLT,SGHTA,FQGTGA,ASSQGPTGGYVSEAF,0
GILGFVFTL,DRGSQSIYSNGDAVPFGNYGQNFVMDHENSYDVKMASSPTGVGQPQH,DRGSQS,IYSNGD,AVPFGNYGQNFV,MDHEN,SYDVKM,ASSPTGVGQPQH,0
AVFDRKSDAK,TSGFNGNVLDGLAVGMIKAAGNKLTDFQATTSNEGSKASALGGTQY,TSGFNG,NVLDGL,AVGMIKAAGNKLT,DFQATT,SNEGSKA,SALGGTQY,0
RAKFKQLL,DSAIYNIQSSQREAVFSLNNNDMRLNHDASQIVNDASSIGEFGNTEAF,DSAIYN,IQSSQRE,AVFSLNNNDMR,LNHDA,SQIVND,ASSIGEFGNTEAF,0
GILGFVFTL,TISGTDYGLTSNILDNNNDMRSGHVSFNYEAQASSLAPGTTNEKLF,TISGTDY,GLTSN,ILDNNNDMR,SGHVS,FNYEAQ,ASSLAPGTTNEKLF,0
GILGFVFTL,DRGSQSIYSNGDAVINYQLISEHNRFQNEAQASSLDRDASYNEQF,DRGSQS,IYSNGD,AVINYQLI,SEHNR,FQNEAQ,ASSLDRDASYNEQF,0
GILGFVFTL,DRGSQSIYSNGDAVNGGNQFYLGHNAYNFKEQASSLEMGAGTEAF,DRGSQS,IYSNGD,AVNGGNQFY,LGHNA,YNFKEQ,ASSLEMGAGTEAF,0
GILGFVFTL,SSVSVYYLSGSTLVAVNNNKLIMNHNSSASEGTASSDSPNSNQPQH,SSVSVY,YLSGSTLV,AVNNNKLI,MNHNS,SASEGT,ASSDSPNSNQPQH,0
NLVPMVATV,DSASNYIRSNVGEAAAETSYDKVILNHDASQIVNDASSWIAANTGELF,DSASNY,IRSNVGE,AAAETSYDKVI,LNHDA,SQIVND,ASSWIAANTGELF,0
AVFDRKSDAK,DSAIYNIQSSQREAVPNTNAGKSTLNHDASHIVNDASSSRSGNEKLF,DSAIYN,IQSSQRE,AVPNTNAGKST,LNHDA,SHIVND,ASSSRSGNEKLF,0
RAKFKQLL,NIATNDYGYKTKLLYRDDKIISGHATFQNNGVASSLFRGGEKLF,NIATNDY,GYKTK,LLYRDDKII,SGHAT,FQNNGV,ASSLFRGGEKLF,0
GILGFVFTL,NSAFQYTYSSGNASYNQGGKLILNHDASQIVNDASSIRSSYEQY,NSAFQY,TYSSGN,ASYNQGGKLI,LNHDA,SQIVND,ASSIRSSYEQY,1
IVTDFSVIK,TSGFNGNVLDGLAVETGGFKTILGHNAYSLEERASSQEPSGMVSRDNEQF,TSGFNG,NVLDGL,AVETGGFKTI,LGHNA,YSLEER,ASSQEPSGMVSRDNEQF,0
RAKFKQLL,TTLSNLVKSGEVAANYGGSQGNLILNHDASQIVNDASSIRSTDTQY,TTLSN,LVKSGEV,AANYGGSQGNLI,LNHDA,SQIVND,ASSIRSTDTQY,0
GILGFVFTL,NIATNDYGYKTKLAGGDKIISNHLYFYNNEIASRTPWDSDSYNEQF,NIATNDY,GYKTK,LAGGDKII,SNHLY,FYNNEI,ASRTPWDSDSYNEQF,0
DATYQRTRALVR,SVFSSVVTGGEVAGGGSQGNLIDFQATTSNEGSKASARDLTAGSYEQY,SVFSS,VVTGGEV,AGGGSQGNLI,DFQATT,SNEGSKA,SARDLTAGSYEQY,0
IVTDFSVIK,DRGSQSIYSNGDAVGISGGYQKVTMNHEYSVGAGIASSSGTGSPLH,DRGSQS,IYSNGD,AVGISGGYQKVT,MNHEY,SVGAGI,ASSSGTGSPLH,0
AVFDRKSDAK,TSGFNGNVLDGLAVLDSNYQLISGHDYFNNNVPASSPSSSYEQY,TSGFNG,NVLDGL,AVLDSNYQLI,SGHDY,FNNNVP,ASSPSSSYEQY,0
AVFDRKSDAK,NSASQSVYSSGVGFSNTGNQFYSGDLSYYNGEEASSVTSSEGTIY,NSASQS,VYSSG,VGFSNTGNQFY,SGDLS,YYNGEE,ASSVTSSEGTIY,1
GILGFVFTL,SSYSPSYTSAATLVVLTGANNLFSGHTAFQGTGAASSLGTAAYNEQF,SSYSPS,YTSAATLV,VLTGANNLF,SGHTA,FQGTGA,ASSLGTAAYNEQF,0
RLPGVLPRA,YSGSPEHISRALVTFTGGGNKLTSGHNTYYREEEASSSTGGGEKDQPQH,YSGSPE,HISR,ALVTFTGGGNKLT,SGHNT,YYREEE,ASSSTGGGEKDQPQH,0
KLGGALQAK,DSSSTYIFSNMDMAEMAGANNLFLNHDASQIVNDASSAWEGAEAF,DSSSTY,IFSNMDM,AEMAGANNLF,LNHDA,SQIVND,ASSAWEGAEAF,0
CINGVCWTV,NIATNDYGYKTKLVGPGMLGHNAYNFKEQASSQEIAQGTNTGELF,NIATNDY,GYKTK,LVGPGM,LGHNA,YNFKEQ,ASSQEIAQGTNTGELF,1
AVFDRKSDAK,TSENNYYQEAYKQQNAFMLGAGGTSYGKLTSGHVSFNYEAQASSFLTGNTEAF,TSENNYY,QEAYKQQN,AFMLGAGGTSYGKLT,SGHVS,FNYEAQ,ASSFLTGNTEAF,0
RAKFKQLL,DRGSQSIYSNGDAVSPDKLIMNHEYSMNVEVASSPSAGPGYGYT,DRGSQS,IYSNGD,AVSPDKLI,MNHEY,SMNVEV,ASSPSAGPGYGYT,0
CINGVCWTV,DSASNYIRSNVGEAASFVERSNYKLTMNHEYSVGEGTASEEQGGLETQY,DSASNY,IRSNVGE,AASFVERSNYKLT,MNHEY,SVGEGT,ASEEQGGLETQY,0
RAKFKQLL,TSENNYYQEAYKQQNAFMKGAGGTSYGKLTLNHDASQIVNDASSPRSNQPQH,TSENNYY,QEAYKQQN,AFMKGAGGTSYGKLT,LNHDA,SQIVND,ASSPRSNQPQH,0
LLWNGPMAV,YGGTVNYFSGDPLVAVNAQGGGSTLGRLYLNHDASQIVNDASSIHGLETQY,YGGTVN,YFSGDPLV,AVNAQGGGSTLGRLY,LNHDA,SQIVND,ASSIHGLETQY,0
KLGGALQAK,TTLSNLVKSGEVADPFSSNTGKLILNHDASQIVNDASSTFSSGRTEAF,TTLSN,LVKSGEV,ADPFSSNTGKLI,LNHDA,SQIVND,ASSTFSSGRTEAF,0
KLGGALQAK,TRDTTYYRNSFDEQNALSEAGRGGSYIPTLNHDASQIVNDASSIFGGAEAF,TRDTTYY,RNSFDEQN,ALSEAGRGGSYIPT,LNHDA,SQIVND,ASSIFGGAEAF,0
ELAGIGILTV,TRDTTYYRNSFDEQNALSEGVGKLILNHDASQIVNDASSIRSSYEQY,TRDTTYY,RNSFDEQN,ALSEGVGKLI,LNHDA,SQIVND,ASSIRSSYEQY,0
GLCTLVAML,DSAIYNIQSSQREAVDSNAGNMLTMNHEYSMNVEVASSPPGGAYEQY,DSAIYN,IQSSQRE,AVDSNAGNMLT,MNHEY,SMNVEV,ASSPPGGAYEQY,0
LLWNGPMAV,SVFSSVVTGGEVAGAIGSSNTGKLILNHDASQIVNDASSIRAAYEQY,SVFSS,VVTGGEV,AGAIGSSNTGKLI,LNHDA,SQIVND,ASSIRAAYEQY,0
GILGFVFTL,SVFSSVVTGGEVAGASGSSNTGKLISGHNSFNNNVPASSFSGNTGELF,SVFSS,VVTGGEV,AGASGSSNTGKLI,SGHNS,FNNNVP,ASSFSGNTGELF,1
KLGGALQAK,DRGSQSIYSNGDAVSGGNQFYSGHNTYYREEEASSLTGETEKLF,DRGSQS,IYSNGD,AVSGGNQFY,SGHNT,YYREEE,ASSLTGETEKLF,0
LLWNGPMAV,DRGSQSIYSNGDAVPYSGGGADGLTKGHDRSFDVKDATSDFPPGVRGAPQETQY,DRGSQS,IYSNGD,AVPYSGGGADGLT,KGHDR,SFDVKD,ATSDFPPGVRGAPQETQY,0
AVFDRKSDAK,SIFNTLYKAGELAGHTGNQFYSGHVSFNYEAQASSRGPNYEQY,SIFNT,LYKAGEL,AGHTGNQFY,SGHVS,FNYEAQ,ASSRGPNYEQY,0
GILGFVFTL,DSASNYIRSNVGEAAFDFNKFYSGHTAFQGTGAASSSRGGQETQY,DSASNY,IRSNVGE,AAFDFNKFY,SGHTA,FQGTGA,ASSSRGGQETQY,0
RLRAEAQVK,YSGSPEHISRALVTFTGGGNKLTSGHNTYYREEEASSSTGGGEKDQPQH,YSGSPE,HISR,ALVTFTGGGNKLT,SGHNT,YYREEE,ASSSTGGGEKDQPQH,0
RAKFKQLL,NIATNDYGYKTKLVGPFMRLGHNAYNFKEQASSQDPDTQY,NIATNDY,GYKTK,LVGPFMR,LGHNA,YNFKEQ,ASSQDPDTQY,0
GILGFVFTL,TTLSNLVKSGEVAGPFSGGYNKLIMNHEYSVGAGIASSPGGDTEAF,TTLSN,LVKSGEV,AGPFSGGYNKLI,MNHEY,SVGAGI,ASSPGGDTEAF,0
GLCTLVAML,TTLSNLVKSGEVAGPVYDYKLSSGHVSFQNEAQASSLSGTGDYEQY,TTLSN,LVKSGEV,AGPVYDYKLS,SGHVS,FQNEAQ,ASSLSGTGDYEQY,0
FEDLRLLSF,TRDTTYYRNSFDEQNALSNAKTSYDKVIDFQATTSNEGSKASARPGQFYSNQPQH,TRDTTYY,RNSFDEQN,ALSNAKTSYDKVI,DFQATT,SNEGSKA,SARPGQFYSNQPQH,1
KLGGALQAK,NSASQSVYSSGVVNGGDSSYKLISQVTMANQGSEASAGQGPYEQY,NSASQS,VYSSG,VVNGGDSSYKLI,SQVTM,ANQGSEA,SAGQGPYEQY,0
KSKRTPMGF,ATGYPSATKADDKALDNTGKLISGHATFQNNGVASSWNRASSYEQY,ATGYPS,ATKADDK,ALDNTGKLI,SGHAT,FQNNGV,ASSWNRASSYEQY,0
ELAGIGILTV,TSINNIRSNEREATADSWGKLQSGHRSYFSETQASSLESGDSYNEQF,TSINN,IRSNERE,ATADSWGKLQ,SGHRS,YFSETQ,ASSLESGDSYNEQF,0
CINGVCWTV,DRGSQSIYSNGDAVNWEEQGGSYIPTKGHDRSFDVKDATSDRLAGGELF,DRGSQS,IYSNGD,AVNWEEQGGSYIPT,KGHDR,SFDVKD,ATSDRLAGGELF,0
IVTDFSVIK,SSVSVYYLSGSTLVAVIVNQAGTALIDFQATTSNEGSKASALLLGSNEQF,SSVSVY,YLSGSTLV,AVIVNQAGTALI,DFQATT,SNEGSKA,SALLLGSNEQF,0
ELAGIGILTV,DRGSQSIYSNGDAVKGGGADGLTLGHNAYSLEERASSQVEGLETQY,DRGSQS,IYSNGD,AVKGGGADGLT,LGHNA,YSLEER,ASSQVEGLETQY,1
GILGFVFTL,DSVNNIPSGTAVIASGGSYIPTMNHEYSVGEGTASSLVAGGPPEQY,DSVNN,IPSGT,AVIASGGSYIPT,MNHEY,SVGEGT,ASSLVAGGPPEQY,0
RAKFKQLL,DSASNYIRSNVGEAATPYGNNDMRWSHSYSAAADIASRGALVGDTQY,DSASNY,IRSNVGE,AATPYGNNDMR,WSHSY,SAAADI,ASRGALVGDTQY,0
AVFDRKSDAK,TRDTTYYRNSFDEQNALMGDNNARLMENHRYSYGVKDAISATGVETQY,TRDTTYY,RNSFDEQN,ALMGDNNARLM,ENHRY,SYGVKD,AISATGVETQY,1
NLVPMVATV,DRGSQSIYSNGDAGGDDKIISGDLSYYNGEEASSPGLAYEQY,DRGSQS,IYSNGD,AGGDDKII,SGDLS,YYNGEE,ASSPGLAYEQY,0
IVTDFSVIK,TSGFNGNVLDGLAVRDFPGRRALTDFQATTSNEGSKASARDRSSYNEQF,TSGFNG,NVLDGL,AVRDFPGRRALT,DFQATT,SNEGSKA,SARDRSSYNEQF,0
AVFDRKSDAK,DRGSQSIYSNGDAVSGRGSTLGRLYMDHENSYDVKMASSWGQMNTEAF,DRGSQS,IYSNGD,AVSGRGSTLGRLY,MDHEN,SYDVKM,ASSWGQMNTEAF,0
KLGGALQAK,DSASNYIRSNVGEAASETSYDKVISEHNRFQNEAQASSSLGGGNTEAF,DSASNY,IRSNVGE,AASETSYDKVI,SEHNR,FQNEAQ,ASSSLGGGNTEAF,0
CINGVCWTV,SIFNTLYKAGELAGQLPPWETSGSRLTLNHDASQIVNDASSRLQGANSPLH,SIFNT,LYKAGEL,AGQLPPWETSGSRLT,LNHDA,SQIVND,ASSRLQGANSPLH,0
NLVPMVATV,SSNFYAMTLNGDEARNTGNQFYGTSNPNSVGIGAWSISDLAKNIQY,SSNFYA,MTLNGDE,ARNTGNQFY,GTSNPN,SVGIG,AWSISDLAKNIQY,1
KLGGALQAK,DSSSTYIFSNMDMAEKDTGGFKTISEHNRFQNEAQASTGGDRTYYEQY,DSSSTY,IFSNMDM,AEKDTGGFKTI,SEHNR,FQNEAQ,ASTGGDRTYYEQY,1
RAKFKQLL,SVFSSVVTGGEVAGADQGGKLISGHTAFQGTGAASSWVVPPNEQF,SVFSS,VVTGGEV,AGADQGGKLI,SGHTA,FQGTGA,ASSWVVPPNEQF,0
SPRWYFYYL,NSASDYIRSNMDKADHMDTGRRALTKGHDRSFDVKDATSTGGQPQH,NSASDY,IRSNMDK,ADHMDTGRRALT,KGHDR,SFDVKD,ATSTGGQPQH,1
ELAGIGILTV,NSASQSVYSSGVVNKGNDMRSNHLYFYNNEIASQDTNTGELF,NSASQS,VYSSG,VVNKGNDMR,SNHLY,FYNNEI,ASQDTNTGELF,0
KSKRTPMGF,SSYSPSYTSAATLVVVSDPGFGNEKLTSGDLSYYNGEEASSVGADPPNTEAF,SSYSPS,YTSAATLV,VVSDPGFGNEKLT,SGDLS,YYNGEE,ASSVGADPPNTEAF,0
KLGGALQAK,VSGNPYYITGDNLVAVSAASGGSYIPTSGHTAFQGNSAASSPRDRERGEQY,VSGNPY,YITGDNLV,AVSAASGGSYIPT,SGHTA,FQGNSA,ASSPRDRERGEQY,0
AVFDRKSDAK,TSESDYYQEAYKQQNAHPNSNSGYALNSEHNRFQNEAQASSLAVIDRYNEQF,TSESDYY,QEAYKQQN,AHPNSNSGYALN,SEHNR,FQNEAQ,ASSLAVIDRYNEQF,0
RAKFKQLL,NSMFDYISSIKDKAASGGNNNDMRMRHNASNTAGTASSVTPSSYNEQF,NSMFDY,ISSIKDK,AASGGNNNDMR,MRHNA,SNTAGT,ASSVTPSSYNEQF,0
CINGVCWTV,YGATPYYFSGDTLVAVTRDDKIISGHNSFNNNVPASSGGVSGGAGETQY,YGATPY,YFSGDTLV,AVTRDDKII,SGHNS,FNNNVP,ASSGGVSGGAGETQY,0
KLGGALQAK,SIFNTLYKAGELAGQLILWGWELPTHSGHNSFNNNVPASSLTNSPYEQY,SIFNT,LYKAGEL,AGQLILWGWELPTH,SGHNS,FNNNVP,ASSLTNSPYEQY,0
AVFDRKSDAK,DSASNYIRSNVGEAASETSYDKVISGDLSYYNGEEASSGTGSTDTQY,DSASNY,IRSNVGE,AASETSYDKVI,SGDLS,YYNGEE,ASSGTGSTDTQY,0
IVTDFSVIK,DSASNYIRSNVGEAASEEYGNKLVLGHNAYNFKEQASSQRPSEVGELF,DSASNY,IRSNVGE,AASEEYGNKLV,LGHNA,YNFKEQ,ASSQRPSEVGELF,0
RAKFKQLL,DRGSQSIYSNGDAVNADKIIMDHENSYDVKMASTQIFGNYGYT,DRGSQS,IYSNGD,AVNADKII,MDHEN,SYDVKM,ASTQIFGNYGYT,0
RAKFKQLL,DSVNNIPSGTAVEVAGANSKLTENHRYSYGVKDAISGRINNSPLH,DSVNN,IPSGT,AVEVAGANSKLT,ENHRY,SYGVKD,AISGRINNSPLH,0
ATDALMTGF,SSYSPSYTSAATLVVVSAGSIVSGGYNKLIENHRYSYGVKDAIRDKMNTEAF,SSYSPS,YTSAATLV,VVSAGSIVSGGYNKLI,ENHRY,SYGVKD,AIRDKMNTEAF,0
GLCTLVAML,TSGFYGNALDGLAVKASGGSYIPTLNHDASQIVNDASSVGLAGDNEQF,TSGFYG,NALDGL,AVKASGGSYIPT,LNHDA,SQIVND,ASSVGLAGDNEQF,0
AVFDRKSDAK,DSASNYIRSNVGEAASETSYDKVIMNHNSSASEGTASSEAEGAAPQY,DSASNY,IRSNVGE,AASETSYDKVI,MNHNS,SASEGT,ASSEAEGAAPQY,0
RAKFKQLL,DSASNYIRSNVGEAASETSYDKVIDFQATTSNEGSKASAEQAYEQY,DSASNY,IRSNVGE,AASETSYDKVI,DFQATT,SNEGSKA,SAEQAYEQY,1
LLWNGPMAV,DRGSQSIYSNGDAVNDYKLSLGHNAYSLEERASSPNSAGGTEAF,DRGSQS,IYSNGD,AVNDYKLS,LGHNA,YSLEER,ASSPNSAGGTEAF,1
GILGFVFTL,DRGSQSIYSNGDAVSQDGNKLVSGHDYFNNNVPASSFQGALEQY,DRGSQS,IYSNGD,AVSQDGNKLV,SGHDY,FNNNVP,ASSFQGALEQY,0
GLCTLVAML,DSASNYIRSNVGEAPPSMNHEYSVGEGTASSWGQGSPLH,DSASNY,IRSNVGE,APPS,MNHEY,SVGEGT,ASSWGQGSPLH,0
NLVPMVATV,SVFSSVVTGGEVAGDDQGGKLILNHDASHIVNDASSIRSSYEQY,SVFSS,VVTGGEV,AGDDQGGKLI,LNHDA,SHIVND,ASSIRSSYEQY,0
DATYQRTRALVR,YGATPYYFSGDTLVAVGFNNNDMRWNHNNSYGVQDASSESRLDGYT,YGATPY,YFSGDTLV,AVGFNNNDMR,WNHNN,SYGVQD,ASSESRLDGYT,0
SLFNTVATLY,VSGNPYYITGDNLVAVRDMLGFNKFYMRHNASNTAGTASSPTGSDTGELF,VSGNPY,YITGDNLV,AVRDMLGFNKFY,MRHNA,SNTAGT,ASSPTGSDTGELF,0
KSKRTPMGF,DSASNYIRSNVGEAASYGSGGYNKLIMDHENSYDVKMASSSLTGSSGELF,DSASNY,IRSNVGE,AASYGSGGYNKLI,MDHEN,SYDVKM,ASSSLTGSSGELF,0
AVFDRKSDAK,NSAFQYTYSSGNAMPGGATNKLISGHNSFNNNVPASSFLDRGPNTEAF,NSAFQY,TYSSGN,AMPGGATNKLI,SGHNS,FNNNVP,ASSFLDRGPNTEAF,0
AVFDRKSDAK,TISGNEYGLKNNIVRVNAGNMLTGTSNPNSVGIGAWSGRAGVSNEQF,TISGNEY,GLKNN,IVRVNAGNMLT,GTSNPN,SVGIG,AWSGRAGVSNEQF,1
RFPLTFGWCF,DRGSQSIYSNGDAGLEYGNKLVSGDLSYYNGEEASSVGVLAGNEQF,DRGSQS,IYSNGD,AGLEYGNKLV,SGDLS,YYNGEE,ASSVGVLAGNEQF,0
IVTDFSVIK,DRGSQSIYSNGDAVPYSGGGADGLTKGHDRSFDVKDATSDFPPGVRGAPQETQY,DRGSQS,IYSNGD,AVPYSGGGADGLT,KGHDR,SFDVKD,ATSDFPPGVRGAPQETQY,0
KLGGALQAK,DRGSQSIYSNGDAVNWEEQGGSYIPTMNHEYSMNVEVASSKGQSNTEAF,DRGSQS,IYSNGD,AVNWEEQGGSYIPT,MNHEY,SMNVEV,ASSKGQSNTEAF,1
RPPIFIRRL,KTLYGLQKGGEEGAEKGIQGAQKLVSGHATFQNNGVASSLAPGASGRSYNEQF,KTLYG,LQKGGEE,GAEKGIQGAQKLV,SGHAT,FQNNGV,ASSLAPGASGRSYNEQF,0
SLFNTVATLY,SIFNTLYKAGELAGHTGNQFYSGHATFQNNGVASSSNQGDNQPQH,SIFNT,LYKAGEL,AGHTGNQFY,SGHAT,FQNNGV,ASSSNQGDNQPQH,0
KLGGALQAK,YGATPYYFSGDTLVAVDYAGEGGGADGLTMNHEYSMNVEVASSLGPVNTEAF,YGATPY,YFSGDTLV,AVDYAGEGGGADGLT,MNHEY,SMNVEV,ASSLGPVNTEAF,1
AVFDRKSDAK,TSINNIRSNEREATDPLFGNNRLALNHDASQIVNDASSTLNEQF,TSINN,IRSNERE,ATDPLFGNNRLA,LNHDA,SQIVND,ASSTLNEQF,0
RAKFKQLL,DSASNYIRSNVGEAAPPSTGTASKLTDFQATTSNEGSKASARDETGNTIY,DSASNY,IRSNVGE,AAPPSTGTASKLT,DFQATT,SNEGSKA,SARDETGNTIY,0
AVFDRKSDAK,DRGSQSIYSNGDAVGTAWRSGGGADGLTLNHDASQIVNDASSRRSSGELF,DRGSQS,IYSNGD,AVGTAWRSGGGADGLT,LNHDA,SQIVND,ASSRRSSGELF,0
RAKFKQLL,NIATNDYGYKTKLVEPPPGNGGFKTIDFQATTSNEGSKASATGGRHTGELF,NIATNDY,GYKTK,LVEPPPGNGGFKTI,DFQATT,SNEGSKA,SATGGRHTGELF,0
RLPGVLPRA,DSAIYNIQSSQREAVLGMNTGFQKLVSGHTAFQGNSAASSLDPGNYEQY,DSAIYN,IQSSQRE,AVLGMNTGFQKLV,SGHTA,FQGNSA,ASSLDPGNYEQY,0
VLFGLGFAI,YSGSPEHISRALVTFTGGGNKLTSGHNTYYREEEASSSTGGGEKDQPQH,YSGSPE,HISR,ALVTFTGGGNKLT,SGHNT,YYREEE,ASSSTGGGEKDQPQH,0
GILGFVFTL,ATGYPSATKADDKALSEAGPDKLISGHKSYYEKEEASRPGVGNQPQH,ATGYPS,ATKADDK,ALSEAGPDKLI,SGHKS,YYEKEE,ASRPGVGNQPQH,0
GILGFVFTL,SVFSSVVTGGEVAGVNTGFQKLVMGHDKSYGVNSASSMNVGTKF,SVFSS,VVTGGEV,AGVNTGFQKLV,MGHDK,SYGVNS,ASSMNVGTKF,0
CINGVCWTV,NSASDYIRSNMDKADSGGGADGLTSGHDTYYEEEEASSSTLYGSYNEQF,NSASDY,IRSNMDK,ADSGGGADGLT,SGHDT,YYEEEE,ASSSTLYGSYNEQF,0
IVTDFSVIK,DSASNYIRSNVGEAASGGGSQGNLIMGHRAYSYEKLASSQEAGALGETQY,DSASNY,IRSNVGE,AASGGGSQGNLI,MGHRA,YSYEKL,ASSQEAGALGETQY,0
GPRLGVRAT,TTLSNLVKSGEVAGRRGAGKSTSGHDTYYEEEEASSAYAGLAGVRETQY,TTLSN,LVKSGEV,AGRRGAGKST,SGHDT,YYEEEE,ASSAYAGLAGVRETQY,0
RAKFKQLL,NSAFQYTYSSGNAMSGDGGSQGNLILNHDASQIVNDASSIRAAYEQY,NSAFQY,TYSSGN,AMSGDGGSQGNLI,LNHDA,SQIVND,ASSIRAAYEQY,0
HPVTKYIM,YGGTVNYFSGDPLVAVIAMNRDDKIIMNHEYSVGEGTASRPGPATSADYTDTQY,YGGTVN,YFSGDPLV,AVIAMNRDDKII,MNHEY,SVGEGT,ASRPGPATSADYTDTQY,1
KLGGALQAK,DSASNYIRSNVGEAATPPPSYDKVISGHDYFNNNVPASSPGTFRYT,DSASNY,IRSNVGE,AATPPPSYDKVI,SGHDY,FNNNVP,ASSPGTFRYT,0
RAKFKQLL,TISGTDYGLTSNILSNNNDMRDFQATTSNEGSKASAPPAGEYSNQPQH,TISGTDY,GLTSN,ILSNNNDMR,DFQATT,SNEGSKA,SAPPAGEYSNQPQH,0
KLGGALQAK,DRGSQSIYSNGDAVTDSWGKLQLNHDASQIVNDASSPGLAGSPYEQY,DRGSQS,IYSNGD,AVTDSWGKLQ,LNHDA,SQIVND,ASSPGLAGSPYEQY,0
CINGVCWTV,YGATPYYFSGDTLVAVGRPDTSGTYKYIDFQATTSNEGSKASAYSTGQGIYEQY,YGATPY,YFSGDTLV,AVGRPDTSGTYKYI,DFQATT,SNEGSKA,SAYSTGQGIYEQY,0
ATDALMTGF,TSGFYGNALDGLAVREVTGGFKTILNHDASQIVNDASSPGQLYEQY,TSGFYG,NALDGL,AVREVTGGFKTI,LNHDA,SQIVND,ASSPGQLYEQY,0
RFPLTFGWCF,DSVNNIPSGTAVDHLMNYGGSQGNLILNHDASQIVNDASSTYSQDTQY,DSVNN,IPSGT,AVDHLMNYGGSQGNLI,LNHDA,SQIVND,ASSTYSQDTQY,0
RAKFKQLL,TSGFYGNALDGLAVNNYGQNFVSGHNSFNNNVPASSTTSGGVETQY,TSGFYG,NALDGL,AVNNYGQNFV,SGHNS,FNNNVP,ASSTTSGGVETQY,0
KLGGALQAK,DRGSQSIYSNGDAVPLGGGSQGNLILNHDASQIVNDASSIRAATEAF,DRGSQS,IYSNGD,AVPLGGGSQGNLI,LNHDA,SQIVND,ASSIRAATEAF,0
RAKFKQLL,SSVPPYYTSAATLVAVSQDSNYQLISGHATFQNNGVASSWGGGSHYGYT,SSVPPY,YTSAATLV,AVSQDSNYQLI,SGHAT,FQNNGV,ASSWGGGSHYGYT,0
CINGVCWTV,DSAIYNIQSSQREAVTTQGGSEKLVMNHEYSMNVEVASSLSTGVLFEQY,DSAIYN,IQSSQRE,AVTTQGGSEKLV,MNHEY,SMNVEV,ASSLSTGVLFEQY,0
KLGGALQAK,DRGSQSIYSNGDAVTNYGGSQGNLIKGHDRSFDVKDATRRPGQQETQY,DRGSQS,IYSNGD,AVTNYGGSQGNLI,KGHDR,SFDVKD,ATRRPGQQETQY,1
CINGVCWTV,DSSSTYIFSNMDMADHGGATNKLIMGHRAYSYEKLASSTGAGVNEQY,DSSSTY,IFSNMDM,ADHGGATNKLI,MGHRA,YSYEKL,ASSTGAGVNEQY,0
AVFDRKSDAK,DRGSQSIYSNGDAVGISGGYQKVTMNHEYSVGAGIASSSGTGSPLH,DRGSQS,IYSNGD,AVGISGGYQKVT,MNHEY,SVGAGI,ASSSGTGSPLH,0
RAKFKQLL,DSAIYNIQSSQREAVSGFGNVLHDFQATTSNEGSKASARSRVYQETQY,DSAIYN,IQSSQRE,AVSGFGNVLH,DFQATT,SNEGSKA,SARSRVYQETQY,0
ELAGIGILTV,DSASNYIRSNVGEAPWDFNKFYSGHTAFQGTGAASSLQGGTGELF,DSASNY,IRSNVGE,APWDFNKFY,SGHTA,FQGTGA,ASSLQGGTGELF,0
KLGGALQAK,NSASDYIRSNMDKADSGGGADGLTSGHDNFVKESKASSQEGYTEAF,NSASDY,IRSNMDK,ADSGGGADGLT,SGHDN,FVKESK,ASSQEGYTEAF,0
LLWNGPMAV,NIATNDYGYKTKLVGPFMRLGHNAYNFKEQASSQDPDTQY,NIATNDY,GYKTK,LVGPFMR,LGHNA,YNFKEQ,ASSQDPDTQY,0
GILGFVFTL,NSASDYIRSNMDKAETALGNTGKLIMGHRAYSYEKLASSHGKGGNEQF,NSASDY,IRSNMDK,AETALGNTGKLI,MGHRA,YSYEKL,ASSHGKGGNEQF,0
NLVPMVATV,TISGTDYGLTSNIRGGNTPLVPRHDTFYEKMQASSPGLAGTGYEQY,TISGTDY,GLTSN,IRGGNTPLV,PRHDT,FYEKMQ,ASSPGLAGTGYEQY,0
KLGGALQAK,DRGSQSIYSNGDAVNIRGPFMEYGNKLVLNHDASQIVNDASSMLVANYGYT,DRGSQS,IYSNGD,AVNIRGPFMEYGNKLV,LNHDA,SQIVND,ASSMLVANYGYT,0
KLGGALQAK,TSDPSYGQGSYDQQNAMREGQTNFGNEKLTMDHENSYDVKMASSLGAGFLQETQY,TSDPSYG,QGSYDQQN,AMREGQTNFGNEKLT,MDHEN,SYDVKM,ASSLGAGFLQETQY,0
IVTDFSVIK,DRGSQSIYSNGDAVKGGAAGNKLTSGHTAFQGNSAASSLDSAYEQY,DRGSQS,IYSNGD,AVKGGAAGNKLT,SGHTA,FQGNSA,ASSLDSAYEQY,0
NLVPMVATV,SVFSSVVTGGEVAGPYNAGNMLTMNHEYSVGAGIASSYSTGEGAQY,SVFSS,VVTGGEV,AGPYNAGNMLT,MNHEY,SVGAGI,ASSYSTGEGAQY,0
FEDLRVLSF,SVFSSVVTGGEVAHDADSGGGADGLTLGHNAYSLEERASSQGPGGLSIQY,SVFSS,VVTGGEV,AHDADSGGGADGLT,LGHNA,YSLEER,ASSQGPGGLSIQY,0
AVFDRKSDAK,YGATPYYFSGDTLVAVDDTNAGKSTLNHDASHIVNDASSLRSTDTQY,YGATPY,YFSGDTLV,AVDDTNAGKST,LNHDA,SHIVND,ASSLRSTDTQY,0
GILGFVFTL,DRGSQSIYSNGDAVSFGNEKLTFGMDHENSYDVKMAEGQGFVGQPQHFG,DRGSQS,IYSNGD,AVSFGNEKLTFG,MDHEN,SYDVKM,AEGQGFVGQPQHFG,0
KLGGALQAK,TSESDYYQEAYKQQNAYSKLKAAGNKLTSGHDNFVKESKASSQREGTDTQY,TSESDYY,QEAYKQQN,AYSKLKAAGNKLT,SGHDN,FVKESK,ASSQREGTDTQY,0
GILGFVFTL,NSASDYIRSNMDKAENILSSSNTGKLISGDLSYYNGEEASQSAEASTDTQY,NSASDY,IRSNMDK,AENILSSSNTGKLI,SGDLS,YYNGEE,ASQSAEASTDTQY,0
GILGFVFTL,TSINNIRSNEREATDVNNDMRLNHDASQIVNDASSIDPPYEQY,TSINN,IRSNERE,ATDVNNDMR,LNHDA,SQIVND,ASSIDPPYEQY,0
ELAGIGILTV,DRGSQSIYSNGDAVGNSGGYQKVTLGHNAYSLEERASSQDHNRGQGYT,DRGSQS,IYSNGD,AVGNSGGYQKVT,LGHNA,YSLEER,ASSQDHNRGQGYT,1
FEDLRVLSF,NSASQSVYSSGVVGDNNDMRSQVTMANQGSEASVEGVGTSIGEQF,NSASQS,VYSSG,VVGDNNDMR,SQVTM,ANQGSEA,SVEGVGTSIGEQF,0
NLVPMVATV,TSGFNGNVLDGLAVSDSNYQLILGHDTYNNKELASSQELEVYNEQF,TSGFNG,NVLDGL,AVSDSNYQLI,LGHDT,YNNKEL,ASSQELEVYNEQF,0
ELAGIGILTV,DRGSQSIYSNGDAFSGYALNMNHEYSVGEGTASSYTGTGSQPQH,DRGSQS,IYSNGD,AFSGYALN,MNHEY,SVGEGT,ASSYTGTGSQPQH,0
AVFDRKSDAK,SVFSSVVTGGEVAGGGSQGNLISEHNRFQNEAQASSLLSGTSHEQY,SVFSS,VVTGGEV,AGGGSQGNLI,SEHNR,FQNEAQ,ASSLLSGTSHEQY,0
KLGGALQAK,DSSSTYIFSNMDMAEDKDARLMDFQATTSNEGSKASARDRIGNTIY,DSSSTY,IFSNMDM,AEDKDARLM,DFQATT,SNEGSKA,SARDRIGNTIY,0
GILGFVFTL,TRDTTYYRNSFDEQNALSPRPGRRALTMNHEYSVGAGIASSFGQNTGELF,TRDTTYY,RNSFDEQN,ALSPRPGRRALT,MNHEY,SVGAGI,ASSFGQNTGELF,0
GILGFVFTL,NSAFQYTYSSGNAMIKAAGNKLTMNHEYSMNVEVASSINRASEAF,NSAFQY,TYSSGN,AMIKAAGNKLT,MNHEY,SMNVEV,ASSINRASEAF,0
GILGFVFTL,TSINNIRSNEREATDAGARQGGSEKLVMNHEYSMNVEVASSFLAGQETQY,TSINN,IRSNERE,ATDAGARQGGSEKLV,MNHEY,SMNVEV,ASSFLAGQETQY,0
AVFDRKSDAK,TSINNIRSNEREATDAATGRRALTDFQATTSNEGSKASAWTGTEAF,TSINN,IRSNERE,ATDAATGRRALT,DFQATT,SNEGSKA,SAWTGTEAF,0
AVFDRKSDAK,DRGSQSIYSNGDAVTGDDKIIMNHNYSVGAGIASTRQGAYEQY,DRGSQS,IYSNGD,AVTGDDKII,MNHNY,SVGAGI,ASTRQGAYEQY,0
HPVTKYIM,SIFNTLYKAGELAGQLILWGWELPTHSGHNSFNNNVPASSLTNSPYEQY,SIFNT,LYKAGEL,AGQLILWGWELPTH,SGHNS,FNNNVP,ASSLTNSPYEQY,0
NLVPMVATV,NSASQSVYSSGVVNVGYGGSQGNLIMNHNSSASEGTASSGNGQDLQPQH,NSASQS,VYSSG,VVNVGYGGSQGNLI,MNHNS,SASEGT,ASSGNGQDLQPQH,0
LLWNGPMAV,TISGNEYGLKNNITGGGADGLTLNHNVYYDKDFATSRDRLGRGKGTEAF,TISGNEY,GLKNN,ITGGGADGLT,LNHNV,YYDKDF,ATSRDRLGRGKGTEAF,0
GLCTLVAML,TRDTTYYRNSFDEQNALSGEGGSEKLVMGHDKSYGVNSASSETGFGNQPQH,TRDTTYY,RNSFDEQN,ALSGEGGSEKLV,MGHDK,SYGVNS,ASSETGFGNQPQH,0
AVFDRKSDAK,NIATNDYGYKTKLVGEPLGGGGNKLTSGHDTYYEEEEASSLARGTEAF,NIATNDY,GYKTK,LVGEPLGGGGNKLT,SGHDT,YYEEEE,ASSLARGTEAF,0
SPRWYFYYL,DSASNYIRSNVGEAARVRGFGNVLHSGHDTYYEEEEASSLRDGSEAF,DSASNY,IRSNVGE,AARVRGFGNVLH,SGHDT,YYEEEE,ASSLRDGSEAF,0
SPRWYFYYL,TSGFNGNVLDGLAGMDSNYQLIMNHNSSASEGTASGGSTGTNEKLF,TSGFNG,NVLDGL,AGMDSNYQLI,MNHNS,SASEGT,ASGGSTGTNEKLF,0
GILGFVFTL,DSAIYNIQSSQREAVLNNAGNMLTLGHNAYSLEERASSQDFLSNQPQH,DSAIYN,IQSSQRE,AVLNNAGNMLT,LGHNA,YSLEER,ASSQDFLSNQPQH,0
ELAGIGILTV,DRGSQSIYSNGDAVPLAGTGRRALTLNHDASQIVNDASSILGVSTDTQY,DRGSQS,IYSNGD,AVPLAGTGRRALT,LNHDA,SQIVND,ASSILGVSTDTQY,1
SPRWYFYYL,YGGTVNYFSGDPLVAVNSGYSTLTKGHDRSFDVKDATASGTVTDTQY,YGGTVN,YFSGDPLV,AVNSGYSTLT,KGHDR,SFDVKD,ATASGTVTDTQY,0
SPRWYFYYL,NSMFDYISSIKDKAASGGSYIPTMNHEYSVGAGIASSSGPAYEQY,NSMFDY,ISSIKDK,AASGGSYIPT,MNHEY,SVGAGI,ASSSGPAYEQY,0
GILGFVFTL,NIATNDYGYKTKLVGDFPNTDKLISGHATFQNNGVASSLGVAGTNTGELF,NIATNDY,GYKTK,LVGDFPNTDKLI,SGHAT,FQNNGV,ASSLGVAGTNTGELF,0
GILGFVFTL,DSASNYIRSNVGEAASETSYDKVISEHNRFQNEAQASSSLGTAKSPLH,DSASNY,IRSNVGE,AASETSYDKVI,SEHNR,FQNEAQ,ASSSLGTAKSPLH,0
CINGVCWTV,VSGLRGLYSAGEEAGGGSQGNLIMNHEYSMNVEVASSGSPYNEQF,VSGLRG,LYSAGEE,AGGGSQGNLI,MNHEY,SMNVEV,ASSGSPYNEQF,0
AVFDRKSDAK,YGATPYYFSGDTLVAVGLFNFNKFYDFQATTSNEGSKASARDRVGNTIY,YGATPY,YFSGDTLV,AVGLFNFNKFY,DFQATT,SNEGSKA,SARDRVGNTIY,0
SPRWYFYYL,DRGSQSIYSNGDALNTGGFKTILGHNAYNFKEQASSQETSGGASQF,DRGSQS,IYSNGD,ALNTGGFKTI,LGHNA,YNFKEQ,ASSQETSGGASQF,0
KLGGALQAK,DSASNYIRSNVGEAASPRNNDMRLGHNAYNFKEQASSQEGAGADEQF,DSASNY,IRSNVGE,AASPRNNDMR,LGHNA,YNFKEQ,ASSQEGAGADEQF,0
AVFDRKSDAK,TSINNIRSNEREATADSWGKLQSGHRSYFSETQASSLESGDSYNEQF,TSINN,IRSNERE,ATADSWGKLQ,SGHRS,YFSETQ,ASSLESGDSYNEQF,0
RAKFKQLL,DSSSTYIFSNMDMAESLWDDKIISGDLSYYNGEEASSKWDSRNGYT,DSSSTY,IFSNMDM,AESLWDDKII,SGDLS,YYNGEE,ASSKWDSRNGYT,1
ELAGIGILTV,TSGFNGNVLDGLALDNYGQNFVSGHATFQNNGVASSLDPGRGQETQY,TSGFNG,NVLDGL,ALDNYGQNFV,SGHAT,FQNNGV,ASSLDPGRGQETQY,0
KSKRTPMGF,DSSSTYIFSNMDMAETRRVTGGGNKLTMNHEYSVGAGIASSPGDTQY,DSSSTY,IFSNMDM,AETRRVTGGGNKLT,MNHEY,SVGAGI,ASSPGDTQY,0
GILGFVFTL,DSASNYIRSNVGEAATETSYDKVISGHNSFNNNVPASSFSGGASPPNYGYT,DSASNY,IRSNVGE,AATETSYDKVI,SGHNS,FNNNVP,ASSFSGGASPPNYGYT,0
SLFNTVATLY,NSASQSVYSSGVVNVGYGGSQGNLIMNHNSSASEGTASSGNGQDLQPQH,NSASQS,VYSSG,VVNVGYGGSQGNLI,MNHNS,SASEGT,ASSGNGQDLQPQH,0
GILGFVFTL,DSASNYIRSNVGEAASKASGGSYIPTSQVTMANQGSEASVEALGFQGRQQY,DSASNY,IRSNVGE,AASKASGGSYIPT,SQVTM,ANQGSEA,SVEALGFQGRQQY,0
AVFDRKSDAK,DSAIYNIQSSQREADSPDNYGQNFVMDHENSYDVKMASSFGTTSSGGELF,DSAIYN,IQSSQRE,ADSPDNYGQNFV,MDHEN,SYDVKM,ASSFGTTSSGGELF,0
SLFNTVATLY,TSGFNGNVLDGLAVKDSNYQLIMNHEYSVGEGTASSYQEGTGGETQY,TSGFNG,NVLDGL,AVKDSNYQLI,MNHEY,SVGEGT,ASSYQEGTGGETQY,1
ELAGIGILTV,TRDTTYYRNSFDEQNALSGSGGATNKLISGHTAFQGNSAASAHPRASGSTDTQY,TRDTTYY,RNSFDEQN,ALSGSGGATNKLI,SGHTA,FQGNSA,ASAHPRASGSTDTQY,0
KLGGALQAK,VGISALSSGKAVRVLMEYGNKLVMNHEYSVGEGTASSPGLASPYSYNEQF,VGISA,LSSGK,AVRVLMEYGNKLV,MNHEY,SVGEGT,ASSPGLASPYSYNEQF,0
SPRWYFYYL,NSASDYIRSNMDKADSGGGADGLTDFQATTSNEGSKASALWTDSYEQY,NSASDY,IRSNMDK,ADSGGGADGLT,DFQATT,SNEGSKA,SALWTDSYEQY,0
CINGVCWTV,NSMFDYISSIKDKAASARYGGSQGNLIMNHEYSMNVEVASSGQGYNSPLH,NSMFDY,ISSIKDK,AASARYGGSQGNLI,MNHEY,SMNVEV,ASSGQGYNSPLH,0
RAKFKQLL,YGATPYYFSGDTLVAVGLNHMRPRHDTFYEKMQASSLQLASNTGELF,YGATPY,YFSGDTLV,AVGLNHMR,PRHDT,FYEKMQ,ASSLQLASNTGELF,0
FEDLRLLSF,DSVNNIPSGTAGSPSNTGKLILNHDASQIVNDASSIHSGNQPQH,DSVNN,IPSGT,AGSPSNTGKLI,LNHDA,SQIVND,ASSIHSGNQPQH,0
GILGFVFTL,SVFSSVVTGGEVAGPFGRLMMNHEYSMNVEVASSLFPGFGEQY,SVFSS,VVTGGEV,AGPFGRLM,MNHEY,SMNVEV,ASSLFPGFGEQY,1
RAKFKQLL,DRGSQSIYSNGDAGLEYGNKLVSGDLSYYNGEEASSVGVLAGNEQF,DRGSQS,IYSNGD,AGLEYGNKLV,SGDLS,YYNGEE,ASSVGVLAGNEQF,0
GILGFVFTL,TRDTTYYRNSFDEQNALSEDSSASKIIMDHENSYDVKMASEPGQGPGGWSYEQY,TRDTTYY,RNSFDEQN,ALSEDSSASKII,MDHEN,SYDVKM,ASEPGQGPGGWSYEQY,0
GILGFVFTL,DSAIYNIQSSQREAVNSGGGADGLTMNHNSSASEGTASSEDPATNEKLF,DSAIYN,IQSSQRE,AVNSGGGADGLT,MNHNS,SASEGT,ASSEDPATNEKLF,1
ELAGIGILTV,VSGNPYYITGDNLVAVRDPHYGGSQGNLISGHKSYYEKEEASSTGGEVQY,VSGNPY,YITGDNLV,AVRDPHYGGSQGNLI,SGHKS,YYEKEE,ASSTGGEVQY,0
RLPGVLPRA,DSVNNIPSGTAVDHLMNYGGSQGNLILNHDASQIVNDASSTYSQDTQY,DSVNN,IPSGT,AVDHLMNYGGSQGNLI,LNHDA,SQIVND,ASSTYSQDTQY,0
GILGFVFTL,NSASDYIRSNMDKADSGGGADGLTSGHNSFNNNVPASSFSGNTGELF,NSASDY,IRSNMDK,ADSGGGADGLT,SGHNS,FNNNVP,ASSFSGNTGELF,0
VLFGLGFAI,YGATPYYFSGDTLVAVGLNHMRPRHDTFYEKMQASSLQLASNTGELF,YGATPY,YFSGDTLV,AVGLNHMR,PRHDT,FYEKMQ,ASSLQLASNTGELF,0
RAKFKQLL,VSGNPYYITGDNLVAVRDGTGANNLFLNHDASQIVNDASNPSSTDTQY,VSGNPY,YITGDNLV,AVRDGTGANNLF,LNHDA,SQIVND,ASNPSSTDTQY,0
KLGGALQAK,DRGSQSIYSNGDAVEGGKLISQVTMANQGSEASVEGRGTDTQY,DRGSQS,IYSNGD,AVEGGKLI,SQVTM,ANQGSEA,SVEGRGTDTQY,0
GILGFVFTL,SSVPPYYTSAATLVAVSEGGNKLVMDHENSYDVKMASSLSQGALYEQY,SSVPPY,YTSAATLV,AVSEGGNKLV,MDHEN,SYDVKM,ASSLSQGALYEQY,0
RAKFKQLL,SSYSPSYTSAATLVVVSDRNFNKFYENHRYSYGVKDAISESNGADTQY,SSYSPS,YTSAATLV,VVSDRNFNKFY,ENHRY,SYGVKD,AISESNGADTQY,0
LLWNGPMAV,VTNFRSLTSSGIEAVEDYGQNFVDFQATTSNEGSKASARDRNTQGPETQY,VTNFRS,LTSSGIE,AVEDYGQNFV,DFQATT,SNEGSKA,SARDRNTQGPETQY,0
CINGVCWTV,DSSSTYIFSNMDMAEMEGGSYIPTPRHDTFYEKMQASSLMRGGTYNSPLH,DSSSTY,IFSNMDM,AEMEGGSYIPT,PRHDT,FYEKMQ,ASSLMRGGTYNSPLH,0
RLPGVLPRA,VGISALSSGKAVRKFGNEKLTLNHDASHIVNDASSIGLYGYT,VGISA,LSSGK,AVRKFGNEKLT,LNHDA,SHIVND,ASSIGLYGYT,0
IVTDFSVIK,TRDTTYYRNSFDEQNALSEDAGNMLTSGHATFQNNGVASSWGGGSHYGYT,TRDTTYY,RNSFDEQN,ALSEDAGNMLT,SGHAT,FQNNGV,ASSWGGGSHYGYT,1
KLGGALQAK,DRGSQSIYSNGDAVNWEEQGGSYIPTDFQATTSNEGSKASAPARSEPYEQY,DRGSQS,IYSNGD,AVNWEEQGGSYIPT,DFQATT,SNEGSKA,SAPARSEPYEQY,0
NLVPMVATV,TSGFNGNVLDGLAVRDPGRDYKLSDFQATTSNEGSKASARGHETTGELF,TSGFNG,NVLDGL,AVRDPGRDYKLS,DFQATT,SNEGSKA,SARGHETTGELF,0
IVTDFSVIK,DRGSQSIYSNGDAVNTDSGNTPLVSGHATFQNNGVASSLTQGGYTDTQY,DRGSQS,IYSNGD,AVNTDSGNTPLV,SGHAT,FQNNGV,ASSLTQGGYTDTQY,0
GILGFVFTL,TISGTDYGLTSNIPARGEYGGSQGNLILNHDASQIVNDASSIRSSYEQY,TISGTDY,GLTSN,IPARGEYGGSQGNLI,LNHDA,SQIVND,ASSIRSSYEQY,1
ELAGIGILTV,YGATPYYFSGDTLVAVDYAGEGGGADGLTMNHEYSMNVEVASSLGPVNTEAF,YGATPY,YFSGDTLV,AVDYAGEGGGADGLT,MNHEY,SMNVEV,ASSLGPVNTEAF,0
FEDLRLLSF,TSGFNGNVLDGLAGMDSNYQLIMNHNSSASEGTASGGSTGTNEKLF,TSGFNG,NVLDGL,AGMDSNYQLI,MNHNS,SASEGT,ASGGSTGTNEKLF,0
RAKFKQLL,DSASNYIRSNVGEAASKASGGSYIPTSQVTMANQGSEASVEALGFQGRQQY,DSASNY,IRSNVGE,AASKASGGSYIPT,SQVTM,ANQGSEA,SVEALGFQGRQQY,0
RAKFKQLL,VSPFSNMTFSENTVASYGGSQGNLILNHDASHIVNDASSTRSTSPGH,VSPFSN,MTFSENT,VASYGGSQGNLI,LNHDA,SHIVND,ASSTRSTSPGH,0
KLGGALQAK,NSASQSVYSSGVVNTGNQFYLGHDTYNNKELASSQTSSGHQETQY,NSASQS,VYSSG,VVNTGNQFY,LGHDT,YNNKEL,ASSQTSSGHQETQY,1
KLGGALQAK,VSGNPYYITGDNLVAVAKDLQNSGGGADGLTLNHNVYYDKDFATSYEDNSGANVLT,VSGNPY,YITGDNLV,AVAKDLQNSGGGADGLT,LNHNV,YYDKDF,ATSYEDNSGANVLT,0
GILGFVFTL,DRGSQSIYSNGDAVNAGNDMRMNHEYSVGEGTASSYGQGWGYT,DRGSQS,IYSNGD,AVNAGNDMR,MNHEY,SVGEGT,ASSYGQGWGYT,0
ELAGIGILTV,DRGSQSIYSNGDAVGSNDYKLSSGHDTYYEEEEASSFGGRSYEQY,DRGSQS,IYSNGD,AVGSNDYKLS,SGHDT,YYEEEE,ASSFGGRSYEQY,0
KLGGALQAK,SIFNTLYKAGELAGRELEAGGTSYGKLTSGHDTYYEEEEASSLRDGSEAF,SIFNT,LYKAGEL,AGRELEAGGTSYGKLT,SGHDT,YYEEEE,ASSLRDGSEAF,0
RLPGVLPRA,TSGFNGNVLDGLAVYSGGYQKVTSGDLSYYNGEEASSVDLGGETQY,TSGFNG,NVLDGL,AVYSGGYQKVT,SGDLS,YYNGEE,ASSVDLGGETQY,0
RAKFKQLL,SIFNTLYKAGELAGLDFGNEKLTSEHNRFQNEAQASSLATSPLMNTEAF,SIFNT,LYKAGEL,AGLDFGNEKLT,SEHNR,FQNEAQ,ASSLATSPLMNTEAF,0
AVFDRKSDAK,VGISALSSGKAVAGSGGSNYKLTSGHRSYFSETQASSLEASGPYNEQF,VGISA,LSSGK,AVAGSGGSNYKLT,SGHRS,YFSETQ,ASSLEASGPYNEQF,0
AVFDRKSDAK,SVFSSVVTGGEVAGAVWNFNKFYLGHDTYNNKELASSPRGRGEDGYT,SVFSS,VVTGGEV,AGAVWNFNKFY,LGHDT,YNNKEL,ASSPRGRGEDGYT,0
IVTDFSVIK,VGISALSSGKAVRVLMEYGNKLVMNHEYSVGEGTASSPGLASPYSYNEQF,VGISA,LSSGK,AVRVLMEYGNKLV,MNHEY,SVGEGT,ASSPGLASPYSYNEQF,0
AVFDRKSDAK,YGATPYYFSGDTLVAVGNLDGGSQGNLISGHKSYYEKEEASVGSYNEQF,YGATPY,YFSGDTLV,AVGNLDGGSQGNLI,SGHKS,YYEKEE,ASVGSYNEQF,0
ATDALMTGF,SSVPPYYTSAATLVAVTFTGNTPLVLNHDASQIVNDASSTRSQETQY,SSVPPY,YTSAATLV,AVTFTGNTPLV,LNHDA,SQIVND,ASSTRSQETQY,0
GILGFVFTL,TSGFNGNVLDGLAVRGLGGKLISEHNRFQNEAQASSLAVAGTVLEQY,TSGFNG,NVLDGL,AVRGLGGKLI,SEHNR,FQNEAQ,ASSLAVAGTVLEQY,0
KLGGALQAK,NSASQSVYSSGVVFNFNKFYKGHSHLQKENIASSPDGGHSTDTQY,NSASQS,VYSSG,VVFNFNKFY,KGHSH,LQKENI,ASSPDGGHSTDTQY,0
RAKFKQLL,TSINNIRSNEREATDDLGLTTDSWGKFQLNHDASQIVNDASSIFGSSNQPQH,TSINN,IRSNERE,ATDDLGLTTDSWGKFQ,LNHDA,SQIVND,ASSIFGSSNQPQH,0
KLGGALQAK,SVFSSVVTGGEVAHDADSGGGADGLTLGHNAYSLEERASSQGPGGLSIQY,SVFSS,VVTGGEV,AHDADSGGGADGLT,LGHNA,YSLEER,ASSQGPGGLSIQY,1
RAKFKQLL,VSNAYNGSKPAVEDYNKFYSGHDYFNNNVPASGRLSYNEQF,VSNAYN,GSKP,AVEDYNKFY,SGHDY,FNNNVP,ASGRLSYNEQF,1
KLGGALQAK,DRGSQSIYSNGDAVGAPTNDYKLSMNHEYSMNVEVASSPGTGAYEQY,DRGSQS,IYSNGD,AVGAPTNDYKLS,MNHEY,SMNVEV,ASSPGTGAYEQY,0
GILGFVFTL,TRDTTYYRNSFDEQNALSVIKAAGNKLTSGHVSFQNEAQASSPLPRLAGEETQY,TRDTTYY,RNSFDEQN,ALSVIKAAGNKLT,SGHVS,FQNEAQ,ASSPLPRLAGEETQY,0
RAKFKQLL,DRGSQSIYSNGDAVGTAWRSGGGADGLTFGLNHDASQIVNDASSRRSSGELFFG,DRGSQS,IYSNGD,AVGTAWRSGGGADGLTFG,LNHDA,SQIVND,ASSRRSSGELFFG,0
ELAGIGILTV,TSGFNGNVLDGLAVRAGGGNKLTDFQATTSNEGSKASARDLGGPNTGELF,TSGFNG,NVLDGL,AVRAGGGNKLT,DFQATT,SNEGSKA,SARDLGGPNTGELF,0
GILGFVFTL,DRGSQSIYSNGDAVMDGQKLLLGHNAYSLEERASSRQGVGQPQH,DRGSQS,IYSNGD,AVMDGQKLL,LGHNA,YSLEER,ASSRQGVGQPQH,1
RLRAEAQVK,VGISALSSGKAVRKFGNEKLTLNHDASHIVNDASSIGLYGYT,VGISA,LSSGK,AVRKFGNEKLT,LNHDA,SHIVND,ASSIGLYGYT,0
DATYQRTRALVR,VSGNPYYITGDNLVAVRGYRDDKIIMNHEYSVGEGTAIRGAGGSRRDEQF,VSGNPY,YITGDNLV,AVRGYRDDKII,MNHEY,SVGEGT,AIRGAGGSRRDEQF,0
RAKFKQLL,SSYSPSYTSAATLVVVSDVNTDKLISGHDTYYEEEEASSLRDGSEAF,SSYSPS,YTSAATLV,VVSDVNTDKLI,SGHDT,YYEEEE,ASSLRDGSEAF,1
RAKFKQLL,SVFSSVVTGGEVALEGGGADGLTFGMNHNSSASEGTASSEAELLSSYNEQFFG,SVFSS,VVTGGEV,ALEGGGADGLTFG,MNHNS,SASEGT,ASSEAELLSSYNEQFFG,0
AVFDRKSDAK,YGATPYYFSGDTLVAVGPFSGGYNKLIMNHEYSVGEGTASLPVAGGYNEQF,YGATPY,YFSGDTLV,AVGPFSGGYNKLI,MNHEY,SVGEGT,ASLPVAGGYNEQF,0
GILGFVFTL,DRGSQSIYSNGDAGRNYNQGGKLISGHVSFQNEAQASSSPEGQPLNTGELF,DRGSQS,IYSNGD,AGRNYNQGGKLI,SGHVS,FQNEAQ,ASSSPEGQPLNTGELF,0
GILGFVFTL,DRGSQSIYSNGDAVKDQFYLGHNAYSLEERASSQGTGEGYGYT,DRGSQS,IYSNGD,AVKDQFY,LGHNA,YSLEER,ASSQGTGEGYGYT,0
DATYQRTRALVR,DSSSTYIFSNMDMAEMAGANNLFLNHDASQIVNDASSAWEGAEAF,DSSSTY,IFSNMDM,AEMAGANNLF,LNHDA,SQIVND,ASSAWEGAEAF,0
RAKFKQLL,VSGNPYYITGDNLVAVRDMLGFNKFYMRHNASNTAGTASSPTGSDTGELF,VSGNPY,YITGDNLV,AVRDMLGFNKFY,MRHNA,SNTAGT,ASSPTGSDTGELF,0
IVTDFSVIK,DSAIYNIQSSQREAVRPTGGFKTISGHATFQNNGVASSPSGQLEKLF,DSAIYN,IQSSQRE,AVRPTGGFKTI,SGHAT,FQNNGV,ASSPSGQLEKLF,0
IVTDFSVIK,DRGSQSIYSNGDAVNWEEQGGSYIPTKGHDRSFDVKDATSDRLAGGELF,DRGSQS,IYSNGD,AVNWEEQGGSYIPT,KGHDR,SFDVKD,ATSDRLAGGELF,0
KLGGALQAK,DSSSTYIFSNMDMAESIRNNDMRDFQATTSNEGSKASARAYSSYEQY,DSSSTY,IFSNMDM,AESIRNNDMR,DFQATT,SNEGSKA,SARAYSSYEQY,1
GPRLGVRAT,TRDTTYYRNSFDEQNALSEASLVDSNYQLILNHDASQIVNDASSPTSGGYNEQF,TRDTTYY,RNSFDEQN,ALSEASLVDSNYQLI,LNHDA,SQIVND,ASSPTSGGYNEQF,0
LLWNGPMAV,TSGFNGNVLDGLAVRGSGGYNKLISNHLYFYNNEIASHATGAYGYT,TSGFNG,NVLDGL,AVRGSGGYNKLI,SNHLY,FYNNEI,ASHATGAYGYT,0
RLPGVLPRA,DSSSTYIFSNMDMAESQGNLISGHDNFVKESKASSQSPGGEQF,DSSSTY,IFSNMDM,AESQGNLI,SGHDN,FVKESK,ASSQSPGGEQF,1
GILGFVFTL,TSGFYGNALDGLAVRDGDRDDKIIMNHEYSVGEGTASSYLGQGDAYGYT,TSGFYG,NALDGL,AVRDGDRDDKII,MNHEY,SVGEGT,ASSYLGQGDAYGYT,0
GILGFVFTL,VSPFSNMTFSENTVGYTNAGKSTLNHDASQIVNDASSARSSYEQY,VSPFSN,MTFSENT,VGYTNAGKST,LNHDA,SQIVND,ASSARSSYEQY,0
IVTDFSVIK,DSSSTYIFSNMDMSTGGGNKLTLNHNVYYDKDFATSIEGNTGELF,DSSSTY,IFSNMDM,STGGGNKLT,LNHNV,YYDKDF,ATSIEGNTGELF,0
GILGFVFTL,SIFNTLYKAGELAGHTGNQFYSEHNRFQNEAQASSPVTGGGSGANVLT,SIFNT,LYKAGEL,AGHTGNQFY,SEHNR,FQNEAQ,ASSPVTGGGSGANVLT,0
AVFDRKSDAK,TSINNIRSNEREATDDLGLTTDSWGKFQLNHDASQIVNDASSIFGSSNQPQH,TSINN,IRSNERE,ATDDLGLTTDSWGKFQ,LNHDA,SQIVND,ASSIFGSSNQPQH,0
AVFDRKSDAK,YGGTVNYFSGDPLVAVICNDYKLSDFQATTSNEGSKASADGTHTPTDTQY,YGGTVN,YFSGDPLV,AVICNDYKLS,DFQATT,SNEGSKA,SADGTHTPTDTQY,1
GILGFVFTL,DSASNYIRSNVGEAPWGFNKFYSGHTAFQGTGAASSLMATDTQY,DSASNY,IRSNVGE,APWGFNKFY,SGHTA,FQGTGA,ASSLMATDTQY,0
KLGGALQAK,SSYSPSYTSAATLVVVANGFKTISGHDNFVKESKASSRLAGGNTGELF,SSYSPS,YTSAATLV,VVANGFKTI,SGHDN,FVKESK,ASSRLAGGNTGELF,0
KLGGALQAK,TISGTDYGLTSNILRGNQFYSGHRSYFSETQASSPSLLEGNSYEQY,TISGTDY,GLTSN,ILRGNQFY,SGHRS,YFSETQ,ASSPSLLEGNSYEQY,0
LLWNGPMAV,DRGSQSIYSNGDAVNADKIIMDHENSYDVKMASTQIFGNYGYT,DRGSQS,IYSNGD,AVNADKII,MDHEN,SYDVKM,ASTQIFGNYGYT,0
ELAGIGILTV,YGGTVNYFSGDPLVALNTGGFKTIMNHEYSMNVEVASSLFPDNYGYT,YGGTVN,YFSGDPLV,ALNTGGFKTI,MNHEY,SMNVEV,ASSLFPDNYGYT,0
RAKFKQLL,TSGFNGNVLDGLAVRDSNYQLIMRHNASNTAGTASSDSTSGGNEQF,TSGFNG,NVLDGL,AVRDSNYQLI,MRHNA,SNTAGT,ASSDSTSGGNEQF,0
IVTDFSVIK,TSINNIRSNEREASTGTASKLTSGDLSYYNGEEASSVGTSDTDTQY,TSINN,IRSNERE,ASTGTASKLT,SGDLS,YYNGEE,ASSVGTSDTDTQY,0
GILGFVFTL,DSSSTYIFSNMDMAEGETSYDKVISGHNSFNNNVPASRILDRGEAGELF,DSSSTY,IFSNMDM,AEGETSYDKVI,SGHNS,FNNNVP,ASRILDRGEAGELF,0
KLGGALQAK,TSGFNGNVLDGLAVNRDNARLMSGHNSFNNNVPASRKQGSDTGELF,TSGFNG,NVLDGL,AVNRDNARLM,SGHNS,FNNNVP,ASRKQGSDTGELF,0
KLGGALQAK,TRDTTYYRNSFDEQNALSGDDYKLSSGDLSYYNGEEASSVASGRAHEQY,TRDTTYY,RNSFDEQN,ALSGDDYKLS,SGDLS,YYNGEE,ASSVASGRAHEQY,0
IVTDFSVIK,SIFNTLYKAGELAGQLSGGYQKVTDFQATTSNEGSKASARDQLREDNYGYT,SIFNT,LYKAGEL,AGQLSGGYQKVT,DFQATT,SNEGSKA,SARDQLREDNYGYT,0
SPRWYFYYL,DSASNYIRSNVGEAATETSYDKVISGHNTYYREEEASKRQGSLSYEQY,DSASNY,IRSNVGE,AATETSYDKVI,SGHNT,YYREEE,ASKRQGSLSYEQY,0
AVFDRKSDAK,YGATPYYFSGDTLVAVGAGTNAGKSTMGHRAYSYEKLASSQESGTEAF,YGATPY,YFSGDTLV,AVGAGTNAGKST,MGHRA,YSYEKL,ASSQESGTEAF,0
HPVTKYIM,TRDTTYYRNSFDEQNALSEASLVDSNYQLILNHDASQIVNDASSPTSGGYNEQF,TRDTTYY,RNSFDEQN,ALSEASLVDSNYQLI,LNHDA,SQIVND,ASSPTSGGYNEQF,0
RAKFKQLL,YSGSPEHISRAPVMNHNSSASEGTASSEQYTEAF,YSGSPE,HISR,APV,MNHNS,SASEGT,ASSEQYTEAF,0
ELAGIGILTV,DRGSQSIYSNGDAVNGGNKLVMDHENSYDVKMASSPSGVVQPQH,DRGSQS,IYSNGD,AVNGGNKLV,MDHEN,SYDVKM,ASSPSGVVQPQH,1
AVFDRKSDAK,DSAIYNIQSSQREAVYAGGADGLTSGHTAFQGTGAASSPTPSGYEQY,DSAIYN,IQSSQRE,AVYAGGADGLT,SGHTA,FQGTGA,ASSPTPSGYEQY,1
KLGGALQAK,DRGSQSIYSNGDAVEAGGTSYGKLTDFQATTSNEGSKASASDVGLNQPQH,DRGSQS,IYSNGD,AVEAGGTSYGKLT,DFQATT,SNEGSKA,SASDVGLNQPQH,0
GILGFVFTL,YGGTVNYFSGDPLVAVNAQGGGSTLGRLYLNHDASQIVNDASSIHGLETQY,YGGTVN,YFSGDPLV,AVNAQGGGSTLGRLY,LNHDA,SQIVND,ASSIHGLETQY,1
RAKFKQLL,DSAIYNIQSSQREAVNPYSGAGSYQLTSNHLYFYNNEIASSDGPAYEQY,DSAIYN,IQSSQRE,AVNPYSGAGSYQLT,SNHLY,FYNNEI,ASSDGPAYEQY,0
RAKFKQLL,DSSSTYIFSNMDMAEILDFGNEKLTDFQATTSNEGSKASARDPSGVKLF,DSSSTY,IFSNMDM,AEILDFGNEKLT,DFQATT,SNEGSKA,SARDPSGVKLF,0
ELAGIGILTV,DSAIYNIQSSQREAVPNTNAGKSTLNHDASHIVNDASSSRSGNEKLF,DSAIYN,IQSSQRE,AVPNTNAGKST,LNHDA,SHIVND,ASSSRSGNEKLF,0
GILGFVFTL,SVFSSVVTGGEVALEGGGADGLTFGMNHNSSASEGTASSEAELLSSYNEQFFG,SVFSS,VVTGGEV,ALEGGGADGLTFG,MNHNS,SASEGT,ASSEAELLSSYNEQFFG,0
GILGFVFTL,DRGSQSIYSNGDAVNVGGSYIPTMNHEYSVGAGIASTQGLGAEQY,DRGSQS,IYSNGD,AVNVGGSYIPT,MNHEY,SVGAGI,ASTQGLGAEQY,0
AVFDRKSDAK,DRGSQSIYSNGDAVTNYGGSQGNLIKGHDRSFDVKDATRRPGQQETQY,DRGSQS,IYSNGD,AVTNYGGSQGNLI,KGHDR,SFDVKD,ATRRPGQQETQY,0
RPPIFIRRL,DSASNYIRSNVGEAAMETSYDKVIKGHSHLQKENIASSPRKDSTGELF,DSASNY,IRSNVGE,AAMETSYDKVI,KGHSH,LQKENI,ASSPRKDSTGELF,0
GILGFVFTL,DSSSTYIFSNMDMAERRNAGNNRKLILNHNVYYDKDFATSTGGGYEQY,DSSSTY,IFSNMDM,AERRNAGNNRKLI,LNHNV,YYDKDF,ATSTGGGYEQY,0
ELAGIGILTV,NSASQSVYSSGVVNHFRDDKIILGHNAYSLEERASSQTGFPTTNEKLF,NSASQS,VYSSG,VVNHFRDDKII,LGHNA,YSLEER,ASSQTGFPTTNEKLF,0
GILGFVFTL,VSGNPYYITGDNLVAVRGPMNTGFQKLVMNHEYSMNVEVASSPPQFTEAF,VSGNPY,YITGDNLV,AVRGPMNTGFQKLV,MNHEY,SMNVEV,ASSPPQFTEAF,0
AVFDRKSDAK,TRDTTYYRNSFDEQNALSPRPGRRALTMNHEYSVGAGIASSFGQNTGELF,TRDTTYY,RNSFDEQN,ALSPRPGRRALT,MNHEY,SVGAGI,ASSFGQNTGELF,0
RAKFKQLL,DSAIYNIQSSQREAVVGSDYKLSMNHEYSMNVEVASSSGTPLNGYT,DSAIYN,IQSSQRE,AVVGSDYKLS,MNHEY,SMNVEV,ASSSGTPLNGYT,0
GILGFVFTL,DSVNNIPSGTAGSPSNTGKLISGHTAFQGNSAASSPRDRERGEQY,DSVNN,IPSGT,AGSPSNTGKLI,SGHTA,FQGNSA,ASSPRDRERGEQY,1
RAKFKQLL,TSGFNGNVLDGLAVSGEGGKLISGHNTYYREEEASSLGRDRGDDEQY,TSGFNG,NVLDGL,AVSGEGGKLI,SGHNT,YYREEE,ASSLGRDRGDDEQY,0
ELAGIGILTV,TSINNIRSNEREATDDQGAQKLVSGDLSYYNGEEASSVGGVPYNEQF,TSINN,IRSNERE,ATDDQGAQKLV,SGDLS,YYNGEE,ASSVGGVPYNEQF,0
GLCTLVAML,TSGFYGNALDGLAVKAAGNKLTLGHDTYNNKELASSQDLQGVKNAEAF,TSGFYG,NALDGL,AVKAAGNKLT,LGHDT,YNNKEL,ASSQDLQGVKNAEAF,0
GILGFVFTL,TSENNYYQEAYKQQNAFSYNNNDMRMGHRAYSYEKLASSQETGIYTQY,TSENNYY,QEAYKQQN,AFSYNNNDMR,MGHRA,YSYEKL,ASSQETGIYTQY,0
KLGGALQAK,DSASNYIRSNVGEAARETSYDKVISGHNSFNNNVPASSFSLDKPTNTGELF,DSASNY,IRSNVGE,AARETSYDKVI,SGHNS,FNNNVP,ASSFSLDKPTNTGELF,0
RLPGVLPRA,NSASDYIRSNMDKADPTDSWGKLQSGHDNFVKESKASSLIGLAEQF,NSASDY,IRSNMDK,ADPTDSWGKLQ,SGHDN,FVKESK,ASSLIGLAEQF,1
RAKFKQLL,NIATNDYGYKTKLVGDPFYSSASKIISGHNSFNNNVPASSFSGNTGELF,NIATNDY,GYKTK,LVGDPFYSSASKII,SGHNS,FNNNVP,ASSFSGNTGELF,1
LLWNGPMAV,TSINNIRSNEREATDRDQGAQKLVLGHNAYNFKEQASSQEVGIWQTQY,TSINN,IRSNERE,ATDRDQGAQKLV,LGHNA,YNFKEQ,ASSQEVGIWQTQY,0
DATYQRTRALVR,DSVNNIPSGTAVDHLMNYGGSQGNLILNHDASQIVNDASSTYSQDTQY,DSVNN,IPSGT,AVDHLMNYGGSQGNLI,LNHDA,SQIVND,ASSTYSQDTQY,0
KLGGALQAK,NIATNDYGYKTKLVGVRRSNDYKLSLGHDTYNNKELASSQEAGFWGEQY,NIATNDY,GYKTK,LVGVRRSNDYKLS,LGHDT,YNNKEL,ASSQEAGFWGEQY,0
CINGVCWTV,DRGSQSIYSNGDAVRDNQGGKLISGHDTYYEEEEASSTRDRQGLPYEQY,DRGSQS,IYSNGD,AVRDNQGGKLI,SGHDT,YYEEEE,ASSTRDRQGLPYEQY,0
GILGFVFTL,TRDTTYYRNSFDEQNALMGDNNARLMENHRYSYGVKDAISATGVETQY,TRDTTYY,RNSFDEQN,ALMGDNNARLM,ENHRY,SYGVKD,AISATGVETQY,0
GILGFVFTL,DRGSQSIYSNGDAVGGNNRLASNHLYFYNNEIASSEDFSGNTIY,DRGSQS,IYSNGD,AVGGNNRLA,SNHLY,FYNNEI,ASSEDFSGNTIY,0
IVTDFSVIK,TSENNYYQEAYKQQNAFMKGAGGTSYGKLTLGHNAYSLEERASSQEIGFSPLH,TSENNYY,QEAYKQQN,AFMKGAGGTSYGKLT,LGHNA,YSLEER,ASSQEIGFSPLH,0
RAKFKQLL,VSNAYNGSKPAVPFSGGYNKLIMNHEYSVGEGTASSKTGTSSYNEQF,VSNAYN,GSKP,AVPFSGGYNKLI,MNHEY,SVGEGT,ASSKTGTSSYNEQF,0
LLWNGPMAV,VGISALSSGKAVAGSGGSNYKLTSGHRSYFSETQASSLEASGPYNEQF,VGISA,LSSGK,AVAGSGGSNYKLT,SGHRS,YFSETQ,ASSLEASGPYNEQF,0
IVTDFSVIK,TTSDRLLSNGAVAPGNTGKLISEHNRFQNEAQASSLGRDLNQPQH,TTSDR,LLSNGAV,APGNTGKLI,SEHNR,FQNEAQ,ASSLGRDLNQPQH,0
RAKFKQLL,TSGFYGNALDGLAVRDQEGNTPLVMDHENSYDVKMASMGGSNEQF,TSGFYG,NALDGL,AVRDQEGNTPLV,MDHEN,SYDVKM,ASMGGSNEQF,0
GILGFVFTL,NSASDYIRSNMDKADPTDSWGKLQSGHDNFVKESKASSLIGLAEQF,NSASDY,IRSNMDK,ADPTDSWGKLQ,SGHDN,FVKESK,ASSLIGLAEQF,0
RLRAEAQVK,DSVNNIPSGTAGSPSNTGKLILNHDASQIVNDASSIHSGNQPQH,DSVNN,IPSGT,AGSPSNTGKLI,LNHDA,SQIVND,ASSIHSGNQPQH,0
AVFDRKSDAK,DSASNYIRSNVGEAYGGSQGNLISNHLYFYNNEIASSEGQVSPGELF,DSASNY,IRSNVGE,AYGGSQGNLI,SNHLY,FYNNEI,ASSEGQVSPGELF,0
KLGGALQAK,SSYSPSYTSAATLVVVSDLGYKLSLNHDASQIVNDASSIRSSYEQY,SSYSPS,YTSAATLV,VVSDLGYKLS,LNHDA,SQIVND,ASSIRSSYEQY,0
KLGGALQAK,TISGTDYGLTSNILRPREDRGSTLGRLYSQVTMANQGSEASVRQGARDNEQF,TISGTDY,GLTSN,ILRPREDRGSTLGRLY,SQVTM,ANQGSEA,SVRQGARDNEQF,0
AVFDRKSDAK,NIATNDYGYKTKLVGDFPNTDKLISGHATFQNNGVASSLGVAGTNTGELF,NIATNDY,GYKTK,LVGDFPNTDKLI,SGHAT,FQNNGV,ASSLGVAGTNTGELF,0
RPPIFIRRL,NYSPAYIRENEKEALVAPGGSYIPTKGHDRSFDVKDATAPGTGRTLKLI,NYSPAY,IRENEKE,ALVAPGGSYIPT,KGHDR,SFDVKD,ATAPGTGRTLKLI,1
KLGGALQAK,YGATPYYFSGDTLVAVGEDSQLTLGHNAYSLEERASSQDSTSGYSREQF,YGATPY,YFSGDTLV,AVGEDSQLT,LGHNA,YSLEER,ASSQDSTSGYSREQF,0
ATDALMTGF,DSASNYIRSNVGEAASIAGGYQKVTSEHNRFQNEAQASSLGQGVFYEQF,DSASNY,IRSNVGE,AASIAGGYQKVT,SEHNR,FQNEAQ,ASSLGQGVFYEQF,0
RAKFKQLL,DSASNYIRSNVGEAASRDGQNFVSGHATFQNNGVASSLDPGRGQETQY,DSASNY,IRSNVGE,AASRDGQNFV,SGHAT,FQNNGV,ASSLDPGRGQETQY,0
KLGGALQAK,YGGTVNYFSGDPLVAVNAQGGGSTLGRLYLNHDASQIVNDASSIHGLETQY,YGGTVN,YFSGDPLV,AVNAQGGGSTLGRLY,LNHDA,SQIVND,ASSIHGLETQY,0
CTELKLSDY,TSINNIRSNEREATPLDSWGKLQLGHDTYNNKELASSHRTTYNEQF,TSINN,IRSNERE,ATPLDSWGKLQ,LGHDT,YNNKEL,ASSHRTTYNEQF,0
GILGFVFTL,TRDTTYYRNSFDEQNALKLIKAAGNKLTGTSNPNSVGIGAWTGTGKIGWDSPLH,TRDTTYY,RNSFDEQN,ALKLIKAAGNKLT,GTSNPN,SVGIG,AWTGTGKIGWDSPLH,0
KLGGALQAK,TSGFNGNVLDGLAVRDSNYQLIMRHNASNTAGTASSDSTSGGNEQF,TSGFNG,NVLDGL,AVRDSNYQLI,MRHNA,SNTAGT,ASSDSTSGGNEQF,0
ELAGIGILTV,NSAFQYTYSSGNAMIKAAGNKLTMNHEYSMNVEVASSINRASEAF,NSAFQY,TYSSGN,AMIKAAGNKLT,MNHEY,SMNVEV,ASSINRASEAF,0
ELAGIGILTV,TRDTTYYRNSFDEQNALSEAVGADGLTSGHNTYYREEEASSLRSRDSPLH,TRDTTYY,RNSFDEQN,ALSEAVGADGLT,SGHNT,YYREEE,ASSLRSRDSPLH,0
AVFDRKSDAK,DSASNYIRSNVGEAASETSYDKVISGHNSFNNNVPASHPRTPIYGYT,DSASNY,IRSNVGE,AASETSYDKVI,SGHNS,FNNNVP,ASHPRTPIYGYT,0
AVFDRKSDAK,SSNFYAMTLNGDEARNTGNQFYGTSNPNSVGIGAWSISDLAKNIQY,SSNFYA,MTLNGDE,ARNTGNQFY,GTSNPN,SVGIG,AWSISDLAKNIQY,0
NLVPMVATV,ATGYPSATKADDKASSSVNEQYMNHEYSVGAGIASSPITGTGAYGYT,ATGYPS,ATKADDK,ASSSVNEQY,MNHEY,SVGAGI,ASSPITGTGAYGYT,1
SPRWYFYYL,DRGSQSIYSNGDAVNGNNNDMRLNHDASQIVNDASAWGGMTNEQY,DRGSQS,IYSNGD,AVNGNNNDMR,LNHDA,SQIVND,ASAWGGMTNEQY,0
GILGFVFTL,NSASDYIRSNMDKAETPSTDSWGKSQLNHDASQIVNDASSMQTSGSAYNEQF,NSASDY,IRSNMDK,AETPSTDSWGKSQ,LNHDA,SQIVND,ASSMQTSGSAYNEQF,0
NLVPMVATV,YGATPYYFSGDTLVAVDYAGEGGGADGLTMNHEYSMNVEVASSLGPVNTEAF,YGATPY,YFSGDTLV,AVDYAGEGGGADGLT,MNHEY,SMNVEV,ASSLGPVNTEAF,0
NLVPMVATV,DSASNYIRSNVGEAAINTGTASKLTMNHEYSMNVEVASSSPGPREKLF,DSASNY,IRSNVGE,AAINTGTASKLT,MNHEY,SMNVEV,ASSSPGPREKLF,0
CINGVCWTV,DRGSQSIYSNGDAVSASKIISGHATFQNNGVASNTGTDSYEQY,DRGSQS,IYSNGD,AVSASKII,SGHAT,FQNNGV,ASNTGTDSYEQY,0
RAKFKQLL,DRGSQSIYSNGDAVRTYKYILGHNAYNFKEQASSQEEGPSNQPQH,DRGSQS,IYSNGD,AVRTYKYI,LGHNA,YNFKEQ,ASSQEEGPSNQPQH,0
ELAGIGILTV,DSASNYIRSNVGEAARETSYDKVISEHNRFQNEAQASSLVGTKRETQY,DSASNY,IRSNVGE,AARETSYDKVI,SEHNR,FQNEAQ,ASSLVGTKRETQY,0
KLGGALQAK,TRDTTYYRNSFDEQNALSEPNSGGGADGLTSGHTAFQGNSAASSSGVGNEQF,TRDTTYY,RNSFDEQN,ALSEPNSGGGADGLT,SGHTA,FQGNSA,ASSSGVGNEQF,0
GILGFVFTL,NSASDYIRSNMDKADSGGGADGLTSQVTMANQGSEASAGQGPYEQY,NSASDY,IRSNMDK,ADSGGGADGLT,SQVTM,ANQGSEA,SAGQGPYEQY,0
RAKFKQLL,YGATPYYFSGDTLVAVGDNFNKFYSGHRSYFSETQASSYGTGENTEAF,YGATPY,YFSGDTLV,AVGDNFNKFY,SGHRS,YFSETQ,ASSYGTGENTEAF,1
IVTDFSVIK,TSGFNGNVLDGLACRGFKTISGHNTYYREEEASSLGLEGGNEQF,TSGFNG,NVLDGL,ACRGFKTI,SGHNT,YYREEE,ASSLGLEGGNEQF,0
FEDLRLLSF,DRGSQSIYSNGDAVRDNQGGKLISGHDTYYEEEEASSTRDRQGLPYEQY,DRGSQS,IYSNGD,AVRDNQGGKLI,SGHDT,YYEEEE,ASSTRDRQGLPYEQY,0
GILGFVFTL,NSMFDYISSIKDKAASGGSNYKLTLGHDTYNNKELASSQEVMTALQPDYGYT,NSMFDY,ISSIKDK,AASGGSNYKLT,LGHDT,YNNKEL,ASSQEVMTALQPDYGYT,0
ELAGIGILTV,TRDTTYYRNSFDEQNGGPSSNTGKLILNHDASQIVNDASSARSAETQY,TRDTTYY,RNSFDEQN,GGPSSNTGKLI,LNHDA,SQIVND,ASSARSAETQY,0
RAKFKQLL,TSGFNGNVLDGLAVNRDNARLMMGHRAYSYEKLASSAGVDNNEQF,TSGFNG,NVLDGL,AVNRDNARLM,MGHRA,YSYEKL,ASSAGVDNNEQF,0
GILGFVFTL,TRDTTYYRNSFDEQNALSDLNQAGTALISGHVSFQNEAQASSYGIAGKETQY,TRDTTYY,RNSFDEQN,ALSDLNQAGTALI,SGHVS,FQNEAQ,ASSYGIAGKETQY,1
GILGFVFTL,DRGSQSIYSNGDAVNKGGGSQGNLISGHTSYYEKEEASSLVSLNYGYT,DRGSQS,IYSNGD,AVNKGGGSQGNLI,SGHTS,YYEKEE,ASSLVSLNYGYT,1
RAKFKQLL,YGATPYYFSGDTLVAVFLYGNNRLASQVTMANQGSEASVSASGGDEQY,YGATPY,YFSGDTLV,AVFLYGNNRLA,SQVTM,ANQGSEA,SVSASGGDEQY,0
RAKFKQLL,KTLYGLQKGGEEGAPTSSNTGKLIMNHEYSMNVEVASSPSGVWRDETQY,KTLYG,LQKGGEE,GAPTSSNTGKLI,MNHEY,SMNVEV,ASSPSGVWRDETQY,0
RLPGVLPRA,VSGNPYYITGDNLVAVRNNNARLMSGHDYFNNNVPASSIVNEAF,VSGNPY,YITGDNLV,AVRNNNARLM,SGHDY,FNNNVP,ASSIVNEAF,0
NLVPMVATV,VSGNPYYITGDNLVAVSYSGAGSYQLTSGDLSYYNGEEASSGGGLAYNEQF,VSGNPY,YITGDNLV,AVSYSGAGSYQLT,SGDLS,YYNGEE,ASSGGGLAYNEQF,0
RAKFKQLL,TISGTDYGLTSNILRKAFFMKTSYDKVISGHDTYYEEEEASSLALAPRSYNEQF,TISGTDY,GLTSN,ILRKAFFMKTSYDKVI,SGHDT,YYEEEE,ASSLALAPRSYNEQF,0
KLGGALQAK,TTLSNLVKSGEVAGRSRSNDYKLSSGDLSYYNGEEASSPSTGETAEAF,TTLSN,LVKSGEV,AGRSRSNDYKLS,SGDLS,YYNGEE,ASSPSTGETAEAF,0
KLGGALQAK,SSVPPYYTSAATLVAVSAGDYKLSKGHDRSFDVKDATSDSVAGNQPQH,SSVPPY,YTSAATLV,AVSAGDYKLS,KGHDR,SFDVKD,ATSDSVAGNQPQH,0
KLGGALQAK,VGISALSSGKAVKGSYSGGGADGLTSGHTAFQGNSAASSLRSGTGELF,VGISA,LSSGK,AVKGSYSGGGADGLT,SGHTA,FQGNSA,ASSLRSGTGELF,0
RLRAEAQVK,SSVSVYYLSGSTLVAVSDPDTDKLIMNHNSSASEGTASSDWTNTGELF,SSVSVY,YLSGSTLV,AVSDPDTDKLI,MNHNS,SASEGT,ASSDWTNTGELF,0
GPRLGVRAT,YSGSPEHISRALRGYGQNFVLGHNAYSLEERASSQDAPGQGSDEQF,YSGSPE,HISR,ALRGYGQNFV,LGHNA,YSLEER,ASSQDAPGQGSDEQF,1
GILGFVFTL,VSPFSNMTFSENTVGRDTGRRALTMDHENSYDVKMASSSLTGQSQETQY,VSPFSN,MTFSENT,VGRDTGRRALT,MDHEN,SYDVKM,ASSSLTGQSQETQY,0
KLGGALQAK,DRGSQSIYSNGDAVMDGQKLLLGHNAYSLEERASSRQGVGQPQH,DRGSQS,IYSNGD,AVMDGQKLL,LGHNA,YSLEER,ASSRQGVGQPQH,0
ELAGIGILTV,SSVPPYYTSAATLVAVSADSGGSNYKLTKGHDRSFDVKDATSDLPYIGTRLNEQF,SSVPPY,YTSAATLV,AVSADSGGSNYKLT,KGHDR,SFDVKD,ATSDLPYIGTRLNEQF,0
NLVPMVATV,NSASQSVYSSGVVFNFNKFYKGHSHLQKENIASSPDGGHSTDTQY,NSASQS,VYSSG,VVFNFNKFY,KGHSH,LQKENI,ASSPDGGHSTDTQY,0
SPRWYFYYL,TISGNEYGLKNNIVRVRGGSNYKLTSGHDNFVKESKASSQLLAGGFSQTDTQY,TISGNEY,GLKNN,IVRVRGGSNYKLT,SGHDN,FVKESK,ASSQLLAGGFSQTDTQY,0
KLGGALQAK,VSNAYNGSKPAVEGSSGSARQLTMNHEYSMNVEVASSSDGNEQF,VSNAYN,GSKP,AVEGSSGSARQLT,MNHEY,SMNVEV,ASSSDGNEQF,0
RAKFKQLL,TSDPSYGQGSYDQQNAMREGQTNFGNEKLTMDHENSYDVKMASSLGAGFLQETQY,TSDPSYG,QGSYDQQN,AMREGQTNFGNEKLT,MDHEN,SYDVKM,ASSLGAGFLQETQY,0
KLGGALQAK,TSGFYGNALDGLAVRDQEGNTPLVMDHENSYDVKMASMGGSNEQF,TSGFYG,NALDGL,AVRDQEGNTPLV,MDHEN,SYDVKM,ASMGGSNEQF,0
GILGFVFTL,TSGFNGNVLDGLAVFRGRDDKIIMNHEYSMNVEVASSARQGIYYEQY,TSGFNG,NVLDGL,AVFRGRDDKII,MNHEY,SMNVEV,ASSARQGIYYEQY,0
GILGFVFTL,NSASDYIRSNMDKAENMGGGSQGNLILNHDASQIVNDASSIRAGETQY,NSASDY,IRSNMDK,AENMGGGSQGNLI,LNHDA,SQIVND,ASSIRAGETQY,1
ELAGIGILTV,TSGFNGNVLDGLAVRDPGRDYKLSDFQATTSNEGSKASARGHETTGELF,TSGFNG,NVLDGL,AVRDPGRDYKLS,DFQATT,SNEGSKA,SARGHETTGELF,0
GILGFVFTL,DSSSTYIFSNMDMAESIGKLISQVTMANQGSEASVGAGGTNEKLF,DSSSTY,IFSNMDM,AESIGKLI,SQVTM,ANQGSEA,SVGAGGTNEKLF,0
AVFDRKSDAK,TISGTDYGLTSNILRDTSGNTPLVSNHLYFYNNEIASSEMTGELYEQY,TISGTDY,GLTSN,ILRDTSGNTPLV,SNHLY,FYNNEI,ASSEMTGELYEQY,0
IVTDFSVIK,DRGSQSIYSNGDAVNADYGGATNKLIMNHEYSMNVEVASSPPQFTEAF,DRGSQS,IYSNGD,AVNADYGGATNKLI,MNHEY,SMNVEV,ASSPPQFTEAF,0
AVFDRKSDAK,DSSSTYIFSNMDMAESLWDDKIISGDLSYYNGEEASSKWDSRNGYT,DSSSTY,IFSNMDM,AESLWDDKII,SGDLS,YYNGEE,ASSKWDSRNGYT,0
IVTDFSVIK,DRGSQSIYSNGDAVNKGGGSQGNLISGHTSYYEKEEASSLVSLNYGYT,DRGSQS,IYSNGD,AVNKGGGSQGNLI,SGHTS,YYEKEE,ASSLVSLNYGYT,0
RAKFKQLL,DSVNNIPSGTAGSPSNTGKLISGHNSFNNNVPASSFSGNTGELF,DSVNN,IPSGT,AGSPSNTGKLI,SGHNS,FNNNVP,ASSFSGNTGELF,0
KLGGALQAK,TSGFNGNVLDGLAVRDPGTGRRALTSGHNSFNNNVPASSFSGNTGELF,TSGFNG,NVLDGL,AVRDPGTGRRALT,SGHNS,FNNNVP,ASSFSGNTGELF,0
GILGFVFTL,DRGSQSIYSNGDAVGDDKIIMNHNYSVGAGIASSPQGAYGYT,DRGSQS,IYSNGD,AVGDDKII,MNHNY,SVGAGI,ASSPQGAYGYT,0
KSKRTPMGF,DRGSQSIYSNGDAVNIDNMDSNYQLISGDLSYYNGEEASSVGGEAYEQY,DRGSQS,IYSNGD,AVNIDNMDSNYQLI,SGDLS,YYNGEE,ASSVGGEAYEQY,0
KLGGALQAK,VSGNPYYITGDNLVAVFFGFGNVLHMNHEYSMNVEVASSPTGGSPSPLHFG,VSGNPY,YITGDNLV,AVFFGFGNVLH,MNHEY,SMNVEV,ASSPTGGSPSPLHFG,0
GILGFVFTL,DRGSQSIYSNGDAVGGGSNYKLTMNHEYSVGEGTASSYQGAGGYT,DRGSQS,IYSNGD,AVGGGSNYKLT,MNHEY,SVGEGT,ASSYQGAGGYT,0
LLWNGPMAV,DSVNNIPSGTAVTPPPSYDKVISGHDYFNNNVPASSSVSGYT,DSVNN,IPSGT,AVTPPPSYDKVI,SGHDY,FNNNVP,ASSSVSGYT,0
GILGFVFTL,SIFNTLYKAGELAGHTGNQFYENHRYSYGVKDAISDPGLAGGGGEQF,SIFNT,LYKAGEL,AGHTGNQFY,ENHRY,SYGVKD,AISDPGLAGGGGEQF,0
KLGGALQAK,NSASDYIRSNMDKAENGGGGADGLTSGHDTYYEEEEASSFEGLNTGELF,NSASDY,IRSNMDK,AENGGGGADGLT,SGHDT,YYEEEE,ASSFEGLNTGELF,0
AVFDRKSDAK,NSAFQYTYSSGNAMIKAAGNKLTMNHEYSMNVEVASSINRASEAF,NSAFQY,TYSSGN,AMIKAAGNKLT,MNHEY,SMNVEV,ASSINRASEAF,0
GILGFVFTL,TSGFYGNALDGLAVRDQEGNTPLVMDHENSYDVKMASMGGSNEQF,TSGFYG,NALDGL,AVRDQEGNTPLV,MDHEN,SYDVKM,ASMGGSNEQF,0
VLFGLGFAI,DSSSTYIFSNMDMAESQGNLISGHDNFVKESKASSQSPGGEQF,DSSSTY,IFSNMDM,AESQGNLI,SGHDN,FVKESK,ASSQSPGGEQF,0
IVTDFSVIK,DRGSQSIYSNGDAVDDKIISGHRSYFSETQASSPDRGLAGELF,DRGSQS,IYSNGD,AVDDKII,SGHRS,YFSETQ,ASSPDRGLAGELF,0
CINGVCWTV,DRGSQSIYSNGDAVGGSARQLTSNHLYFYNNEIASSEGQTGNTIY,DRGSQS,IYSNGD,AVGGSARQLT,SNHLY,FYNNEI,ASSEGQTGNTIY,0
HPVTKYIM,TRDTTYYRNSFDEQNALSEVDRLMMDHENSYDVKMASSLTGTDTQY,TRDTTYY,RNSFDEQN,ALSEVDRLM,MDHEN,SYDVKM,ASSLTGTDTQY,0
CINGVCWTV,TISGTDYGLTSNILSTYNNNDMRMNHEYSVGAGIASSYEGSQGNEQF,TISGTDY,GLTSN,ILSTYNNNDMR,MNHEY,SVGAGI,ASSYEGSQGNEQF,0
AVFDRKSDAK,NSAFQYTYSSGNAIDLGGGSQGNLILNHDASQIVNDASSIRSSQPQH,NSAFQY,TYSSGN,AIDLGGGSQGNLI,LNHDA,SQIVND,ASSIRSSQPQH,0
CINGVCWTV,DRGSQSIYSNGDAVNNNAGNMLTFGSEHNRFQNEAQASSLAQGWGAFFG,DRGSQS,IYSNGD,AVNNNAGNMLTFG,SEHNR,FQNEAQ,ASSLAQGWGAFFG,0
ELAGIGILTV,DSAIYNIQSSQREAVRRSASKIISGHDTYYEEEEASSSAGTDHEQY,DSAIYN,IQSSQRE,AVRRSASKII,SGHDT,YYEEEE,ASSSAGTDHEQY,0
GILGFVFTL,ATGYPSATKADDKAQKGGGSNYKLTKGHSHLQKENIASSPQGYEQY,ATGYPS,ATKADDK,AQKGGGSNYKLT,KGHSH,LQKENI,ASSPQGYEQY,0
KLGGALQAK,DRGSQSIYSNGDAVSPDKLIMNHEYSMNVEVASSPSAGPGYGYT,DRGSQS,IYSNGD,AVSPDKLI,MNHEY,SMNVEV,ASSPSAGPGYGYT,0
DATYQRTRALVR,TSGFNGNVLDGLAVRSTWDPMIKAAGNKLTKGHSHLQKENIASSEDRTYEQY,TSGFNG,NVLDGL,AVRSTWDPMIKAAGNKLT,KGHSH,LQKENI,ASSEDRTYEQY,0
NLVPMVATV,VTNFRSLTSSGIEAVRPNAGGTSYGKLTDFQATTSNEGSKASARDLRLLANTGELF,VTNFRS,LTSSGIE,AVRPNAGGTSYGKLT,DFQATT,SNEGSKA,SARDLRLLANTGELF,1
GLCTLVAML,VSGNPYYITGDNLVAVRDMGTGGFKTISEHNRFQNEAQAIQEDTDTQY,VSGNPY,YITGDNLV,AVRDMGTGGFKTI,SEHNR,FQNEAQ,AIQEDTDTQY,0
KLGGALQAK,NSASDYIRSNMDKAETALGNTGKLIMGHRAYSYEKLASSHGKGGNEQF,NSASDY,IRSNMDK,AETALGNTGKLI,MGHRA,YSYEKL,ASSHGKGGNEQF,0
AVFDRKSDAK,YSGSPEHISRALRGYGQNFVLGHNAYSLEERASSQDAPGQGSDEQF,YSGSPE,HISR,ALRGYGQNFV,LGHNA,YSLEER,ASSQDAPGQGSDEQF,0
NLVPMVATV,DSSSTYIFSNMDMAEMEGGSYIPTLGHNAYNFKEQASSQEWLAVSTDTQY,DSSSTY,IFSNMDM,AEMEGGSYIPT,LGHNA,YNFKEQ,ASSQEWLAVSTDTQY,0
GLCTLVAML,DRGSQSIYSNGDAVTGDKLISGHDYFNNNVPALSDLGGSGNTGKLI,DRGSQS,IYSNGD,AVTGDKLI,SGHDY,FNNNVP,ALSDLGGSGNTGKLI,0
GILGFVFTL,VSGNPYYITGDNLVAVRDGTGANNLFLNHDASQIVNDASTTVQGGYT,VSGNPY,YITGDNLV,AVRDGTGANNLF,LNHDA,SQIVND,ASTTVQGGYT,1
GILGFVFTL,VGISALSSGKAVLKTSYDKVILNHDASQIVNDASSFFLAAGYP,VGISA,LSSGK,AVLKTSYDKVI,LNHDA,SQIVND,ASSFFLAAGYP,1
AVFDRKSDAK,TRDTTYYRNSFDEQNALSEANRGSTLGRLYDFQATTSNEGSKASAIGGGREDTDTQY,TRDTTYY,RNSFDEQN,ALSEANRGSTLGRLY,DFQATT,SNEGSKA,SAIGGGREDTDTQY,0
GLCTLVAML,YGATPYYFSGDTLVAVGEDSQLTLGHNAYSLEERASSQDSTSGYSREQF,YGATPY,YFSGDTLV,AVGEDSQLT,LGHNA,YSLEER,ASSQDSTSGYSREQF,0
GILGFVFTL,VSGLRGLYSAGEEAVQRSDGQKLLMGHRAYSYEKLASSQEAQGETQY,VSGLRG,LYSAGEE,AVQRSDGQKLL,MGHRA,YSYEKL,ASSQEAQGETQY,0
LLWNGPMAV,DSAIYNIQSSQREAVTTQGGSEKLVMNHEYSMNVEVASSLSTGVLFEQY,DSAIYN,IQSSQRE,AVTTQGGSEKLV,MNHEY,SMNVEV,ASSLSTGVLFEQY,0
NLVPMVATV,TSENNYYQEAYKQQNAFMLGAGGTSYGKLTSGHVSFNYEAQASSFLTGNTEAF,TSENNYY,QEAYKQQN,AFMLGAGGTSYGKLT,SGHVS,FNYEAQ,ASSFLTGNTEAF,0
KLGGALQAK,SSVSVYYLSGSTLVAVSGYGGYNKLIMGHRAYSYEKLASSQEGPDRSGI,SSVSVY,YLSGSTLV,AVSGYGGYNKLI,MGHRA,YSYEKL,ASSQEGPDRSGI,0
DATYQRTRALVR,NSASDYIRSNMDKAENGGGGADGLTSGHDTYYEEEEASSFEGLNTGELF,NSASDY,IRSNMDK,AENGGGGADGLT,SGHDT,YYEEEE,ASSFEGLNTGELF,0
GILGFVFTL,DRGSQSIYSNGDAVNWEEQGGSYIPTPRHDTFYEKMQASSFPGSTGELF,DRGSQS,IYSNGD,AVNWEEQGGSYIPT,PRHDT,FYEKMQ,ASSFPGSTGELF,0
KLGGALQAK,NYSPAYIRENEKEALNPSGYALNMNHNSSASEGTASGGSTAYEQY,NYSPAY,IRENEKE,ALNPSGYALN,MNHNS,SASEGT,ASGGSTAYEQY,1
NLVPMVATV,DSASNYIRSNVGEAASINRMDNDMRDFQATTSNEGSKASAFDREGVDGYT,DSASNY,IRSNVGE,AASINRMDNDMR,DFQATT,SNEGSKA,SAFDREGVDGYT,1
KLGGALQAK,NSASDYIRSNMDKAENSGGGSQGNLILNHDASQIVNDASSFRATDTQY,NSASDY,IRSNMDK,AENSGGGSQGNLI,LNHDA,SQIVND,ASSFRATDTQY,0
GILGFVFTL,DSASNYIRSNVGEAAFAINAGGTSYGKLTSGHDYFNNNVPASRTLAGPYNEQF,DSASNY,IRSNVGE,AAFAINAGGTSYGKLT,SGHDY,FNNNVP,ASRTLAGPYNEQF,0
VLFGLGFAI,NSMFDYISSIKDKAASGGSNYKLTSGHTSYDEGEEASSSAVIRGLDWCYT,NSMFDY,ISSIKDK,AASGGSNYKLT,SGHTS,YDEGEE,ASSSAVIRGLDWCYT,1
KLGGALQAK,TRDTTYYRNSFDEQNALSEAYSSASKIIMNHEYSMNVEVASSLVAGSSNEQF,TRDTTYY,RNSFDEQN,ALSEAYSSASKII,MNHEY,SMNVEV,ASSLVAGSSNEQF,0
KLGGALQAK,TTLSNLVKSGEVAGSIMNYGGSQGNLISGDLSYYNGEEASSVSSGLYYEQY,TTLSN,LVKSGEV,AGSIMNYGGSQGNLI,SGDLS,YYNGEE,ASSVSSGLYYEQY,0
IVTDFSVIK,SSVPPYYTSAATLVAVSRDMNYGGSQGNLILGHDTYNNKELASSQDLRGADTQY,SSVPPY,YTSAATLV,AVSRDMNYGGSQGNLI,LGHDT,YNNKEL,ASSQDLRGADTQY,0
GILGFVFTL,TSGFYGNALDGLAVRPRGGFKTIMNHNSSASEGTASSITEGEDSVSTDTQY,TSGFYG,NALDGL,AVRPRGGFKTI,MNHNS,SASEGT,ASSITEGEDSVSTDTQY,1
CTELKLSDY,VSGNPYYITGDNLVAVAKDLQNSGGGADGLTLNHNVYYDKDFATSYEDNSGANVLT,VSGNPY,YITGDNLV,AVAKDLQNSGGGADGLT,LNHNV,YYDKDF,ATSYEDNSGANVLT,0
GLCTLVAML,NYSPAYIRENEKEALVTGYSTLTSGHNTYYREEEASSSGTSGSGSYNEQF,NYSPAY,IRENEKE,ALVTGYSTLT,SGHNT,YYREEE,ASSSGTSGSGSYNEQF,0
YLQPRTFLL,TSINNIRSNEREARSRNKQGGIFFMNHEYSMNVEVASSLMGQGINQPQH,TSINN,IRSNERE,ARSRNKQGGIFF,MNHEY,SMNVEV,ASSLMGQGINQPQH,0
KLGGALQAK,TSGFNGNVLDGLAVRGLGGKLISEHNRFQNEAQASSLAVAGTVLEQY,TSGFNG,NVLDGL,AVRGLGGKLI,SEHNR,FQNEAQ,ASSLAVAGTVLEQY,0
SLFNTVATLY,DSVNNIPSGTAGSPSNTGKLILNHDASQIVNDASSIHSGNQPQH,DSVNN,IPSGT,AGSPSNTGKLI,LNHDA,SQIVND,ASSIHSGNQPQH,0
RAKFKQLL,DSASNYIRSNVGEAASETSYDKVISEHNRFQNEAQASSLGTQPQH,DSASNY,IRSNVGE,AASETSYDKVI,SEHNR,FQNEAQ,ASSLGTQPQH,1
KLGGALQAK,DSAIYNIQSSQREAVASFYGNNRLAMDHENSYDVKMASNRDRDYGYT,DSAIYN,IQSSQRE,AVASFYGNNRLA,MDHEN,SYDVKM,ASNRDRDYGYT,0
RAKFKQLL,VGISALSSGKAVSASGTYKYIMNHEYSVGEGTASRASMSSYNEQF,VGISA,LSSGK,AVSASGTYKYI,MNHEY,SVGEGT,ASRASMSSYNEQF,0
CTELKLSDY,TSGFYGNALDGLAVRDQDYGQNFVSGHDTYYEEEEASRDRGVGSPLH,TSGFYG,NALDGL,AVRDQDYGQNFV,SGHDT,YYEEEE,ASRDRGVGSPLH,0
RAKFKQLL,NSASQSVYSSGVVFNFNKFYKGHSHLQKENIASSPDGGHSTDTQY,NSASQS,VYSSG,VVFNFNKFY,KGHSH,LQKENI,ASSPDGGHSTDTQY,0
RLPGVLPRA,DRGSQSIYSNGDAVPGGGGSQGNLILNHDASQIVNDASSMRSTNEQF,DRGSQS,IYSNGD,AVPGGGGSQGNLI,LNHDA,SQIVND,ASSMRSTNEQF,0
ELAGIGILTV,YSGSPEHISRALNPLIQGAQKLVLNHDASQIVNDASSLRASGAQY,YSGSPE,HISR,ALNPLIQGAQKLV,LNHDA,SQIVND,ASSLRASGAQY,0
KLGGALQAK,DSSSTYIFSNMDMAEDSNARLMSGHATFQNNGVASSLGVAGTNTGELF,DSSSTY,IFSNMDM,AEDSNARLM,SGHAT,FQNNGV,ASSLGVAGTNTGELF,0
ATDALMTGF,DSAIYNIQSSQREAVCEEGSQGNLISEHNRFQNEAQASSLEGQLYEQY,DSAIYN,IQSSQRE,AVCEEGSQGNLI,SEHNR,FQNEAQ,ASSLEGQLYEQY,1
RAKFKQLL,NSASQSVYSSGVVTGGLHARLMMNHEYSVGEGTASSYSTGHEQF,NSASQS,VYSSG,VVTGGLHARLM,MNHEY,SVGEGT,ASSYSTGHEQF,0
KLGGALQAK,YGATPYYFSGDTLVAVDDTNAGKSTLNHDASHIVNDASSLRSTDTQY,YGATPY,YFSGDTLV,AVDDTNAGKST,LNHDA,SHIVND,ASSLRSTDTQY,0
NLVPMVATV,NSASQSVYSSGVVNEKEGNMLTSQVTMANQGSEASVGEGLAYEQY,NSASQS,VYSSG,VVNEKEGNMLT,SQVTM,ANQGSEA,SVGEGLAYEQY,0
KLGGALQAK,KTLYGLQKGGEEGAAHNYGQNFVLNHDASQIVNDASSTGLYGYT,KTLYG,LQKGGEE,GAAHNYGQNFV,LNHDA,SQIVND,ASSTGLYGYT,0
RAKFKQLL,DSASNYIRSNVGEAAKEGGSEKLVMNHEYSMNVEVASSLSGRPYEQY,DSASNY,IRSNVGE,AAKEGGSEKLV,MNHEY,SMNVEV,ASSLSGRPYEQY,1
NLVPMVATV,VSPFSNMTFSENTVVSQSNAGNNRKLIMNHNSSASEGTASSEPEGNYGYT,VSPFSN,MTFSENT,VVSQSNAGNNRKLI,MNHNS,SASEGT,ASSEPEGNYGYT,0
RAKFKQLL,NSASDYIRSNMDKADSGGGADGLTSGHDTYYEEEEASSLTEGGRNQPQH,NSASDY,IRSNMDK,ADSGGGADGLT,SGHDT,YYEEEE,ASSLTEGGRNQPQH,1
ELAGIGILTV,SSNFYAMTLNGDEARNTGNQFYGTSNPNSVGIGAWSISDLAKNIQY,SSNFYA,MTLNGDE,ARNTGNQFY,GTSNPN,SVGIG,AWSISDLAKNIQY,0
ELAGIGILTV,DRGSQSIYSNGDAVNSNFGNEKLTMNHEYSVGAGIASSSGVEAF,DRGSQS,IYSNGD,AVNSNFGNEKLT,MNHEY,SVGAGI,ASSSGVEAF,1
GILGFVFTL,KTLYGLQKGGEEGADPQGGDNNARLMDFQATTSNEGSKASARPRESSNQPQH,KTLYG,LQKGGEE,GADPQGGDNNARLM,DFQATT,SNEGSKA,SARPRESSNQPQH,0
GLCTLVAML,DRGSQSIYSNGDAVKDQFYLGHNAYSLEERASSQGTGEGYGYT,DRGSQS,IYSNGD,AVKDQFY,LGHNA,YSLEER,ASSQGTGEGYGYT,0
GLCTLVAML,DRGSQSIYSNGDAVNKVTSGGSNYKLTSGHNSFNNNVPASSFLDRGPNTEAF,DRGSQS,IYSNGD,AVNKVTSGGSNYKLT,SGHNS,FNNNVP,ASSFLDRGPNTEAF,0
GILGFVFTL,TSESDYYQEAYKQQNADFGNEKLTDFQATTSNEGSKASAREWAWEETQY,TSESDYY,QEAYKQQN,ADFGNEKLT,DFQATT,SNEGSKA,SAREWAWEETQY,0
RAKFKQLL,TSDPSYGQGSYDQQNAMREDNGARLMLNHDASQIVNDASSKFSINEQF,TSDPSYG,QGSYDQQN,AMREDNGARLM,LNHDA,SQIVND,ASSKFSINEQF,0
KLGGALQAK,DSASNYIRSNVGEAASETSYDKVIMNHNSSASEGTASSEAEGAAPQY,DSASNY,IRSNVGE,AASETSYDKVI,MNHNS,SASEGT,ASSEAEGAAPQY,0
RAKFKQLL,NSAFQYTYSSGNATLLYNTDKLISGDLSYYNGEEASSPTPTGSSTDTQY,NSAFQY,TYSSGN,ATLLYNTDKLI,SGDLS,YYNGEE,ASSPTPTGSSTDTQY,0
KSKRTPMGF,TISGTDYGLTSNILRDDSGNTPLVSNHLYFYNNEIASSEGTGELYEQY,TISGTDY,GLTSN,ILRDDSGNTPLV,SNHLY,FYNNEI,ASSEGTGELYEQY,1
ELAGIGILTV,DSSSTYIFSNMDMAENEGGGSQGNLILNHDASQIVNDASSSRAGGEQY,DSSSTY,IFSNMDM,AENEGGGSQGNLI,LNHDA,SQIVND,ASSSRAGGEQY,0
AVFDRKSDAK,YGATPYYFSGDTLVAVAWGGGADGLTSGHNTYYREEEASSSTGGGEKDQPQH,YGATPY,YFSGDTLV,AVAWGGGADGLT,SGHNT,YYREEE,ASSSTGGGEKDQPQH,1
KLGGALQAK,NIATNDYGYKTKLVGVTPGGGADGLTSGHVSFQNEAQASSLQEAF,NIATNDY,GYKTK,LVGVTPGGGADGLT,SGHVS,FQNEAQ,ASSLQEAF,1
NLVPMVATV,VSGLRGLYSAGEEAVQARNNAGNMLTLNHDASQIVNDASSIVKLAGGTYEQY,VSGLRG,LYSAGEE,AVQARNNAGNMLT,LNHDA,SQIVND,ASSIVKLAGGTYEQY,0
KLGGALQAK,DRGSQSIYSNGDAVSQDGNKLVSGHDYFNNNVPASSFQGALEQY,DRGSQS,IYSNGD,AVSQDGNKLV,SGHDY,FNNNVP,ASSFQGALEQY,0
NLVPMVATV,DSVNNIPSGTAVVHNDMRLGHDTYNNKELASSQDVSRLAHLSTDTQN,DSVNN,IPSGT,AVVHNDMR,LGHDT,YNNKEL,ASSQDVSRLAHLSTDTQN,1
KLGGALQAK,NSAFQYTYSSGNARGGGFKTISEHNRFQNEAQASSPVTGGGSGANVLT,NSAFQY,TYSSGN,ARGGGFKTI,SEHNR,FQNEAQ,ASSPVTGGGSGANVLT,0
RLPGVLPRA,DSSSTYIFSNMDMAEWGNTGRRALTSEHNRFQNEAQASSFIDNEQF,DSSSTY,IFSNMDM,AEWGNTGRRALT,SEHNR,FQNEAQ,ASSFIDNEQF,0
GILGFVFTL,NSASQSVYSSGVVGDNNDMRSQVTMANQGSEASVEGVGTSIGEQF,NSASQS,VYSSG,VVGDNNDMR,SQVTM,ANQGSEA,SVEGVGTSIGEQF,0
ATDALMTGF,DSSSTYIFSNMDMAEMEGGSYIPTLGHNAYNFKEQASSQEWLAVSTDTQY,DSSSTY,IFSNMDM,AEMEGGSYIPT,LGHNA,YNFKEQ,ASSQEWLAVSTDTQY,0
RAKFKQLL,NSAFQYTYSSGNAMSEGGTSYGKLTMGHRAYSYEKLASSQFIRGAYTEAF,NSAFQY,TYSSGN,AMSEGGTSYGKLT,MGHRA,YSYEKL,ASSQFIRGAYTEAF,0
AVFDRKSDAK,NSAFQYTYSSGNAMSASNFGNEKLTSGHTAFQGNSAASSSIRGPLSGNTIY,NSAFQY,TYSSGN,AMSASNFGNEKLT,SGHTA,FQGNSA,ASSSIRGPLSGNTIY,0
RAKFKQLL,VSGNPYYITGDNLVAVRDIGGTALIMNHNSSASEGTASSDLDSNQPQH,VSGNPY,YITGDNLV,AVRDIGGTALI,MNHNS,SASEGT,ASSDLDSNQPQH,0
ELAGIGILTV,DSASNYIRSNVGEAATETSYDKVISGHNTYYREEEASKRQGSLSYEQY,DSASNY,IRSNVGE,AATETSYDKVI,SGHNT,YYREEE,ASKRQGSLSYEQY,0
LLWNGPMAV,NSASDYIRSNMDKAETWNNFNKFYSGHDTYYEEEEASSLGPITGLPYNEQF,NSASDY,IRSNMDK,AETWNNFNKFY,SGHDT,YYEEEE,ASSLGPITGLPYNEQF,0
GILGFVFTL,TSGFNGNVLDGLAVRDSNYQLIMRHNASNTAGTASSDSTSGGNEQF,TSGFNG,NVLDGL,AVRDSNYQLI,MRHNA,SNTAGT,ASSDSTSGGNEQF,0
ATDALMTGF,DRGSQSIYSNGDAVTNYGGSQGNLIKGHDRSFDVKDATRRPGQQETQY,DRGSQS,IYSNGD,AVTNYGGSQGNLI,KGHDR,SFDVKD,ATRRPGQQETQY,0
GILGFVFTL,TISGTDYGLTSNILRDTSGNTPLVSNHLYFYNNEIASSEMTGELYEQY,TISGTDY,GLTSN,ILRDTSGNTPLV,SNHLY,FYNNEI,ASSEMTGELYEQY,0
ELAGIGILTV,NSASQSVYSSGVVESMEYGNKLVSGHKSYYEKEEASSRGRGGQYNEQF,NSASQS,VYSSG,VVESMEYGNKLV,SGHKS,YYEKEE,ASSRGRGGQYNEQF,0
AVFDRKSDAK,TSGFYGNALDGLAVRDQEGNTPLVSGHNSFNNNVPASSSVNEQY,TSGFYG,NALDGL,AVRDQEGNTPLV,SGHNS,FNNNVP,ASSSVNEQY,0
NLVPMVATV,KALYSLLKGGEQGTVKGFGNVLHDFQATTSNEGSKASAPARSEPYEQY,KALYS,LLKGGEQ,GTVKGFGNVLH,DFQATT,SNEGSKA,SAPARSEPYEQY,0
IVTDFSVIK,TSINNIRSNEREATDRDQGAQKLVLGHNAYNFKEQASSQEVGIWQTQY,TSINN,IRSNERE,ATDRDQGAQKLV,LGHNA,YNFKEQ,ASSQEVGIWQTQY,0
GILGFVFTL,SSNFYAMTLNGDEAWMDSSYKLIMGHRAYSYEKLASSLLAGEYNEQF,SSNFYA,MTLNGDE,AWMDSSYKLI,MGHRA,YSYEKL,ASSLLAGEYNEQF,0
YLQPRTFLL,VSGNPYYITGDNLVAVRDNQAGTALISGDLSYYNGEEASSAGSGSGYNEQF,VSGNPY,YITGDNLV,AVRDNQAGTALI,SGDLS,YYNGEE,ASSAGSGSGYNEQF,0
GILGFVFTL,DSSSTYIFSNMDMAETQDSNYQLIMNHEYSMNVEVASGQGSQPQH,DSSSTY,IFSNMDM,AETQDSNYQLI,MNHEY,SMNVEV,ASGQGSQPQH,0
RLPGVLPRA,NSASQSVYSSGVGFSNTGNQFYSGDLSYYNGEEASSVTSSEGTIY,NSASQS,VYSSG,VGFSNTGNQFY,SGDLS,YYNGEE,ASSVTSSEGTIY,0
LLWNGPMAV,YGATPYYFSGDTLVAVDDTNAGKSTLNHDASHIVNDASSLRSTDTQY,YGATPY,YFSGDTLV,AVDDTNAGKST,LNHDA,SHIVND,ASSLRSTDTQY,0
KLGGALQAK,TTSDRLLSNGAVAVAILTGGGNKLTLGHNAYNFKEQASKPGQGGYEQY,TTSDR,LLSNGAV,AVAILTGGGNKLT,LGHNA,YNFKEQ,ASKPGQGGYEQY,0
GLCTLVAML,KALYSLLKGGEQGLRDNFNKFYDFQATTSNEGSKASARAGIREGFYNEQF,KALYS,LLKGGEQ,GLRDNFNKFY,DFQATT,SNEGSKA,SARAGIREGFYNEQF,0
GILGFVFTL,YGGTVNYFSGDPLVAVIGEGGKLTMDHENSYDVKMASSLLVSGVSSTDTQY,YGGTVN,YFSGDPLV,AVIGEGGKLT,MDHEN,SYDVKM,ASSLLVSGVSSTDTQY,1
AVFDRKSDAK,DSSSTYIFSNMDMAETLAPGGSYIPTDFQATTSNEGSKASALGGTQY,DSSSTY,IFSNMDM,AETLAPGGSYIPT,DFQATT,SNEGSKA,SALGGTQY,0
AVFDRKSDAK,ATGYPSATKADDKALSDRENYGGSQGNLISGDLSYYNGEEASSVGWGGTYEQY,ATGYPS,ATKADDK,ALSDRENYGGSQGNLI,SGDLS,YYNGEE,ASSVGWGGTYEQY,0
GILGFVFTL,YGATPYYFSGDTLVAPGETGANNLFLNHDASQIVNDASSFYSNQPQH,YGATPY,YFSGDTLV,APGETGANNLF,LNHDA,SQIVND,ASSFYSNQPQH,1
IVTDFSVIK,TTLSNLVKSGEVAGFPPGKLISGHNSFNNNVPASSPVAGVRDEQF,TTLSN,LVKSGEV,AGFPPGKLI,SGHNS,FNNNVP,ASSPVAGVRDEQF,0
AVFDRKSDAK,VSGLRGLYSAGEEAVQAGSNYQLILGHDTYNNKELASSQRVGLAGKETQY,VSGLRG,LYSAGEE,AVQAGSNYQLI,LGHDT,YNNKEL,ASSQRVGLAGKETQY,0
KLGGALQAK,TSINNIRSNEREASTGTASKLTSGDLSYYNGEEASSVGTSDTDTQY,TSINN,IRSNERE,ASTGTASKLT,SGDLS,YYNGEE,ASSVGTSDTDTQY,0
AVFDRKSDAK,NSAFQYTYSSGNAMTGTTNAGKSTSGHNSFNNNVPASTYGSYGYT,NSAFQY,TYSSGN,AMTGTTNAGKST,SGHNS,FNNNVP,ASTYGSYGYT,0
RAKFKQLL,TRDTTYYRNSFDEQNALDHGSSNTGKLISGHRSYFSETQASSLRAATMNTEAF,TRDTTYY,RNSFDEQN,ALDHGSSNTGKLI,SGHRS,YFSETQ,ASSLRAATMNTEAF,0
RFPLTFGWCF,YGATPYYFSGDTLVAVGAPGYSGTYKYIMDHENSYDVKMASSLEVARLAGEGYEQY,YGATPY,YFSGDTLV,AVGAPGYSGTYKYI,MDHEN,SYDVKM,ASSLEVARLAGEGYEQY,1
VLFGLGFAI,DSASNYIRSNVGEAAMETSYDKVIKGHSHLQKENIASSPRKDSTGELF,DSASNY,IRSNVGE,AAMETSYDKVI,KGHSH,LQKENI,ASSPRKDSTGELF,0
KLGGALQAK,SSYSPSYTSAATLVVVSVYSGGGADGLTMNHEYSVGAGIASSYRPGQYTEAF,SSYSPS,YTSAATLV,VVSVYSGGGADGLT,MNHEY,SVGAGI,ASSYRPGQYTEAF,0
KLGGALQAK,NYSPAYIRENEKEALDMGGGSYIPTMNHEYSVGEGTASSYGGTVGDEQF,NYSPAY,IRENEKE,ALDMGGGSYIPT,MNHEY,SVGEGT,ASSYGGTVGDEQF,0
DATYQRTRALVR,SVFSSVVTGGEVAGGGFADYGGSQGNLILNHDASQIVNDASSLYSNQPQH,SVFSS,VVTGGEV,AGGGFADYGGSQGNLI,LNHDA,SQIVND,ASSLYSNQPQH,0
AVFDRKSDAK,DSASNYIRSNVGEAASGGGSQGNLIMGHRAYSYEKLASSQEAGALGETQY,DSASNY,IRSNVGE,AASGGGSQGNLI,MGHRA,YSYEKL,ASSQEAGALGETQY,0
CINGVCWTV,SSVPPYYTSAATLVAVIGGYQKVTDFQATTSNEGSKASAGQGSNEKLF,SSVPPY,YTSAATLV,AVIGGYQKVT,DFQATT,SNEGSKA,SAGQGSNEKLF,0
KLGGALQAK,NSASDYIRSNMDKADSGGGADGLTMNHEYSVGAGIASSYSVLRTSGPRGGQY,NSASDY,IRSNMDK,ADSGGGADGLT,MNHEY,SVGAGI,ASSYSVLRTSGPRGGQY,0
RAKFKQLL,NSASQSVYSSGVVNGMDSSHKLISNHLYFYNNEIASSGVQLLPGELF,NSASQS,VYSSG,VVNGMDSSHKLI,SNHLY,FYNNEI,ASSGVQLLPGELF,0
ATDALMTGF,TSGFNGNVLDGLAVNEGDYKLSDFQATTSNEGSKASARHLSGIEQF,TSGFNG,NVLDGL,AVNEGDYKLS,DFQATT,SNEGSKA,SARHLSGIEQF,0
KLGGALQAK,SVFSSVVTGGEVALEGGGADGLTFGMNHNSSASEGTASSEAELLSSYNEQFFG,SVFSS,VVTGGEV,ALEGGGADGLTFG,MNHNS,SASEGT,ASSEAELLSSYNEQFFG,0
RAKFKQLL,DRGSQSIYSNGDAVNWEEQGGSYIPTMDHENSYDVKMASSLRGGGSYT,DRGSQS,IYSNGD,AVNWEEQGGSYIPT,MDHEN,SYDVKM,ASSLRGGGSYT,0
RAKFKQLL,NSASDYIRSNMDKAENMGGGSQGNLILNHDASQIVNDASSIRAGETQY,NSASDY,IRSNMDK,AENMGGGSQGNLI,LNHDA,SQIVND,ASSIRAGETQY,0
NLVPMVATV,ATGYPSATKADDKALLTYNNNDMRSGHNSFNNNVPASSLDLRTSNQPQH,ATGYPS,ATKADDK,ALLTYNNNDMR,SGHNS,FNNNVP,ASSLDLRTSNQPQH,0
GILGFVFTL,NSMFDYISSIKDKAASGGSYIPTMNHEYSVGAGIASSSGPAYEQY,NSMFDY,ISSIKDK,AASGGSYIPT,MNHEY,SVGAGI,ASSSGPAYEQY,0
GILGFVFTL,SIFNTLYKAGELAGHTGNQFYSGHATFQNNGVASSLEGQLFYEQY,SIFNT,LYKAGEL,AGHTGNQFY,SGHAT,FQNNGV,ASSLEGQLFYEQY,0
GPRLGVRAT,DSAIYNIQSSQREAVDSNAGNMLTMNHEYSMNVEVASSPPGGAYEQY,DSAIYN,IQSSQRE,AVDSNAGNMLT,MNHEY,SMNVEV,ASSPPGGAYEQY,0
SPRWYFYYL,YGATPYYFSGDTLVAVTRDDKIILNHDASQIVNDASSIYSNQPQH,YGATPY,YFSGDTLV,AVTRDDKII,LNHDA,SQIVND,ASSIYSNQPQH,0
AVFDRKSDAK,TSENNYYQEAYKQQNALHTGANSKLTSGHATFQNNGVASSWGGGSHYGYT,TSENNYY,QEAYKQQN,ALHTGANSKLT,SGHAT,FQNNGV,ASSWGGGSHYGYT,0
RAKFKQLL,DSASNYIRSNVGEAASYGEGGSYIPTLNHDASQIVNDASSLPWGPDNEQF,DSASNY,IRSNVGE,AASYGEGGSYIPT,LNHDA,SQIVND,ASSLPWGPDNEQF,0
NLVPMVATV,VSPFSNMTFSENTVVSGNNNARLMLGHNAYNFKEQASSQETGYNEQF,VSPFSN,MTFSENT,VVSGNNNARLM,LGHNA,YNFKEQ,ASSQETGYNEQF,0
RAKFKQLL,NSASDYIRSNMDKAENSGGGSQGNLILNHDASQIVNDASSFRATDTQY,NSASDY,IRSNMDK,AENSGGGSQGNLI,LNHDA,SQIVND,ASSFRATDTQY,0
KLGGALQAK,DSAIYNIQSSQREAVAQGGSEKLVSGHNSFNNNVPASSLWGDYEQY,DSAIYN,IQSSQRE,AVAQGGSEKLV,SGHNS,FNNNVP,ASSLWGDYEQY,0
ATDALMTGF,DSAIYNIQSSQREAVRNTGGFKTISGHATFQNNGVASSLSGQLDTQY,DSAIYN,IQSSQRE,AVRNTGGFKTI,SGHAT,FQNNGV,ASSLSGQLDTQY,1
RAKFKQLL,VTNFRSLTSSGIEAVRPNAGGTSYGKLTDFQATTSNEGSKASARDLRLLANTGELF,VTNFRS,LTSSGIE,AVRPNAGGTSYGKLT,DFQATT,SNEGSKA,SARDLRLLANTGELF,0
GILGFVFTL,TRDTTYYRNSFDEQNALSEAQYGGATNKLIMNHEYSVGAGIATSPNRAYEQY,TRDTTYY,RNSFDEQN,ALSEAQYGGATNKLI,MNHEY,SVGAGI,ATSPNRAYEQY,0
LLWNGPMAV,YSGSPEHISRALPNAGGTSYGKLTDFQATTSNEGSKASAYKLAGIGADTQY,YSGSPE,HISR,ALPNAGGTSYGKLT,DFQATT,SNEGSKA,SAYKLAGIGADTQY,0
KLGGALQAK,YGGTVNYFSGDPLVAVNLTNNAGNMLTLNHDASQIVNDASSGRSTDTQY,YGGTVN,YFSGDPLV,AVNLTNNAGNMLT,LNHDA,SQIVND,ASSGRSTDTQY,0
RAKFKQLL,NSASQSVYSSGVVNIVGYSTLTWSHSYSAAADIASSESHGSTYEQF,NSASQS,VYSSG,VVNIVGYSTLT,WSHSY,SAAADI,ASSESHGSTYEQF,0
GILGFVFTL,NSASQSVYSSGVVNKGNDMRSNHLYFYNNEIASQDTNTGELF,NSASQS,VYSSG,VVNKGNDMR,SNHLY,FYNNEI,ASQDTNTGELF,0
KLGGALQAK,SSYSPSYTSAATLVVVSDHYSNSGYALNSEHNRFQNEAQASSPPVISNNEQY,SSYSPS,YTSAATLV,VVSDHYSNSGYALN,SEHNR,FQNEAQ,ASSPPVISNNEQY,0
RAKFKQLL,NIATNDYGYKTKLVGVPSGGYNKLIGTSNPNSVGIGAWSPITSNYGYT,NIATNDY,GYKTK,LVGVPSGGYNKLI,GTSNPN,SVGIG,AWSPITSNYGYT,0
AVFDRKSDAK,SVFSSVVTGGEVAGAGNTGKLISGHTAFQGTGAASSWGQGITDTQY,SVFSS,VVTGGEV,AGAGNTGKLI,SGHTA,FQGTGA,ASSWGQGITDTQY,0
AVFDRKSDAK,TTLSNLVKSGEVAGPFSGGYNKLIMNHEYSVGAGIASSPGGDTEAF,TTLSN,LVKSGEV,AGPFSGGYNKLI,MNHEY,SVGAGI,ASSPGGDTEAF,0
CINGVCWTV,SVFSSVVTGGEVAGAKGAQKLVSQVTMANQGSEASVGSGDYEQY,SVFSS,VVTGGEV,AGAKGAQKLV,SQVTM,ANQGSEA,SVGSGDYEQY,0
DATYQRTRALVR,YSGSPEHISRALVTFTGGGNKLTSGHNTYYREEEASSSTGGGEKDQPQH,YSGSPE,HISR,ALVTFTGGGNKLT,SGHNT,YYREEE,ASSSTGGGEKDQPQH,0
AVFDRKSDAK,DSASNYIRSNVGEAAAETSYDKVILNHDASQIVNDASSWIAANTGELF,DSASNY,IRSNVGE,AAAETSYDKVI,LNHDA,SQIVND,ASSWIAANTGELF,0
AVFDRKSDAK,SSVPPYYTSAATLVAVSEGSNFGNEKLTSNHLYFYNNEIASTRESTDTQY,SSVPPY,YTSAATLV,AVSEGSNFGNEKLT,SNHLY,FYNNEI,ASTRESTDTQY,0
RAKFKQLL,DRGSQSIYSNGDAVNNNAGNMLTFGSEHNRFQNEAQASSLAQGWGAFFG,DRGSQS,IYSNGD,AVNNNAGNMLTFG,SEHNR,FQNEAQ,ASSLAQGWGAFFG,0
GILGFVFTL,DRGSQSIYSNGDAVNGGNKLVMDHENSYDVKMASSPSGVVQPQH,DRGSQS,IYSNGD,AVNGGNKLV,MDHEN,SYDVKM,ASSPSGVVQPQH,0
RAKFKQLL,SIFNTLYKAGELAGQLPPWETSGSRLTLNHDASQIVNDASSRLQGANSPLH,SIFNT,LYKAGEL,AGQLPPWETSGSRLT,LNHDA,SQIVND,ASSRLQGANSPLH,0
KLGGALQAK,DSASNYIRSNVGEAAPPSTGTASKLTDFQATTSNEGSKASARDETGNTIY,DSASNY,IRSNVGE,AAPPSTGTASKLT,DFQATT,SNEGSKA,SARDETGNTIY,0
RAKFKQLL,TSGFYGNALDGLAVIEDTGKLISEHNRFQNEAQASSLVLGRETEAF,TSGFYG,NALDGL,AVIEDTGKLI,SEHNR,FQNEAQ,ASSLVLGRETEAF,1
YLQPRTFLL,DRGSQSIYSNGDAVGNYQLISGDLSYYNGEEASSDLAGGTDTQY,DRGSQS,IYSNGD,AVGNYQLI,SGDLS,YYNGEE,ASSDLAGGTDTQY,0
LLWNGPMAV,TSENNYYQEAYKQQNAFMKGAGGTSYGKLTLNHDASQIVNDASSPRSNQPQH,TSENNYY,QEAYKQQN,AFMKGAGGTSYGKLT,LNHDA,SQIVND,ASSPRSNQPQH,0
RAKFKQLL,TISGTDYGLTSNILRETSYDKVILNHDASQIVNDASSYHSNQPQH,TISGTDY,GLTSN,ILRETSYDKVI,LNHDA,SQIVND,ASSYHSNQPQH,0
GILGFVFTL,NSMFDYISSIKDKAVLRGGADGLTMNHEYSMNVEVASSSGAGLDEQF,NSMFDY,ISSIKDK,AVLRGGADGLT,MNHEY,SMNVEV,ASSSGAGLDEQF,0
GILGFVFTL,DRGSQSIYSNGDAVGTAWRSGGGADGLTLNHDASQIVNDASSRRSSGELF,DRGSQS,IYSNGD,AVGTAWRSGGGADGLT,LNHDA,SQIVND,ASSRRSSGELF,0
AVFDRKSDAK,TSGFNGNVLDGLAVKDSNYQLIMNHEYSVGEGTASSYQEGTGGETQY,TSGFNG,NVLDGL,AVKDSNYQLI,MNHEY,SVGEGT,ASSYQEGTGGETQY,0
RAKFKQLL,SIFNTLYKAGELAGPVNNLFLNHNVYYDKDFATSRDLGVGAGIRTDTQY,SIFNT,LYKAGEL,AGPVNNLF,LNHNV,YYDKDF,ATSRDLGVGAGIRTDTQY,0
KLGGALQAK,DRGSQSIYSNGDAVSGGSYIPTMNHEYSMNVEVASRDSAYRNEKLF,DRGSQS,IYSNGD,AVSGGSYIPT,MNHEY,SMNVEV,ASRDSAYRNEKLF,1
RAKFKQLL,VSGNPYYITGDNLVAVNADSWGKLQSGHATFQDESVVTGQGDINEQF,VSGNPY,YITGDNLV,AVNADSWGKLQ,SGHAT,FQDESV,VTGQGDINEQF,0
KLGGALQAK,TSINNIRSNEREATDDQGAQKLVSGDLSYYNGEEASSVGGVPYNEQF,TSINN,IRSNERE,ATDDQGAQKLV,SGDLS,YYNGEE,ASSVGGVPYNEQF,0
LLWNGPMAV,DSSSTYIFSNMDMAEINAGNMLTMDHENSYDVKMASSLGGFDMNTEAF,DSSSTY,IFSNMDM,AEINAGNMLT,MDHEN,SYDVKM,ASSLGGFDMNTEAF,0
RAKFKQLL,TRDTTYYRNSFDEQNALSEANQAGTALILGHNAYSLEERASSQERGGKWAYEQY,TRDTTYY,RNSFDEQN,ALSEANQAGTALI,LGHNA,YSLEER,ASSQERGGKWAYEQY,0
GILGFVFTL,TSGFNGNVLDGLAVNRDNARLMMGHRAYSYEKLASSAGVDNNEQF,TSGFNG,NVLDGL,AVNRDNARLM,MGHRA,YSYEKL,ASSAGVDNNEQF,0
KSKRTPMGF,DRGSQSIYSNGDAANGGNDMRENHRYSYGVKDAISESATVSYGYT,DRGSQS,IYSNGD,AANGGNDMR,ENHRY,SYGVKD,AISESATVSYGYT,0
KLGGALQAK,TSINNIRSNEREATDAYGNNRLASGHTAFQGTGAASSLAGAGTEAF,TSINN,IRSNERE,ATDAYGNNRLA,SGHTA,FQGTGA,ASSLAGAGTEAF,0
AVFDRKSDAK,NSASQSVYSSGVVNTGFQKLVSGHRSYFSETQASSLDGGDSYEQY,NSASQS,VYSSG,VVNTGFQKLV,SGHRS,YFSETQ,ASSLDGGDSYEQY,0
KLGGALQAK,DRGSQSIYSNGDAVNGNNNDMRLNHDASQIVNDASAWGGMTNEQY,DRGSQS,IYSNGD,AVNGNNNDMR,LNHDA,SQIVND,ASAWGGMTNEQY,0
AVFDRKSDAK,DSASNYIRSNVGEAPWDFNKFYSGHTAFQGTGAASSLQGGTGELF,DSASNY,IRSNVGE,APWDFNKFY,SGHTA,FQGTGA,ASSLQGGTGELF,0
KLGGALQAK,TTLSNLVKSGEVAGPEEGGSQGNLILNHDASQIVNDASSGRSTDTQY,TTLSN,LVKSGEV,AGPEEGGSQGNLI,LNHDA,SQIVND,ASSGRSTDTQY,0
RAKFKQLL,DSASNYIRSNVGEAAGETSYDKVISEHNRFQNEAQASSLLGGGPNSPLH,DSASNY,IRSNVGE,AAGETSYDKVI,SEHNR,FQNEAQ,ASSLLGGGPNSPLH,1
CINGVCWTV,DSVNNIPSGTAVEPLYGNKLVKGHDRSFDVKDATSDRLAGGELF,DSVNN,IPSGT,AVEPLYGNKLV,KGHDR,SFDVKD,ATSDRLAGGELF,0
SPRWYFYYL,TTLSNLVKSGEVAVTGGFKTILGHDTYNNKELASSQGGSSSEKLF,TTLSN,LVKSGEV,AVTGGFKTI,LGHDT,YNNKEL,ASSQGGSSSEKLF,1
RAKFKQLL,TSGFNGNVLDGLAVRGSGGYNKLISNHLYFYNNEIASHATGAYGYT,TSGFNG,NVLDGL,AVRGSGGYNKLI,SNHLY,FYNNEI,ASHATGAYGYT,0
LLWNGPMAV,SSVSVYYLSGSTLVAVNNNKLIMNHNSSASEGTASSDSPNSNQPQH,SSVSVY,YLSGSTLV,AVNNNKLI,MNHNS,SASEGT,ASSDSPNSNQPQH,0
SLFNTVATLY,TSENNYYQEAYKQQNAFMSVDRGSTLGRLYMDHENSYDVKMASSYITDQETQY,TSENNYY,QEAYKQQN,AFMSVDRGSTLGRLY,MDHEN,SYDVKM,ASSYITDQETQY,1
IVTDFSVIK,SSVSVYYLSGSTLVAVNNNKLIMNHNSSASEGTASSDSPNSNQPQH,SSVSVY,YLSGSTLV,AVNNNKLI,MNHNS,SASEGT,ASSDSPNSNQPQH,0
GILGFVFTL,TSDQSYGQGSYDEQNAMREHFTGNQFYMDHENSYDVKMASSLLIGGALKETQY,TSDQSYG,QGSYDEQN,AMREHFTGNQFY,MDHEN,SYDVKM,ASSLLIGGALKETQY,0
RAKFKQLL,DSSSTYIFSNMDMAPGGYNKLIMDHENSYDVKMASSSGAGELF,DSSSTY,IFSNMDM,APGGYNKLI,MDHEN,SYDVKM,ASSSGAGELF,0
RLRAEAQVK,DSAIYNIQSSQREAVLGMNTGFQKLVSGHTAFQGNSAASSLDPGNYEQY,DSAIYN,IQSSQRE,AVLGMNTGFQKLV,SGHTA,FQGNSA,ASSLDPGNYEQY,0
GILGFVFTL,DRGSQSIYSNGDAVGGSARQLTSNHLYFYNNEIASSEGQTGNTIY,DRGSQS,IYSNGD,AVGGSARQLT,SNHLY,FYNNEI,ASSEGQTGNTIY,0
RAKFKQLL,SSVPPYYTSAATLVAVSTDSGSARQLTLGHNAYNFKEQASSPGLGTYEQY,SSVPPY,YTSAATLV,AVSTDSGSARQLT,LGHNA,YNFKEQ,ASSPGLGTYEQY,0
KLGGALQAK,TSENNYYQEAYKQQNAFMTNAGGTSYGKLTDFQATTSNEGSKASAIRSGGPYEQY,TSENNYY,QEAYKQQN,AFMTNAGGTSYGKLT,DFQATT,SNEGSKA,SAIRSGGPYEQY,0
GILGFVFTL,DSASNYIRSNVGEAAKEGYSTLTSGHDTYYEEEEASSLRDGSEAF,DSASNY,IRSNVGE,AAKEGYSTLT,SGHDT,YYEEEE,ASSLRDGSEAF,0
LLWNGPMAV,TSINNIRSNEREATDDQGAQKLVSGDLSYYNGEEASSVGGVPYNEQF,TSINN,IRSNERE,ATDDQGAQKLV,SGDLS,YYNGEE,ASSVGGVPYNEQF,1
SLFNTVATLY,YSGSPEHISRALVTFTGGGNKLTSGHNTYYREEEASSSTGGGEKDQPQH,YSGSPE,HISR,ALVTFTGGGNKLT,SGHNT,YYREEE,ASSSTGGGEKDQPQH,0
FEDLRLLSF,NSAFQYTYSSGNAMKSTNAGKSTDFQATTSNEGSKASARDRVGNTIY,NSAFQY,TYSSGN,AMKSTNAGKST,DFQATT,SNEGSKA,SARDRVGNTIY,0
NLVPMVATV,SSVSVYYLSGSTLVAVIVNQAGTALIDFQATTSNEGSKASALLLGSNEQF,SSVSVY,YLSGSTLV,AVIVNQAGTALI,DFQATT,SNEGSKA,SALLLGSNEQF,0
ELAGIGILTV,DRGSQSIYSNGDAVPVQTSYDKVISGHDYFNNNVPASSSAYYGYT,DRGSQS,IYSNGD,AVPVQTSYDKVI,SGHDY,FNNNVP,ASSSAYYGYT,0
KLGGALQAK,NSAFQYTYSSGNAMGGGGGSQGNLILNHDASQIVNDASSFRSSETQY,NSAFQY,TYSSGN,AMGGGGGSQGNLI,LNHDA,SQIVND,ASSFRSSETQY,0
AVFDRKSDAK,NSMFDYISSIKDKAASARYGGSQGNLIMNHEYSMNVEVASSGQGYNSPLH,NSMFDY,ISSIKDK,AASARYGGSQGNLI,MNHEY,SMNVEV,ASSGQGYNSPLH,0
RAKFKQLL,DSASNYIRSNVGEAARETSYDKVISGHNSFNNNVPASSFSLDKPTNTGELF,DSASNY,IRSNVGE,AARETSYDKVI,SGHNS,FNNNVP,ASSFSLDKPTNTGELF,1
GILGFVFTL,TSGFNGNVLDGLAVRFRNNNARLMMDHENSYDVKMASMAGTPYEQY,TSGFNG,NVLDGL,AVRFRNNNARLM,MDHEN,SYDVKM,ASMAGTPYEQY,0
SPRWYFYYL,NSMFDYISSIKDKAASGGSNYKLTSGHTSYDEGEEASSSAVIRGLDWCYT,NSMFDY,ISSIKDK,AASGGSNYKLT,SGHTS,YDEGEE,ASSSAVIRGLDWCYT,0
RAKFKQLL,TSGFNGNVLDGLAVRGPEGGGNKLTSGDLSYYNGEEASSAGTSGQETQY,TSGFNG,NVLDGL,AVRGPEGGGNKLT,SGDLS,YYNGEE,ASSAGTSGQETQY,0
LLWNGPMAV,SVFSSVVTGGEVAGAVWNFNKFYLGHDTYNNKELASSPRGRGEDGYT,SVFSS,VVTGGEV,AGAVWNFNKFY,LGHDT,YNNKEL,ASSPRGRGEDGYT,0
AVFDRKSDAK,DSASNYIRSNVGEAASYGSGGYNKLIMDHENSYDVKMASSSLTGSSGELF,DSASNY,IRSNVGE,AASYGSGGYNKLI,MDHEN,SYDVKM,ASSSLTGSSGELF,0
RAKFKQLL,NSASDYIRSNMDKADSGGGADGLTSEHNRFQNEAQASSLDTQY,NSASDY,IRSNMDK,ADSGGGADGLT,SEHNR,FQNEAQ,ASSLDTQY,1
GPRLGVRAT,DRGSQSIYSNGDASVGMDSSYKLISGHNSFNNNVPASSFSGNTGELF,DRGSQS,IYSNGD,ASVGMDSSYKLI,SGHNS,FNNNVP,ASSFSGNTGELF,0
GILGFVFTL,TRDTTYYRNSFDEQNALSEASSGGYQKVTSQVTMANQGSEASVGSGEDNEQY,TRDTTYY,RNSFDEQN,ALSEASSGGYQKVT,SQVTM,ANQGSEA,SVGSGEDNEQY,0
GILGFVFTL,DRGSQSIYSNGDAVSGTDKLISGHKSYYEKEEASSLGGLGSPLH,DRGSQS,IYSNGD,AVSGTDKLI,SGHKS,YYEKEE,ASSLGGLGSPLH,0
NLVPMVATV,TSENNYYQEAYKQQNAFMKGAGGTSYGKLTLNHDASQIVNDASSPRSNQPQH,TSENNYY,QEAYKQQN,AFMKGAGGTSYGKLT,LNHDA,SQIVND,ASSPRSNQPQH,0
NLVPMVATV,DSASNYIRSNVGEAARVRGFGNVLHSGHDTYYEEEEASSLRDGSEAF,DSASNY,IRSNVGE,AARVRGFGNVLH,SGHDT,YYEEEE,ASSLRDGSEAF,0
KLGGALQAK,DSASNYIRSNVGEAASETSYDKVISGHNSFNNNVPASTQQGSYGYT,DSASNY,IRSNVGE,AASETSYDKVI,SGHNS,FNNNVP,ASTQQGSYGYT,0
CINGVCWTV,TRDTTYYRNSFDEQNALSEIGGGADGLTLNHDASQIVNDASSPEAGTVLEAF,TRDTTYY,RNSFDEQN,ALSEIGGGADGLT,LNHDA,SQIVND,ASSPEAGTVLEAF,0
SPRWYFYYL,SSYSPSYTSAATLVAVFADGQKLLMNHNSSASEGTASVGLAVVGELF,SSYSPS,YTSAATLV,AVFADGQKLL,MNHNS,SASEGT,ASVGLAVVGELF,1
AVFDRKSDAK,TSINNIRSNEREATPLDSWGKLQLGHDTYNNKELASSHRTTYNEQF,TSINN,IRSNERE,ATPLDSWGKLQ,LGHDT,YNNKEL,ASSHRTTYNEQF,0
AVFDRKSDAK,SVFSSVVTGGEVAGNSGNTGKLISQVTMANQGSEASACRDREPDTQY,SVFSS,VVTGGEV,AGNSGNTGKLI,SQVTM,ANQGSEA,SACRDREPDTQY,0
LLWNGPMAV,YGGTVNYFSGDPLVAVKGVNFGNEKLTSGHTAFQGNSAASNWGGRGNTGELF,YGGTVN,YFSGDPLV,AVKGVNFGNEKLT,SGHTA,FQGNSA,ASNWGGRGNTGELF,0
RAKFKQLL,SSVSVYYLSGSTLVAAISGAGSYQLTSGHDTYYEEEEASSPSYEQY,SSVSVY,YLSGSTLV,AAISGAGSYQLT,SGHDT,YYEEEE,ASSPSYEQY,1
KLGGALQAK,DSSSTYIFSNMDMAEFGSGNTGKLILNHDASQIVNDASRLGAGYT,DSSSTY,IFSNMDM,AEFGSGNTGKLI,LNHDA,SQIVND,ASRLGAGYT,1
AVFDRKSDAK,DSSSTYIFSNMDMAEIHARLMDFQATTSNEGSKASARDGNREWLH,DSSSTY,IFSNMDM,AEIHARLM,DFQATT,SNEGSKA,SARDGNREWLH,0
KLGGALQAK,TSGFNGNVLDGLAVMDSNYQLIMRHNASNTAGTASRGPASTDTQY,TSGFNG,NVLDGL,AVMDSNYQLI,MRHNA,SNTAGT,ASRGPASTDTQY,0
HPVTKYIM,DRGSQSIYSNGDAVNRGFGNVLHSGHRSYFSETQASSLGTGDGYT,DRGSQS,IYSNGD,AVNRGFGNVLH,SGHRS,YFSETQ,ASSLGTGDGYT,0
RAKFKQLL,DSAIYNIQSSQREAVMNSGGYQKVTSGHKSYYEKEEASSGPGGVDEQY,DSAIYN,IQSSQRE,AVMNSGGYQKVT,SGHKS,YYEKEE,ASSGPGGVDEQY,1
IVTDFSVIK,TISGTDYGLTSNILGSNDYKLSSQVTMANQGSEASPGTDLYEQY,TISGTDY,GLTSN,ILGSNDYKLS,SQVTM,ANQGSEA,SPGTDLYEQY,0
YLQPRTFLL,NSASDYIRSNMDKAENGGGGADGLTSGHDTYYEEEEASSFEGLNTGELF,NSASDY,IRSNMDK,AENGGGGADGLT,SGHDT,YYEEEE,ASSFEGLNTGELF,0
KLGGALQAK,TSENNYYQEAYKQQNAFMKGAGGTSYGKLTLNHDASQIVNDASSPRSNQPQH,TSENNYY,QEAYKQQN,AFMKGAGGTSYGKLT,LNHDA,SQIVND,ASSPRSNQPQH,0
RAKFKQLL,VSPFSNMTFSENTVVSANSDGQKLLSGDLSYYNGEEASSVVSGANVLT,VSPFSN,MTFSENT,VVSANSDGQKLL,SGDLS,YYNGEE,ASSVVSGANVLT,0
SPRWYFYYL,TSENNYYQEAYKQQNAFMKGAGGTSYGKLTLNHDASQIVNDASSPRSNQPQH,TSENNYY,QEAYKQQN,AFMKGAGGTSYGKLT,LNHDA,SQIVND,ASSPRSNQPQH,0
RAKFKQLL,DSSSTYIFSNMDMAESTSGGKLIMNHEYSMNVEVASSPEGSYNEQF,DSSSTY,IFSNMDM,AESTSGGKLI,MNHEY,SMNVEV,ASSPEGSYNEQF,0
RAKFKQLL,DSAIYNIQSSQREAGGNTNAGKSTSEHNRFQNEAQASSIFGQGNYGYT,DSAIYN,IQSSQRE,AGGNTNAGKST,SEHNR,FQNEAQ,ASSIFGQGNYGYT,0
AVFDRKSDAK,DSASNYIRSNVGEAAKLSDSSYKLIDFQATTSNEGSKASAMTSGSSYEQY,DSASNY,IRSNVGE,AAKLSDSSYKLI,DFQATT,SNEGSKA,SAMTSGSSYEQY,0
GLCTLVAML,DSSSTYIFSNMDMAEWDAGKSTSGHVSFQNEAQASSLEAGNTEAF,DSSSTY,IFSNMDM,AEWDAGKST,SGHVS,FQNEAQ,ASSLEAGNTEAF,1
NLVPMVATV,DRGSQSIYSNGDAVSGDKIIMNHEYSVGAGIASSSGSPGSYGYT,DRGSQS,IYSNGD,AVSGDKII,MNHEY,SVGAGI,ASSSGSPGSYGYT,0
GILGFVFTL,SIFNTLYKAGELAGGGDGGSQGNLILNHDASQIVNDASSHRSGQPQH,SIFNT,LYKAGEL,AGGGDGGSQGNLI,LNHDA,SQIVND,ASSHRSGQPQH,1
GILGFVFTL,DSSSTYIFSNMDMAEDSASKIIDFQATTSNEGSKASARDETGNGYT,DSSSTY,IFSNMDM,AEDSASKII,DFQATT,SNEGSKA,SARDETGNGYT,0
KLGGALQAK,DRGSQSIYSNGDAGLEYGNKLVSGDLSYYNGEEASSVGVLAGNEQF,DRGSQS,IYSNGD,AGLEYGNKLV,SGDLS,YYNGEE,ASSVGVLAGNEQF,0
AVFDRKSDAK,DSVNNIPSGTAVEAAAGNKLTMDHENSYDVKMASSSGQGNIQY,DSVNN,IPSGT,AVEAAAGNKLT,MDHEN,SYDVKM,ASSSGQGNIQY,0
SPRWYFYYL,TSDPSYGQGSYDQQNAMSPEGGGSYIPTSGHKSYYEKEEASSPRRTGYTGELF,TSDPSYG,QGSYDQQN,AMSPEGGGSYIPT,SGHKS,YYEKEE,ASSPRRTGYTGELF,0
LLWNGPMAV,YGGTVNYFSGDPLVAVSARLNTDKLISGHNSFNNNVPASSFSGNTGELF,YGGTVN,YFSGDPLV,AVSARLNTDKLI,SGHNS,FNNNVP,ASSFSGNTGELF,0
DATYQRTRALVR,NIATNDYGYKTKLVGDGSGYSTLTLNHDASQIVNDASSPALGDQETQY,NIATNDY,GYKTK,LVGDGSGYSTLT,LNHDA,SQIVND,ASSPALGDQETQY,1
RAKFKQLL,KALYSLLKGGEQGLRDNFNKFYDFQATTSNEGSKASARAGIREGFYNEQF,KALYS,LLKGGEQ,GLRDNFNKFY,DFQATT,SNEGSKA,SARAGIREGFYNEQF,0
KSKRTPMGF,DRGSQSIYSNGDAVTNYGGSQGNLIKGHDRSFDVKDATRRPGQQETQY,DRGSQS,IYSNGD,AVTNYGGSQGNLI,KGHDR,SFDVKD,ATRRPGQQETQY,0
GILGFVFTL,VSGNPYYITGDNLVAVRDDTGGFKTISGDLSYYNGEEASSGEGGTTNTGELF,VSGNPY,YITGDNLV,AVRDDTGGFKTI,SGDLS,YYNGEE,ASSGEGGTTNTGELF,1
GLCTLVAML,TRDTTYYRNSFDEQNALSEANTGGFKTISGHATFQNNGVASSWGGGSHYGYT,TRDTTYY,RNSFDEQN,ALSEANTGGFKTI,SGHAT,FQNNGV,ASSWGGGSHYGYT,0
ELAGIGILTV,SSVPPYYTSAATLVAVSRDMNYGGSQGNLILGHDTYNNKELASSQDLRGADTQY,SSVPPY,YTSAATLV,AVSRDMNYGGSQGNLI,LGHDT,YNNKEL,ASSQDLRGADTQY,0
RAKFKQLL,TSENNYYQEAYKQQNAFMNTGTASKLTMDHENSYDVKMASSTGQGPDTQY,TSENNYY,QEAYKQQN,AFMNTGTASKLT,MDHEN,SYDVKM,ASSTGQGPDTQY,0
KLGGALQAK,TSGFNGNVLDGLALDNYGQNFVSGHATFQNNGVASSLDPGRGQETQY,TSGFNG,NVLDGL,ALDNYGQNFV,SGHAT,FQNNGV,ASSLDPGRGQETQY,1
ELAGIGILTV,DRGSQSIYSNGDAVPGGGGSQGNLILNHDASQIVNDASSMRSTNEQF,DRGSQS,IYSNGD,AVPGGGGSQGNLI,LNHDA,SQIVND,ASSMRSTNEQF,0
CINGVCWTV,DRGSQSIYSNGDAVSQDGNKLVSGHDYFNNNVPASSFQGALEQY,DRGSQS,IYSNGD,AVSQDGNKLV,SGHDY,FNNNVP,ASSFQGALEQY,0
GILGFVFTL,VSGNPYYITGDNLVAPPRGSSNTGKLISGHDTYYEEEEASSLGRAVIWGYT,VSGNPY,YITGDNLV,APPRGSSNTGKLI,SGHDT,YYEEEE,ASSLGRAVIWGYT,0
RAKFKQLL,YSGSPEHISRALNPLIQGAQKLVLNHDASQIVNDASSLRASGAQY,YSGSPE,HISR,ALNPLIQGAQKLV,LNHDA,SQIVND,ASSLRASGAQY,0
GILGFVFTL,DRGSQSIYSNGDAVPYSGGGADGLTKGHDRSFDVKDATSDFPPGVRGAPQETQY,DRGSQS,IYSNGD,AVPYSGGGADGLT,KGHDR,SFDVKD,ATSDFPPGVRGAPQETQY,1
AVFDRKSDAK,SSVPPYYTSAATLVAVSERLWDDKIILGHNTFRNRAPASGLDSSSGNTIY,SSVPPY,YTSAATLV,AVSERLWDDKII,LGHNT,FRNRAP,ASGLDSSSGNTIY,1
RAKFKQLL,DRGSQSIYSNGDAVNKDAGNKLTMNHEYSVGAGIASSYLTGTSGEQF,DRGSQS,IYSNGD,AVNKDAGNKLT,MNHEY,SVGAGI,ASSYLTGTSGEQF,0
IVTDFSVIK,SSNFYAMTLNGDEAFELILGAQKLVMNHEYSVGEGTASSYSWTGSNYGYT,SSNFYA,MTLNGDE,AFELILGAQKLV,MNHEY,SVGEGT,ASSYSWTGSNYGYT,0
LLWNGPMAV,DSSSTYIFSNMDMADHGGATNKLIMGHRAYSYEKLASSTGAGVNEQY,DSSSTY,IFSNMDM,ADHGGATNKLI,MGHRA,YSYEKL,ASSTGAGVNEQY,0
AVFDRKSDAK,DSASNYIRSNVGEAASFFSGGYNKLILGHNAYNFKEQASSPDRDQTYEQY,DSASNY,IRSNVGE,AASFFSGGYNKLI,LGHNA,YNFKEQ,ASSPDRDQTYEQY,0
RLRAEAQVK,SSYSPSYTSAATLVVVSEWAAGNKLTSGHDNFVKESKASSQEQGDIQY,SSYSPS,YTSAATLV,VVSEWAAGNKLT,SGHDN,FVKESK,ASSQEQGDIQY,0
KLGGALQAK,NSASQSVYSSGVVNRVENSGYSTLTMNHNSSASEGTASSGNEQDLQPQH,NSASQS,VYSSG,VVNRVENSGYSTLT,MNHNS,SASEGT,ASSGNEQDLQPQH,0
IVTDFSVIK,SIFNTLYKAGELAGHTGNQFYSGHATFQNNGVASSLGVAGTNTGELF,SIFNT,LYKAGEL,AGHTGNQFY,SGHAT,FQNNGV,ASSLGVAGTNTGELF,1
GLCTLVAML,SSYSPSYTSAATLVVVSDRNFNKFYENHRYSYGVKDAISESNGADTQY,SSYSPS,YTSAATLV,VVSDRNFNKFY,ENHRY,SYGVKD,AISESNGADTQY,0
GPRLGVRAT,TSINNIRSNEREARSRNKQGGIFFMNHEYSMNVEVASSLMGQGINQPQH,TSINN,IRSNERE,ARSRNKQGGIFF,MNHEY,SMNVEV,ASSLMGQGINQPQH,0
GILGFVFTL,ATGYPSATKADDKALSRAGGTSYGKLTPRHDTFYEKMQASSSRQGAANEKLF,ATGYPS,ATKADDK,ALSRAGGTSYGKLT,PRHDT,FYEKMQ,ASSSRQGAANEKLF,1
RAKFKQLL,YGGTVNYFSGDPLVAVNEDNFNKFYMGHRAYSYEKLASSLGGTNEQF,YGGTVN,YFSGDPLV,AVNEDNFNKFY,MGHRA,YSYEKL,ASSLGGTNEQF,1
GILGFVFTL,SVFSSVVTGGEVAGATQGGSEKLVMDHENSYDVKMASSVDGTLVDTQY,SVFSS,VVTGGEV,AGATQGGSEKLV,MDHEN,SYDVKM,ASSVDGTLVDTQY,0
KLGGALQAK,NSASQSVYSSGVVGNYGQNFVLGHNAYSLEERASSQVLSGELF,NSASQS,VYSSG,VVGNYGQNFV,LGHNA,YSLEER,ASSQVLSGELF,0
KLGGALQAK,TSINNIRSNEREATDENNNDMRSGHATFQDESVASSLAAVSGPHTDTQY,TSINN,IRSNERE,ATDENNNDMR,SGHAT,FQDESV,ASSLAAVSGPHTDTQY,0
ELAGIGILTV,ATGYPSATKADDKALDNTGKLISGHATFQNNGVASSWNRASSYEQY,ATGYPS,ATKADDK,ALDNTGKLI,SGHAT,FQNNGV,ASSWNRASSYEQY,0
RLPGVLPRA,SVFSSVVTGGEVAGGGFADYGGSQGNLILNHDASQIVNDASSLYSNQPQH,SVFSS,VVTGGEV,AGGGFADYGGSQGNLI,LNHDA,SQIVND,ASSLYSNQPQH,0
KLGGALQAK,NSAFQYTYSSGNAMSGDGGSQGNLILNHDASQIVNDASSIRAAYEQY,NSAFQY,TYSSGN,AMSGDGGSQGNLI,LNHDA,SQIVND,ASSIRAAYEQY,0
KLGGALQAK,VSGLRGLYSAGEEAVQALMYSGGGADGLTSGHVSFQNEAQASSFLAGGYNEQF,VSGLRG,LYSAGEE,AVQALMYSGGGADGLT,SGHVS,FQNEAQ,ASSFLAGGYNEQF,0
AVFDRKSDAK,TISGTDYGLTSNILTHSNSGYALNSGDLSYYNGEEASSEVADYNEQF,TISGTDY,GLTSN,ILTHSNSGYALN,SGDLS,YYNGEE,ASSEVADYNEQF,0
IVTDFSVIK,DSSSTYIFSNMDMAESQGNLISGHDNFVKESKASSQSPGGEQF,DSSSTY,IFSNMDM,AESQGNLI,SGHDN,FVKESK,ASSQSPGGEQF,0
AVFDRKSDAK,VSGNPYYITGDNLVAVDSSASKIIDFQATTSNEGSKASAPARSEPYEQY,VSGNPY,YITGDNLV,AVDSSASKII,DFQATT,SNEGSKA,SAPARSEPYEQY,0
RAKFKQLL,TSGFNGNVLDGLAVMDSSYKLIMRHNASNTAGTASSAGTSPTDTQY,TSGFNG,NVLDGL,AVMDSSYKLI,MRHNA,SNTAGT,ASSAGTSPTDTQY,0
NLVPMVATV,VSGNPYYITGDNLVAVRDPGGYNKLILNHDASQIVNDASSARSSTEQY,VSGNPY,YITGDNLV,AVRDPGGYNKLI,LNHDA,SQIVND,ASSARSSTEQY,0
KLGGALQAK,TSINNIRSNEREATDGSSGGSNYKLTLNHDASQIVNDASSIGLYGYT,TSINN,IRSNERE,ATDGSSGGSNYKLT,LNHDA,SQIVND,ASSIGLYGYT,0
NLVPMVATV,NSMFDYISSIKDKAASDGAGNMLTMDHENSYDVKMASRGLIIQRSSYEQY,NSMFDY,ISSIKDK,AASDGAGNMLT,MDHEN,SYDVKM,ASRGLIIQRSSYEQY,0
AVFDRKSDAK,DSASNYIRSNVGEAATDTGGTSYGKLTLGHDTYNNKELASSQAYPSGAQASTDTQY,DSASNY,IRSNVGE,AATDTGGTSYGKLT,LGHDT,YNNKEL,ASSQAYPSGAQASTDTQY,0
GILGFVFTL,DRGSQSIYSNGDAVNLGSYIPTLNHDASQIVNDATSWGGSGELF,DRGSQS,IYSNGD,AVNLGSYIPT,LNHDA,SQIVND,ATSWGGSGELF,0
RAKFKQLL,KTLYGLQKGGEEGAGRVDDMRSGHATFQNNGVASSWGGGSHYGYT,KTLYG,LQKGGEE,GAGRVDDMR,SGHAT,FQNNGV,ASSWGGGSHYGYT,0
RAKFKQLL,SSVSVYYLSGSTLVAVIVNQAGTALIDFQATTSNEGSKASALLLGSNEQF,SSVSVY,YLSGSTLV,AVIVNQAGTALI,DFQATT,SNEGSKA,SALLLGSNEQF,0
GILGFVFTL,SVFSSVVTGGEVAGESNNNDMPLGHNAYSLEERASSQEHLGLVGEQF,SVFSS,VVTGGEV,AGESNNNDMP,LGHNA,YSLEER,ASSQEHLGLVGEQF,0
RAKFKQLL,SSVPPYYTSAATLVAVTPGGEKLIMGHRAYSYEKLASSPGGAETQY,SSVPPY,YTSAATLV,AVTPGGEKLI,MGHRA,YSYEKL,ASSPGGAETQY,0
KLGGALQAK,NSASDYIRSNMDKADSGGGADGLTMGHRAYSYEKLASSQDRGGPGELF,NSASDY,IRSNMDK,ADSGGGADGLT,MGHRA,YSYEKL,ASSQDRGGPGELF,0
KLGGALQAK,VTNFRSLTSSGIEAVRPNAGGTSYGKLTDFQATTSNEGSKASARDLRLLANTGELF,VTNFRS,LTSSGIE,AVRPNAGGTSYGKLT,DFQATT,SNEGSKA,SARDLRLLANTGELF,0
AVFDRKSDAK,DRGSQSIYSNGDAVNPLRDSNYQLIMGHRAYSYEKLASSQTRGAGNTIY,DRGSQS,IYSNGD,AVNPLRDSNYQLI,MGHRA,YSYEKL,ASSQTRGAGNTIY,0
IVTDFSVIK,DSSSTYIFSNMDMAHLGGSSNTGKLIMDHENSYDVKMAVNGGSNYGYT,DSSSTY,IFSNMDM,AHLGGSSNTGKLI,MDHEN,SYDVKM,AVNGGSNYGYT,0
IVTDFSVIK,DSASNYIRSNVGEAASGPGDDKIIMNHEYSMNVEVASSPHFQVDTGELF,DSASNY,IRSNVGE,AASGPGDDKII,MNHEY,SMNVEV,ASSPHFQVDTGELF,0
RAKFKQLL,TISGTDYGLTSNILRGNQFYSGHRSYFSETQASSPSLLEGNSYEQY,TISGTDY,GLTSN,ILRGNQFY,SGHRS,YFSETQ,ASSPSLLEGNSYEQY,0
RAKFKQLL,TISGTDYGLTSNILRGNYGGATNKLIMNHNSSASEGTASRITGESDQPQH,TISGTDY,GLTSN,ILRGNYGGATNKLI,MNHNS,SASEGT,ASRITGESDQPQH,1
FEDLRVLSF,TTLSNLVKSGEVAGKNSNDYKLSMNHEYSMNVEVASSPIRQDMGGYT,TTLSN,LVKSGEV,AGKNSNDYKLS,MNHEY,SMNVEV,ASSPIRQDMGGYT,0
NLVPMVATV,DRGSQSIYSNGDAVNGNARLMDFQATTSNEGSKASLIQGLGTEAF,DRGSQS,IYSNGD,AVNGNARLM,DFQATT,SNEGSKA,SLIQGLGTEAF,0
KLGGALQAK,TRDTTYYRNSFDEQNALMGDNNARLMENHRYSYGVKDAISATGVETQY,TRDTTYY,RNSFDEQN,ALMGDNNARLM,ENHRY,SYGVKD,AISATGVETQY,0
NLVPMVATV,YGGTVNYFSGDPLVAVSARLNTDKLISGHNSFNNNVPASSFSGNTGELF,YGGTVN,YFSGDPLV,AVSARLNTDKLI,SGHNS,FNNNVP,ASSFSGNTGELF,0
AVFDRKSDAK,VSGNPYYITGDNLVAVRDPLTPLVMNHEYSMNVEVASSLQSSYEQY,VSGNPY,YITGDNLV,AVRDPLTPLV,MNHEY,SMNVEV,ASSLQSSYEQY,0
AVFDRKSDAK,TTLSNLVKSGEVAGPEEGGSQGNLILNHDASQIVNDASSGRSTDTQY,TTLSN,LVKSGEV,AGPEEGGSQGNLI,LNHDA,SQIVND,ASSGRSTDTQY,0
AVFDRKSDAK,DSAIYNIQSSQREAEDSGNTPLVSEHNRFQNEAQASSLLGVSYYNEQF,DSAIYN,IQSSQRE,AEDSGNTPLV,SEHNR,FQNEAQ,ASSLLGVSYYNEQF,0
KLGGALQAK,TSINNIRSNEREAPEIQGAQKLVMNHNYSVGAGIASENRNTGELF,TSINN,IRSNERE,APEIQGAQKLV,MNHNY,SVGAGI,ASENRNTGELF,0
GILGFVFTL,DRGSQSIYSNGDAVRGAEYGNKLVKGHSHLQKENIASSPTGSVAEQY,DRGSQS,IYSNGD,AVRGAEYGNKLV,KGHSH,LQKENI,ASSPTGSVAEQY,1
GLCTLVAML,NSASDYIRSNMDKAEPSSASKIISGDLSYYNGEEASSEENTGELF,NSASDY,IRSNMDK,AEPSSASKII,SGDLS,YYNGEE,ASSEENTGELF,0
KLGGALQAK,NSMFDYISSIKDKAASPSGAGNMLTMDHENSYDVKMASSQLTTGTFTGELF,NSMFDY,ISSIKDK,AASPSGAGNMLT,MDHEN,SYDVKM,ASSQLTTGTFTGELF,0
AVFDRKSDAK,DSASNYIRSNVGEAAFAINAGGTSYGKLTSGHDYFNNNVPASRTLAGPYNEQF,DSASNY,IRSNVGE,AAFAINAGGTSYGKLT,SGHDY,FNNNVP,ASRTLAGPYNEQF,1
GILGFVFTL,DSSSTYIFSNMDMAEGYINQGGKLISGHNTYYREEEASSFTGPDEQF,DSSSTY,IFSNMDM,AEGYINQGGKLI,SGHNT,YYREEE,ASSFTGPDEQF,0
LLWNGPMAV,NSASQSVYSSGVARYNFNKFYGTSNPNSVGIGAWSVLGGNTEAF,NSASQS,VYSSG,VARYNFNKFY,GTSNPN,SVGIG,AWSVLGGNTEAF,0
NLVPMVATV,DRGSQSIYSNGDAVTSVGNKLTMNHEYSMNVEVASSLSGTNGYT,DRGSQS,IYSNGD,AVTSVGNKLT,MNHEY,SMNVEV,ASSLSGTNGYT,0
NLVPMVATV,DSASNYIRSNVGEAASETSYDKVISEHNRFQNEAQASSSLGGGNTEAF,DSASNY,IRSNVGE,AASETSYDKVI,SEHNR,FQNEAQ,ASSSLGGGNTEAF,0
IVTDFSVIK,SSVSVYYLSGSTLVAVSAGRGSTLGRLYLNHDASQIVNDASSVKTGAGREQY,SSVSVY,YLSGSTLV,AVSAGRGSTLGRLY,LNHDA,SQIVND,ASSVKTGAGREQY,1
KLGGALQAK,TSGFYGNALDGLAVRDQWAGNTPLVMNHEYSVGAGIASSYEAGPANEQF,TSGFYG,NALDGL,AVRDQWAGNTPLV,MNHEY,SVGAGI,ASSYEAGPANEQF,1
RAKFKQLL,DSAIYNIQSSQREAAALYNNAGNMLTLNHDASQIVNDASSIYSNQPQH,DSAIYN,IQSSQRE,AAALYNNAGNMLT,LNHDA,SQIVND,ASSIYSNQPQH,0
CINGVCWTV,NIATNDYGYKTKLVGDNGSGNTGKLILGHNAYNFKEQASSQEVSGVWGELF,NIATNDY,GYKTK,LVGDNGSGNTGKLI,LGHNA,YNFKEQ,ASSQEVSGVWGELF,1
RAKFKQLL,DSSSTYIFSNMDMAEYSSAFKIISGHDNFVKESKASSQSPGGTQY,DSSSTY,IFSNMDM,AEYSSAFKII,SGHDN,FVKESK,ASSQSPGGTQY,0
AVFDRKSDAK,SIFNTLYKAGELAGQLSGGYQKVTDFQATTSNEGSKASARDQLREDNYGYT,SIFNT,LYKAGEL,AGQLSGGYQKVT,DFQATT,SNEGSKA,SARDQLREDNYGYT,0
KLGGALQAK,NSASQSVYSSGVVNIVGYSTLTWSHSYSAAADIASSESHGSTYEQF,NSASQS,VYSSG,VVNIVGYSTLT,WSHSY,SAAADI,ASSESHGSTYEQF,1
GILGFVFTL,TSDQSYGQGSYDEQNAMRELTSGTYKYILGHDTYNNKELASSQPLGLAEKETQY,TSDQSYG,QGSYDEQN,AMRELTSGTYKYI,LGHDT,YNNKEL,ASSQPLGLAEKETQY,0
AVFDRKSDAK,TSENNYYQEAYKQQNAFMKLESYMDSNYQLIMNHEYSVGEGTASSYLGDIQFNQPQH,TSENNYY,QEAYKQQN,AFMKLESYMDSNYQLI,MNHEY,SVGEGT,ASSYLGDIQFNQPQH,0
GPRLGVRAT,DRGSQSIYSNGDAGLEYGNKLVSGDLSYYNGEEASSVGVLAGNEQF,DRGSQS,IYSNGD,AGLEYGNKLV,SGDLS,YYNGEE,ASSVGVLAGNEQF,0
RAKFKQLL,DSAIYNIQSSQREAEDSGNTPLVSEHNRFQNEAQASSLLGVSYYNEQF,DSAIYN,IQSSQRE,AEDSGNTPLV,SEHNR,FQNEAQ,ASSLLGVSYYNEQF,0
KLGGALQAK,TSINNIRSNEREATLDGTYKYISGDLSYYNGEEASSANRALTDTQY,TSINN,IRSNERE,ATLDGTYKYI,SGDLS,YYNGEE,ASSANRALTDTQY,1
IVTDFSVIK,NSASQSVYSSGVVNKNNDMRSGHRSYFSETQASGEENTGELF,NSASQS,VYSSG,VVNKNNDMR,SGHRS,YFSETQ,ASGEENTGELF,0
CINGVCWTV,DSASNYIRSNVGEAASGPGDDKIIMNHEYSMNVEVASSPHFQVDTGELF,DSASNY,IRSNVGE,AASGPGDDKII,MNHEY,SMNVEV,ASSPHFQVDTGELF,0
SPRWYFYYL,YGATPYYFSGDTLVAVGPFSGGYNKLIMNHEYSVGEGTASLPVAGGYNEQF,YGATPY,YFSGDTLV,AVGPFSGGYNKLI,MNHEY,SVGEGT,ASLPVAGGYNEQF,0
GILGFVFTL,NIATNDYGYKTKLPSGTYKYISEHNRFQNEAQASSFMGQLDEQF,NIATNDY,GYKTK,LPSGTYKYI,SEHNR,FQNEAQ,ASSFMGQLDEQF,0
KSKRTPMGF,DRGSQSIYSNGDAVNGNNDMRDFQATTSNEGSKASASQDPYEQY,DRGSQS,IYSNGD,AVNGNNDMR,DFQATT,SNEGSKA,SASQDPYEQY,0
RAKFKQLL,TTSDRLLSNGAVAKGSQGNLILGHDTYNNKELASKLFGTANEQF,TTSDR,LLSNGAV,AKGSQGNLI,LGHDT,YNNKEL,ASKLFGTANEQF,0
RAKFKQLL,DSSSTYIFSNMDMAEDSASKIIDFQATTSNEGSKASARDETGNGYT,DSSSTY,IFSNMDM,AEDSASKII,DFQATT,SNEGSKA,SARDETGNGYT,0
RPPIFIRRL,TSENNYYQEAYKQQNAFSYNNNDMRMGHRAYSYEKLASSQETGIYTQY,TSENNYY,QEAYKQQN,AFSYNNNDMR,MGHRA,YSYEKL,ASSQETGIYTQY,1
AVFDRKSDAK,DRGSQSIYSNGDAVTARLMMGHRAYSYEKLASRAEDSGVHEQF,DRGSQS,IYSNGD,AVTARLM,MGHRA,YSYEKL,ASRAEDSGVHEQF,1
AVFDRKSDAK,TRDTTYYRNSFDEQNALSEDGNDYKLSLNHDASQIVNDATGFPYEQY,TRDTTYY,RNSFDEQN,ALSEDGNDYKLS,LNHDA,SQIVND,ATGFPYEQY,0
RAKFKQLL,DRGSQSIYSNGDALNTGGFKTILGHNAYNFKEQASSQETSGGASQF,DRGSQS,IYSNGD,ALNTGGFKTI,LGHNA,YNFKEQ,ASSQETSGGASQF,0
GILGFVFTL,SSVPPYYTSAATLVAVIGGYQKVTDFQATTSNEGSKASAGQGSNEKLF,SSVPPY,YTSAATLV,AVIGGYQKVT,DFQATT,SNEGSKA,SAGQGSNEKLF,0
LLWNGPMAV,DRGSQSIYSNGDAVTTDKLISGDLSYYNGEEASSVAGGAYEQY,DRGSQS,IYSNGD,AVTTDKLI,SGDLS,YYNGEE,ASSVAGGAYEQY,1
SPRWYFYYL,DRGSQSIYSNGDAVLGFGNVLHSGHNSFNNNVPASSPTGF,DRGSQS,IYSNGD,AVLGFGNVLH,SGHNS,FNNNVP,ASSPTGF,0
RAKFKQLL,NSASDYIRSNMDKAETPSTDSWGKSQLNHDASQIVNDASSMQTSGSAYNEQF,NSASDY,IRSNMDK,AETPSTDSWGKSQ,LNHDA,SQIVND,ASSMQTSGSAYNEQF,0
ELAGIGILTV,NSASQSVYSSGVVNMAGGGNKLTMGHDKSYGVNSASSGKDSFYEQY,NSASQS,VYSSG,VVNMAGGGNKLT,MGHDK,SYGVNS,ASSGKDSFYEQY,0
RAKFKQLL,DRGSQSIYSNGDAVDDKIISGHRSYFSETQASSPDRGLAGELF,DRGSQS,IYSNGD,AVDDKII,SGHRS,YFSETQ,ASSPDRGLAGELF,0
RAKFKQLL,DRGSQSIYSNGDAVSVGAGNMLTSSHATFNYEAQASSLTESYEQY,DRGSQS,IYSNGD,AVSVGAGNMLT,SSHAT,FNYEAQ,ASSLTESYEQY,0
RAKFKQLL,DRGSQSIYSNGDAVSGDKIIMNHEYSVGAGIASSSGSPGSYGYT,DRGSQS,IYSNGD,AVSGDKII,MNHEY,SVGAGI,ASSSGSPGSYGYT,0
LLWNGPMAV,NTAFDYIRPDVSEAASITPGTYKYIDFQATTSNEGSKASATDRANVNQPQH,NTAFDY,IRPDVSE,AASITPGTYKYI,DFQATT,SNEGSKA,SATDRANVNQPQH,0
GILGFVFTL,SIFNTLYKAGELAGQENYGQNFVLGHNTFRNRAPARRVVTGGPRNNEQF,SIFNT,LYKAGEL,AGQENYGQNFV,LGHNT,FRNRAP,ARRVVTGGPRNNEQF,0
GILGFVFTL,TRDTTYYRNSFDEQNALKHNNARLMSGHVSFNYEAQASSPLAGVSDTQY,TRDTTYY,RNSFDEQN,ALKHNNARLM,SGHVS,FNYEAQ,ASSPLAGVSDTQY,0
KLGGALQAK,VSGNPYYITGDNLVAVRDLNARLMDFQATTSNEGSKASAREEGTQAWETQY,VSGNPY,YITGDNLV,AVRDLNARLM,DFQATT,SNEGSKA,SAREEGTQAWETQY,0
CINGVCWTV,DSSSTYIFSNMDMAEGGNTGKLISGHDTYYEEEEASSWNRDRYNTEAF,DSSSTY,IFSNMDM,AEGGNTGKLI,SGHDT,YYEEEE,ASSWNRDRYNTEAF,0
KLGGALQAK,TRDTTYYRNSFDEQNALSEASGNAGNMLTMNHEYSMNVEVASSSPTSGDYEQY,TRDTTYY,RNSFDEQN,ALSEASGNAGNMLT,MNHEY,SMNVEV,ASSSPTSGDYEQY,0
GILGFVFTL,DSAIYNIQSSQREATYLCAAGDDKIISGHVSFQNEAQASSLQNTGELF,DSAIYN,IQSSQRE,ATYLCAAGDDKII,SGHVS,FQNEAQ,ASSLQNTGELF,0
RAKFKQLL,DSASNYIRSNVGEAASETSYDKVISGHNSFNNNVPASTQQGSYGYT,DSASNY,IRSNVGE,AASETSYDKVI,SGHNS,FNNNVP,ASTQQGSYGYT,1
AVFDRKSDAK,DRGSQSIYSNGDAVNDDKIILNHNVYYDKDFATGRDRAYEQY,DRGSQS,IYSNGD,AVNDDKII,LNHNV,YYDKDF,ATGRDRAYEQY,0
YLQPRTFLL,SSVSVYYLSGSTLVAVKIKAAGNKLTPRHDTFYEKMQASSSTGGKETQY,SSVSVY,YLSGSTLV,AVKIKAAGNKLT,PRHDT,FYEKMQ,ASSSTGGKETQY,0
RAKFKQLL,DSAIYNIQSSQREAPKTGANNLFSGHKSYYEKEEASSGPGGVDEQY,DSAIYN,IQSSQRE,APKTGANNLF,SGHKS,YYEKEE,ASSGPGGVDEQY,1
LLWNGPMAV,TISGNEYGLKNNIVRVTMDSNYQLILGHDTYNNKELASSQDRGATDELF,TISGNEY,GLKNN,IVRVTMDSNYQLI,LGHDT,YNNKEL,ASSQDRGATDELF,0
AVFDRKSDAK,SVFSSVVTGGEVAGAGSQGNLISGHRSYFSETQASSPGGLAGADTQY,SVFSS,VVTGGEV,AGAGSQGNLI,SGHRS,YFSETQ,ASSPGGLAGADTQY,0
ELAGIGILTV,TSINNIRSNEREATPLDSWGKLQLGHDTYNNKELASSHRTTYNEQF,TSINN,IRSNERE,ATPLDSWGKLQ,LGHDT,YNNKEL,ASSHRTTYNEQF,0
KLGGALQAK,DSAIYNIQSSQREAVRNTGGFKTISGHATFQNNGVASSLSGQLDTQY,DSAIYN,IQSSQRE,AVRNTGGFKTI,SGHAT,FQNNGV,ASSLSGQLDTQY,0
NLVPMVATV,NSASDYIRSNMDKAENRGTALILGHNAYNFKEQASSQRPSEVGELF,NSASDY,IRSNMDK,AENRGTALI,LGHNA,YNFKEQ,ASSQRPSEVGELF,0
IVTDFSVIK,NIATNDYGYKTKLVGEAGGFKTISGHTAFQGTGAASSLTVSLSPDLNEQF,NIATNDY,GYKTK,LVGEAGGFKTI,SGHTA,FQGTGA,ASSLTVSLSPDLNEQF,0
RFPLTFGWCF,TRDTTYYRNSFDEQNALSGDTGNQFYKGHSHLQKENIASSPSQGGNTDTQY,TRDTTYY,RNSFDEQN,ALSGDTGNQFY,KGHSH,LQKENI,ASSPSQGGNTDTQY,0
GILGFVFTL,YGATPYYFSGDTLVAVGDNFNKFYMDHENSYDVKMASRPQQGHNSPLH,YGATPY,YFSGDTLV,AVGDNFNKFY,MDHEN,SYDVKM,ASRPQQGHNSPLH,0
SLFNTVATLY,DRGSQSIYSNGDASVGMDSSYKLISGHNSFNNNVPASSFSGNTGELF,DRGSQS,IYSNGD,ASVGMDSSYKLI,SGHNS,FNNNVP,ASSFSGNTGELF,0
KLGGALQAK,NSASDYIRSNMDKAENRGTALILGHNAYNFKEQASSQRPSEVGELF,NSASDY,IRSNMDK,AENRGTALI,LGHNA,YNFKEQ,ASSQRPSEVGELF,0
RAKFKQLL,DSSSTYIFSNMDMAEDKDARLMDFQATTSNEGSKASARDRIGNTIY,DSSSTY,IFSNMDM,AEDKDARLM,DFQATT,SNEGSKA,SARDRIGNTIY,0
SLFNTVATLY,DRGSQSIYSNGDAVGSNDYKLSSGHDTYYEEEEASSFGGRSYEQY,DRGSQS,IYSNGD,AVGSNDYKLS,SGHDT,YYEEEE,ASSFGGRSYEQY,1
AVFDRKSDAK,TSINNIRSNEREATASTSGTYKYIPRHDTFYEKMQASSLGGQGSNEQF,TSINN,IRSNERE,ATASTSGTYKYI,PRHDT,FYEKMQ,ASSLGGQGSNEQF,0
LLWNGPMAV,DRGSQSIYSNGDAVNEGLGSARQLTKGHDRSFDVKDATSDSSGGSGYT,DRGSQS,IYSNGD,AVNEGLGSARQLT,KGHDR,SFDVKD,ATSDSSGGSGYT,0
ELAGIGILTV,NTAFDYIRPDVSEAAHSGNTPLVMNHEYSMNVEVASSQTETSYEQY,NTAFDY,IRPDVSE,AAHSGNTPLV,MNHEY,SMNVEV,ASSQTETSYEQY,0
KLGGALQAK,YGATPYYFSGDTLVAVGFNNNDMRWNHNNSYGVQDASSESRLDGYT,YGATPY,YFSGDTLV,AVGFNNNDMR,WNHNN,SYGVQD,ASSESRLDGYT,1
LLWNGPMAV,VSGNPYYITGDNLVAVDSSASKIIDFQATTSNEGSKASAPARSEPYEQY,VSGNPY,YITGDNLV,AVDSSASKII,DFQATT,SNEGSKA,SAPARSEPYEQY,0
LLWNGPMAV,DRGSQSIYSNGDAVNKVTSGGSNYKLTSGHNSFNNNVPASSFLDRGPNTEAF,DRGSQS,IYSNGD,AVNKVTSGGSNYKLT,SGHNS,FNNNVP,ASSFLDRGPNTEAF,0
IVTDFSVIK,NSASDYIRSNMDKAENSSLAGKSTMGHRAYSYEKLASSQDRGGPGELF,NSASDY,IRSNMDK,AENSSLAGKST,MGHRA,YSYEKL,ASSQDRGGPGELF,0
GLCTLVAML,NSASDYIRSNMDKAENSSLAGKSTMGHRAYSYEKLASSQDRGGPGELF,NSASDY,IRSNMDK,AENSSLAGKST,MGHRA,YSYEKL,ASSQDRGGPGELF,0
KLGGALQAK,TSESDYYQEAYKQQNAYRSLDLSGNTPLVMNHEYSMNVEVASSLYIQGGEQY,TSESDYY,QEAYKQQN,AYRSLDLSGNTPLV,MNHEY,SMNVEV,ASSLYIQGGEQY,0
RAKFKQLL,SVFSSVVTGGEVAGGGFADYGGSQGNLILNHDASQIVNDASSLYSNQPQH,SVFSS,VVTGGEV,AGGGFADYGGSQGNLI,LNHDA,SQIVND,ASSLYSNQPQH,0
HPVTKYIM,VSGNPYYITGDNLVAPPRGSSNTGKLISGHDTYYEEEEASSLGRAVIWGYT,VSGNPY,YITGDNLV,APPRGSSNTGKLI,SGHDT,YYEEEE,ASSLGRAVIWGYT,0
GILGFVFTL,TSGFNGNVLDGLAVSNDYKLSSGDLSYYNGEEASSVGLAGSNEQF,TSGFNG,NVLDGL,AVSNDYKLS,SGDLS,YYNGEE,ASSVGLAGSNEQF,0
SPRWYFYYL,DRGSQSIYSNGDAVSGGADGLTMGHRAYSYEKLASSQDLAGGLKF,DRGSQS,IYSNGD,AVSGGADGLT,MGHRA,YSYEKL,ASSQDLAGGLKF,0
SPRWYFYYL,DRGSQSIYSNGDAVTNYGGSQGNLIKGHDRSFDVKDATRRPGQQETQY,DRGSQS,IYSNGD,AVTNYGGSQGNLI,KGHDR,SFDVKD,ATRRPGQQETQY,0
GILGFVFTL,VSGNPYYITGDNLVAVRDKDTGFQKLVLGHNTFRNRAPASGLGPLAQTYNEQF,VSGNPY,YITGDNLV,AVRDKDTGFQKLV,LGHNT,FRNRAP,ASGLGPLAQTYNEQF,0
KLGGALQAK,SVFSSVVTGGEVAGAPGGGSQGNLILNHDASQIVNDASSLTVLYGYT,SVFSS,VVTGGEV,AGAPGGGSQGNLI,LNHDA,SQIVND,ASSLTVLYGYT,0
CINGVCWTV,DSASNYIRSNVGEAPPSMNHEYSVGEGTASSWGQGSPLH,DSASNY,IRSNVGE,APPS,MNHEY,SVGEGT,ASSWGQGSPLH,0
RAKFKQLL,DSAIYNIQSSQREADSPDNYGQNFVMDHENSYDVKMASSFGTTSSGGELF,DSAIYN,IQSSQRE,ADSPDNYGQNFV,MDHEN,SYDVKM,ASSFGTTSSGGELF,0
KLGGALQAK,TSENNYYQEAYKQQNAFMKGSGGSQGNLISGDLSYYNGEEASSPRREYTYEQY,TSENNYY,QEAYKQQN,AFMKGSGGSQGNLI,SGDLS,YYNGEE,ASSPRREYTYEQY,0
GILGFVFTL,DSAIYNIQSSQREAVVGSDYKLSMNHEYSMNVEVASSSGTPLNGYT,DSAIYN,IQSSQRE,AVVGSDYKLS,MNHEY,SMNVEV,ASSSGTPLNGYT,0
DATYQRTRALVR,YGATPYYFSGDTLVAVDDTNAGKSTLNHDASHIVNDASSLRSTDTQY,YGATPY,YFSGDTLV,AVDDTNAGKST,LNHDA,SHIVND,ASSLRSTDTQY,0
RAKFKQLL,DRGSQSIYSNGDAVPYSGGGADGLTKGHDRSFDVKDATSDFPPGVRGAPQETQY,DRGSQS,IYSNGD,AVPYSGGGADGLT,KGHDR,SFDVKD,ATSDFPPGVRGAPQETQY,0
GILGFVFTL,SSVPPYYTSAATLVAVPNTGNQFYSGHTAFQGTGAASSPPTNYGYT,SSVPPY,YTSAATLV,AVPNTGNQFY,SGHTA,FQGTGA,ASSPPTNYGYT,0
AVFDRKSDAK,TRDTTYYRNSFDEQNALSENDYKLSSEHNRFQNEAQASTEEARRPYGYT,TRDTTYY,RNSFDEQN,ALSENDYKLS,SEHNR,FQNEAQ,ASTEEARRPYGYT,0
GLCTLVAML,DSSSTYIFSNMDMAEGYINQGGKLISGHNTYYREEEASSFTGPDEQF,DSSSTY,IFSNMDM,AEGYINQGGKLI,SGHNT,YYREEE,ASSFTGPDEQF,0
AVFDRKSDAK,DRGSQSIYSNGDAVDTGGGADGLTSNHLYFYNNEIARGQDAANTGELF,DRGSQS,IYSNGD,AVDTGGGADGLT,SNHLY,FYNNEI,ARGQDAANTGELF,0
AVFDRKSDAK,VSGLRGLYSAGEEAALLDFGNEKLTMGHRAYSYEKLASSLLWAEYNEQF,VSGLRG,LYSAGEE,AALLDFGNEKLT,MGHRA,YSYEKL,ASSLLWAEYNEQF,0
NLVPMVATV,DRGSQSIYSNGDAVNNNAGNMLTFGSEHNRFQNEAQASSLAQGWGAFFG,DRGSQS,IYSNGD,AVNNNAGNMLTFG,SEHNR,FQNEAQ,ASSLAQGWGAFFG,0
NLVPMVATV,TISGTDYGLTSNILPLAGGTSYGKLTLNHDASQIVNDASSISSINEQF,TISGTDY,GLTSN,ILPLAGGTSYGKLT,LNHDA,SQIVND,ASSISSINEQF,0
IVTDFSVIK,VSGLRGLYSAGEEAVQGILTGGGNKLTMDHENSYDVKMASSLYKSSYNEQF,VSGLRG,LYSAGEE,AVQGILTGGGNKLT,MDHEN,SYDVKM,ASSLYKSSYNEQF,1
AVFDRKSDAK,NIATNDYGYKTKLVNTNAGKSTLGHNAYNFKEQASSQEVGQRLLNTGELF,NIATNDY,GYKTK,LVNTNAGKST,LGHNA,YNFKEQ,ASSQEVGQRLLNTGELF,0
NLVPMVATV,DRGSQSIYSNGDAVEGGKLISQVTMANQGSEASVEGRGTDTQY,DRGSQS,IYSNGD,AVEGGKLI,SQVTM,ANQGSEA,SVEGRGTDTQY,0
IVTDFSVIK,DRGSQSIYSNGDAVSGGNQFYSGHNTYYREEEASSLTGETEKLF,DRGSQS,IYSNGD,AVSGGNQFY,SGHNT,YYREEE,ASSLTGETEKLF,0
AVFDRKSDAK,DRGSQSIYSNGDAVSVGAGNMLTSSHATFNYEAQASSLTESYEQY,DRGSQS,IYSNGD,AVSVGAGNMLT,SSHAT,FNYEAQ,ASSLTESYEQY,0
GILGFVFTL,SSVPPYYTSAATLVAVTDNNNNDMRMNHNSSASEGTASSDRLENNEKLF,SSVPPY,YTSAATLV,AVTDNNNNDMR,MNHNS,SASEGT,ASSDRLENNEKLF,0
RAKFKQLL,ATGYPSATKADDKALSRAGGTSYGKLTPRHDTFYEKMQASSSRQGAANEKLF,ATGYPS,ATKADDK,ALSRAGGTSYGKLT,PRHDT,FYEKMQ,ASSSRQGAANEKLF,0
AVFDRKSDAK,NSMFDYISSIKDKAASGGSNYKLTSGHTSYDEGEEASSSAVIRGLDWCYT,NSMFDY,ISSIKDK,AASGGSNYKLT,SGHTS,YDEGEE,ASSSAVIRGLDWCYT,0
RAKFKQLL,TSENNYYQEAYKQQNAFMKGAGGTSYGKLTLGHNAYSLEERASSQEIGFSPLH,TSENNYY,QEAYKQQN,AFMKGAGGTSYGKLT,LGHNA,YSLEER,ASSQEIGFSPLH,0
IVTDFSVIK,TSENNYYQEAYKQQNAFMINAGGTSYGKLTSGHATFQNNGVASSWGGGSHYGYT,TSENNYY,QEAYKQQN,AFMINAGGTSYGKLT,SGHAT,FQNNGV,ASSWGGGSHYGYT,1
KLGGALQAK,DRGSQSIYSNGDAVGGSARQLTSNHLYFYNNEIASSEGQTGNTIY,DRGSQS,IYSNGD,AVGGSARQLT,SNHLY,FYNNEI,ASSEGQTGNTIY,0
KLGGALQAK,TSENNYYQEAYKQQNFMTATFTSGTYKYLNHDASQIVNDSSLAGPYNEQ,TSENNYY,QEAYKQQN,FMTATFTSGTYKY,LNHDA,SQIVND,SSLAGPYNEQ,0
KLGGALQAK,DRGSQSIYSNGDAVNNNAGNMLTFGSEHNRFQNEAQASSLAQGWGAFFG,DRGSQS,IYSNGD,AVNNNAGNMLTFG,SEHNR,FQNEAQ,ASSLAQGWGAFFG,0
SPRWYFYYL,DRGSQSIYSNGDAVSFGNEKLTFGMDHENSYDVKMAEGQGFVGQPQHFG,DRGSQS,IYSNGD,AVSFGNEKLTFG,MDHEN,SYDVKM,AEGQGFVGQPQHFG,0
RFPLTFGWCF,YGATPYYFSGDTLVAVGAPSTSGTYKYIMGHRAYSYEKLASSPTEGGSSTYEQY,YGATPY,YFSGDTLV,AVGAPSTSGTYKYI,MGHRA,YSYEKL,ASSPTEGGSSTYEQY,1
GILGFVFTL,TRDTTYYRNSFDEQNALSGPGTSFLGSARQLTSGHDTYYEEEEASSLRDGSEAF,TRDTTYY,RNSFDEQN,ALSGPGTSFLGSARQLT,SGHDT,YYEEEE,ASSLRDGSEAF,0
GILGFVFTL,DRGSQSIYSNGDAVEVAGKSTLGHNAYNFKEQASSQEAGPSSYEQY,DRGSQS,IYSNGD,AVEVAGKST,LGHNA,YNFKEQ,ASSQEAGPSSYEQY,0
GILGFVFTL,TSINNIRSNEREATASTSGTYKYIPRHDTFYEKMQASSLGGQGSNEQF,TSINN,IRSNERE,ATASTSGTYKYI,PRHDT,FYEKMQ,ASSLGGQGSNEQF,0
GILGFVFTL,DRGSQSIYSNGDAVGAPTNDYKLSMNHEYSMNVEVASSPGTGAYEQY,DRGSQS,IYSNGD,AVGAPTNDYKLS,MNHEY,SMNVEV,ASSPGTGAYEQY,0
AVFDRKSDAK,DRGSQSIYSNGDAASGGTYKYISGDLSYYNGEEASSSGRLTNTEAF,DRGSQS,IYSNGD,AASGGTYKYI,SGDLS,YYNGEE,ASSSGRLTNTEAF,0
KLGGALQAK,NSASDYIRSNMDKADSGGGADGLTSGHNSFNNNVPASSFSGNTGELF,NSASDY,IRSNMDK,ADSGGGADGLT,SGHNS,FNNNVP,ASSFSGNTGELF,0
RAKFKQLL,DRGSQSIYSNGDAVILTGGGNKLTMDHENSYDVKMASTPSFEGTYEQY,DRGSQS,IYSNGD,AVILTGGGNKLT,MDHEN,SYDVKM,ASTPSFEGTYEQY,0
GILGFVFTL,NIATNDYGYKTKLLYRDDKIISGHATFQNNGVASSLFRGGEKLF,NIATNDY,GYKTK,LLYRDDKII,SGHAT,FQNNGV,ASSLFRGGEKLF,0
GLCTLVAML,TSGFNGNVLDGLAVLDSNYQLISGDLSYYNGEEASSSGRLTNTEAF,TSGFNG,NVLDGL,AVLDSNYQLI,SGDLS,YYNGEE,ASSSGRLTNTEAF,1
GLCTLVAML,YGGTVNYFSGDPLVAVNAQGGGSTLGRLYLNHDASQIVNDASSIHGLETQY,YGGTVN,YFSGDPLV,AVNAQGGGSTLGRLY,LNHDA,SQIVND,ASSIHGLETQY,0
GILGFVFTL,TSDPSYGQGSYDQQNAITGGFKTISGDLSYYNGEEASSSKPGGDYNEQF,TSDPSYG,QGSYDQQN,AITGGFKTI,SGDLS,YYNGEE,ASSSKPGGDYNEQF,0
NLVPMVATV,TSENNYYQEAYKQQNAFMSVDRGSTLGRLYMDHENSYDVKMASSYITDQETQY,TSENNYY,QEAYKQQN,AFMSVDRGSTLGRLY,MDHEN,SYDVKM,ASSYITDQETQY,0
NLVPMVATV,TSDPSYGQGSYDQQNAMREGRGTGANNLFSGHRSYFSETQASSLVAEPSLNTEAF,TSDPSYG,QGSYDQQN,AMREGRGTGANNLF,SGHRS,YFSETQ,ASSLVAEPSLNTEAF,0
GPRLGVRAT,SSVSVYYLSGSTLVAVKIKAAGNKLTPRHDTFYEKMQASSSTGGKETQY,SSVSVY,YLSGSTLV,AVKIKAAGNKLT,PRHDT,FYEKMQ,ASSSTGGKETQY,0
ELAGIGILTV,YGATPYYFSGDTLVAVGAPGYSGTYKYIMDHENSYDVKMASSLEVARLAGEGYEQY,YGATPY,YFSGDTLV,AVGAPGYSGTYKYI,MDHEN,SYDVKM,ASSLEVARLAGEGYEQY,0
NLVPMVATV,DRGSQSIYSNGDAVSGQKLLDFQATTSNEGSKASASDNMVGAYEQY,DRGSQS,IYSNGD,AVSGQKLL,DFQATT,SNEGSKA,SASDNMVGAYEQY,0
KLGGALQAK,YGATPYYFSGDTLVAVGLNNNAGNMLTLGHNAYSLEERASSQAYDARYEQF,YGATPY,YFSGDTLV,AVGLNNNAGNMLT,LGHNA,YSLEER,ASSQAYDARYEQF,0
YLQPRTFLL,NSASQSVYSSGVVNRNNDMRSGHNSFNNNVPALGDLNTGELF,NSASQS,VYSSG,VVNRNNDMR,SGHNS,FNNNVP,ALGDLNTGELF,1
AVFDRKSDAK,SSVSVYYLSGSTLVKAPLVMNHEYSMNVEVASREGSYPKNIQY,SSVSVY,YLSGSTLV,KAPLV,MNHEY,SMNVEV,ASREGSYPKNIQY,0
AVFDRKSDAK,SVFSSVVTGGEVAGDDQGGKLILNHDASHIVNDASSIRSSYEQY,SVFSS,VVTGGEV,AGDDQGGKLI,LNHDA,SHIVND,ASSIRSSYEQY,0
KLGGALQAK,TISGTDYGLTSNILNYGGSQGNLIDFQATTSNEGSKASASEGMGYNEQF,TISGTDY,GLTSN,ILNYGGSQGNLI,DFQATT,SNEGSKA,SASEGMGYNEQF,1
AVFDRKSDAK,NSASQSVYSSGVVNHFRDDKIILGHNAYSLEERASSQTGFPTTNEKLF,NSASQS,VYSSG,VVNHFRDDKII,LGHNA,YSLEER,ASSQTGFPTTNEKLF,1
RAKFKQLL,TTSDRLLSNGAVAVDISNAGNMLTSQVTMANQGSEASVVDYGYT,TTSDR,LLSNGAV,AVDISNAGNMLT,SQVTM,ANQGSEA,SVVDYGYT,0
KLGGALQAK,SSYSPSYTSAATLVVVSDPGFGNEKLTSGDLSYYNGEEASSVGADPPNTEAF,SSYSPS,YTSAATLV,VVSDPGFGNEKLT,SGDLS,YYNGEE,ASSVGADPPNTEAF,0
RAKFKQLL,NSASQSVYSSGVVNEKEGNMLTSQVTMANQGSEASVGEGLAYEQY,NSASQS,VYSSG,VVNEKEGNMLT,SQVTM,ANQGSEA,SVGEGLAYEQY,0
AVFDRKSDAK,SIFNTLYKAGELAGLSGSARQLTFGSGHNSFNNNVPASSLFPGGNTGELFFG,SIFNT,LYKAGEL,AGLSGSARQLTFG,SGHNS,FNNNVP,ASSLFPGGNTGELFFG,0
KLGGALQAK,SIFNTLYKAGELAGQLSGGYQKVTDFQATTSNEGSKASARDQLREDNYGYT,SIFNT,LYKAGEL,AGQLSGGYQKVT,DFQATT,SNEGSKA,SARDQLREDNYGYT,1
IVTDFSVIK,SIFNTLYKAGELAGHTGNQFYSGHATFQNNGVASSSNQGDNQPQH,SIFNT,LYKAGEL,AGHTGNQFY,SGHAT,FQNNGV,ASSSNQGDNQPQH,1
LLWNGPMAV,YGATPYYFSGDTLVAVGNLDGGSQGNLISGHKSYYEKEEASVGSYNEQF,YGATPY,YFSGDTLV,AVGNLDGGSQGNLI,SGHKS,YYEKEE,ASVGSYNEQF,0
FEDLRVLSF,SSYSPSYTSAATLVVVSAGSIVSGGYNKLIENHRYSYGVKDAIRDKMNTEAF,SSYSPS,YTSAATLV,VVSAGSIVSGGYNKLI,ENHRY,SYGVKD,AIRDKMNTEAF,0
KLGGALQAK,VSGNPYYITGDNLVAVRDGGSQGNLILNHDASQIVNDASSPTGTSEQF,VSGNPY,YITGDNLV,AVRDGGSQGNLI,LNHDA,SQIVND,ASSPTGTSEQF,0
ELAGIGILTV,DRGSQSIYSNGDAVNGNNNDMRLNHDASQIVNDASAWGGMTNEQY,DRGSQS,IYSNGD,AVNGNNNDMR,LNHDA,SQIVND,ASAWGGMTNEQY,1
GILGFVFTL,DSSSTYIFSNMDMAESTPGKLISGHDNFVKESKASSQSPGGITY,DSSSTY,IFSNMDM,AESTPGKLI,SGHDN,FVKESK,ASSQSPGGITY,0
GILGFVFTL,DSASNYIRSNVGEAAKLSDSSYKLISGHATFQNNGVASSFWGRNVDTQY,DSASNY,IRSNVGE,AAKLSDSSYKLI,SGHAT,FQNNGV,ASSFWGRNVDTQY,0
LLWNGPMAV,NIATNDYGYKTKLVGGTGTASKLTMNHNSSASEGTASRETGGVWETQY,NIATNDY,GYKTK,LVGGTGTASKLT,MNHNS,SASEGT,ASRETGGVWETQY,0
LLWNGPMAV,DSASNYIRSNVGEAASETSYDKVIDFQATTSNEGSKASARALPVGNTIY,DSASNY,IRSNVGE,AASETSYDKVI,DFQATT,SNEGSKA,SARALPVGNTIY,0
RAKFKQLL,TRDTTYYRNSFDEQNALSPRPGRRALTMNHEYSVGAGIASSFGQNTGELF,TRDTTYY,RNSFDEQN,ALSPRPGRRALT,MNHEY,SVGAGI,ASSFGQNTGELF,0
GILGFVFTL,TSESDYYQEAYKQQNAYRTPYGGSQGNLIDFQATTSNEGSKASARPRESSNQPQH,TSESDYY,QEAYKQQN,AYRTPYGGSQGNLI,DFQATT,SNEGSKA,SARPRESSNQPQH,0
RAKFKQLL,DSSSTYIFSNMDMAESKNNNARLMMNHNSSASEGTASSEAGLGGELF,DSSSTY,IFSNMDM,AESKNNNARLM,MNHNS,SASEGT,ASSEAGLGGELF,0
CINGVCWTV,YGGTVNYFSGDPLVAVNAYPHNYGQNFVMNHEYSMNVEVASSPHFQVDTGELF,YGGTVN,YFSGDPLV,AVNAYPHNYGQNFV,MNHEY,SMNVEV,ASSPHFQVDTGELF,0
GILGFVFTL,VTNFRSLTSSGIEAVRPNAGGTSYGKLTDFQATTSNEGSKASARDLRLLANTGELF,VTNFRS,LTSSGIE,AVRPNAGGTSYGKLT,DFQATT,SNEGSKA,SARDLRLLANTGELF,0
RAKFKQLL,TSGFNGNVLDGLAVETGGFKTILGHNAYSLEERASSQEPSGMVSRDNEQF,TSGFNG,NVLDGL,AVETGGFKTI,LGHNA,YSLEER,ASSQEPSGMVSRDNEQF,0
GILGFVFTL,NSASQSVYSSGVVNQAGTALILNHDASQIVNDASSTRSSYEQY,NSASQS,VYSSG,VVNQAGTALI,LNHDA,SQIVND,ASSTRSSYEQY,1
GILGFVFTL,TSGFNGNVLDGLAAMDSNYQLISEHNRFQNEAQASSSAAAYEQY,TSGFNG,NVLDGL,AAMDSNYQLI,SEHNR,FQNEAQ,ASSSAAAYEQY,0
RAKFKQLL,NSMFDYISSIKDKAASDQTGANNLFMNHEYSVGAGIASSLQGASGYT,NSMFDY,ISSIKDK,AASDQTGANNLF,MNHEY,SVGAGI,ASSLQGASGYT,0
GPRLGVRAT,DRGSQSIYSNGDAVPGGGGSQGNLILNHDASQIVNDASSMRSTNEQF,DRGSQS,IYSNGD,AVPGGGGSQGNLI,LNHDA,SQIVND,ASSMRSTNEQF,0
LLWNGPMAV,VSGLRGLYSAGEEAVQGILTGGGNKLTMDHENSYDVKMASSLYKSSYNEQF,VSGLRG,LYSAGEE,AVQGILTGGGNKLT,MDHEN,SYDVKM,ASSLYKSSYNEQF,0
ELAGIGILTV,TRDTTYYRNSFDEQNALSDPYSGAGSYQLTSGHVSFQNEAQASSLAVLGETQY,TRDTTYY,RNSFDEQN,ALSDPYSGAGSYQLT,SGHVS,FQNEAQ,ASSLAVLGETQY,0
GILGFVFTL,DRGSQSIYSNGDAVNDYKLSLGHNAYSLEERASSPNSAGGTEAF,DRGSQS,IYSNGD,AVNDYKLS,LGHNA,YSLEER,ASSPNSAGGTEAF,0
NLVPMVATV,SSYSPSYTSAATLVVLTGANNLFSGHTAFQGTGAASSLGTAAYNEQF,SSYSPS,YTSAATLV,VLTGANNLF,SGHTA,FQGTGA,ASSLGTAAYNEQF,0
LLWNGPMAV,KALYSLLKGGEQGTVKGFGNVLHDFQATTSNEGSKASAPARSEPYEQY,KALYS,LLKGGEQ,GTVKGFGNVLH,DFQATT,SNEGSKA,SAPARSEPYEQY,0
RAKFKQLL,TISGNEYGLKNNIVRGSGNTGKLISGHATFQNNGVASSLVRGGHYNEQF,TISGNEY,GLKNN,IVRGSGNTGKLI,SGHAT,FQNNGV,ASSLVRGGHYNEQF,0
IVTDFSVIK,DSSSTYIFSNMDMAERASNNDMRSGHTAFQGNSAASSPPGLVGGELF,DSSSTY,IFSNMDM,AERASNNDMR,SGHTA,FQGNSA,ASSPPGLVGGELF,0
RAKFKQLL,DRGSQSIYSNGDAVTDSWGKLQLNHDASQIVNDASSPGLAGSPYEQY,DRGSQS,IYSNGD,AVTDSWGKLQ,LNHDA,SQIVND,ASSPGLAGSPYEQY,0
GPRLGVRAT,VSGNPYYITGDNLVAVRGPMNTGFQKLVMNHEYSMNVEVASSPPQFTEAF,VSGNPY,YITGDNLV,AVRGPMNTGFQKLV,MNHEY,SMNVEV,ASSPPQFTEAF,1
CINGVCWTV,TRDTTYYRNSFDEQNALSLKYNFNKFYSGHNSFNNNVPASSLARTEDNYEQY,TRDTTYY,RNSFDEQN,ALSLKYNFNKFY,SGHNS,FNNNVP,ASSLARTEDNYEQY,0
GLCTLVAML,TTLSNLVKSGEVAVTYGGSQGNLILNHDASQIVNDASSIRSTGEL,TTLSN,LVKSGEV,AVTYGGSQGNLI,LNHDA,SQIVND,ASSIRSTGEL,0
AVFDRKSDAK,DRGSQSIYSNGDAVSGGNQFYSGHNTYYREEEASSLTGETEKLF,DRGSQS,IYSNGD,AVSGGNQFY,SGHNT,YYREEE,ASSLTGETEKLF,0
RAKFKQLL,SVFSSVVTGGEVAGGGSQGNLISEHNRFQNEAQASSLLSGTSHEQY,SVFSS,VVTGGEV,AGGGSQGNLI,SEHNR,FQNEAQ,ASSLLSGTSHEQY,0
RAKFKQLL,TSDPSYGQGSYDQQNAITGGFKTISGDLSYYNGEEASSSKPGGDYNEQF,TSDPSYG,QGSYDQQN,AITGGFKTI,SGDLS,YYNGEE,ASSSKPGGDYNEQF,0
GLCTLVAML,TSENNYYQEAYKQQNAFMKGAGGTSYGKLTLNHDASQIVNDASSPRSNQPQH,TSENNYY,QEAYKQQN,AFMKGAGGTSYGKLT,LNHDA,SQIVND,ASSPRSNQPQH,0
ELAGIGILTV,DRGSQSIYSNGDAVNDDKIILNHNVYYDKDFATGRDRAYEQY,DRGSQS,IYSNGD,AVNDDKII,LNHNV,YYDKDF,ATGRDRAYEQY,0
GILGFVFTL,TRDTTYYRNSFDEQNALSGEGGSEKLVMGHDKSYGVNSASSETGFGNQPQH,TRDTTYY,RNSFDEQN,ALSGEGGSEKLV,MGHDK,SYGVNS,ASSETGFGNQPQH,0
GILGFVFTL,NSAFQYTYSSGNAMSGGLNTGNQFYSGHRSYFSETQASSLAGEQF,NSAFQY,TYSSGN,AMSGGLNTGNQFY,SGHRS,YFSETQ,ASSLAGEQF,0
RAKFKQLL,SVFSSVVTGGEVAGVGVNTGKLIMNHNYSVGAGIASSPFFRNSASTDTQY,SVFSS,VVTGGEV,AGVGVNTGKLI,MNHNY,SVGAGI,ASSPFFRNSASTDTQY,0
KLGGALQAK,DRGSQSIYSNGDAVKLNRDDKIIMNHEYSMNVEVASSSPMQRGLYEQY,DRGSQS,IYSNGD,AVKLNRDDKII,MNHEY,SMNVEV,ASSSPMQRGLYEQY,0
AVFDRKSDAK,DSASNYIRSNVGEAARETSYDKVISGHNSFNNNVPASSFSLDKPTNTGELF,DSASNY,IRSNVGE,AARETSYDKVI,SGHNS,FNNNVP,ASSFSLDKPTNTGELF,0
KLGGALQAK,YGGTVNYFSGDPLVAVNAGGTSYGKLTDFQATTSNEGSKASADGGPTTPNEQY,YGGTVN,YFSGDPLV,AVNAGGTSYGKLT,DFQATT,SNEGSKA,SADGGPTTPNEQY,0
RAKFKQLL,ATGYPSATKADDKALSGSKAGTALISGHRSYFSETQASVRTTDSYNEQF,ATGYPS,ATKADDK,ALSGSKAGTALI,SGHRS,YFSETQ,ASVRTTDSYNEQF,0
IVTDFSVIK,TSGFYGNALDGLAVKASGGSYIPTLNHDASQIVNDASSVGLAGDNEQF,TSGFYG,NALDGL,AVKASGGSYIPT,LNHDA,SQIVND,ASSVGLAGDNEQF,0
AVFDRKSDAK,NSAFQYTYSSGNAMSGEGGSQGNLIGTSNPNSVGIGATNGRGGYYNEQF,NSAFQY,TYSSGN,AMSGEGGSQGNLI,GTSNPN,SVGIG,ATNGRGGYYNEQF,0
HPVTKYIM,NSASQSVYSSGVGFSNTGNQFYSGDLSYYNGEEASSVTSSEGTIY,NSASQS,VYSSG,VGFSNTGNQFY,SGDLS,YYNGEE,ASSVTSSEGTIY,0
GILGFVFTL,KALYSLLKGGEQGTGRGGSYIPTLNHDASQIVNDASREGHLEGQPQH,KALYS,LLKGGEQ,GTGRGGSYIPT,LNHDA,SQIVND,ASREGHLEGQPQH,1
RLRAEAQVK,DRGSQSIYSNGDASVGMDSSYKLISGHNSFNNNVPASSFSGNTGELF,DRGSQS,IYSNGD,ASVGMDSSYKLI,SGHNS,FNNNVP,ASSFSGNTGELF,0
GILGFVFTL,DSVNNIPSGTAVEDPVTGGGNKLTMNHEYSVGEGTASSNHLAGHTYEQY,DSVNN,IPSGT,AVEDPVTGGGNKLT,MNHEY,SVGEGT,ASSNHLAGHTYEQY,0
GILGFVFTL,TRDTTYYRNSFDEQNALSENDYKLSSEHNRFQNEAQASTEEARRPYGYT,TRDTTYY,RNSFDEQN,ALSENDYKLS,SEHNR,FQNEAQ,ASTEEARRPYGYT,0
KLGGALQAK,SVFSSVVTGGEVAGAYGGSQGNLILNHDASQIVNDASSTRSDSPLH,SVFSS,VVTGGEV,AGAYGGSQGNLI,LNHDA,SQIVND,ASSTRSDSPLH,0
IVTDFSVIK,TTLSNLVKSGEVAGKNSNDYKLSMNHEYSMNVEVASSPIRQDMGGYT,TTLSN,LVKSGEV,AGKNSNDYKLS,MNHEY,SMNVEV,ASSPIRQDMGGYT,0
ATDALMTGF,SSVPPYYTSAATLVAVTPGDYKLSLNHDASQIVNDASSIRDSGNQPQH,SSVPPY,YTSAATLV,AVTPGDYKLS,LNHDA,SQIVND,ASSIRDSGNQPQH,1
KLGGALQAK,NSASDYIRSNMDKADSGGGADGLTSQVTMANQGSEASAGQGPYEQY,NSASDY,IRSNMDK,ADSGGGADGLT,SQVTM,ANQGSEA,SAGQGPYEQY,0
KLGGALQAK,DRGSQSIYSNGDAVNIRGGSYIPTMNHEYSMNVEVASSSTGTSGNRAEQF,DRGSQS,IYSNGD,AVNIRGGSYIPT,MNHEY,SMNVEV,ASSSTGTSGNRAEQF,0
ELAGIGILTV,NSMFDYISSIKDKAASGGSNYKLTLGHDTYNNKELASSQEVMTALQPDYGYT,NSMFDY,ISSIKDK,AASGGSNYKLT,LGHDT,YNNKEL,ASSQEVMTALQPDYGYT,0
RAKFKQLL,YGATPYYFSGDTLVAVGFNNNDMRWNHNNSYGVQDASSESRLDGYT,YGATPY,YFSGDTLV,AVGFNNNDMR,WNHNN,SYGVQD,ASSESRLDGYT,0
GILGFVFTL,NTAFDYIRPDVSEAAHSGNTPLVMNHEYSMNVEVASSQTETSYEQY,NTAFDY,IRPDVSE,AAHSGNTPLV,MNHEY,SMNVEV,ASSQTETSYEQY,0
AVFDRKSDAK,DSAIYNIQSSQREAVNNRTGGFKTIMDHENSYDVKMASSLYSATGELF,DSAIYN,IQSSQRE,AVNNRTGGFKTI,MDHEN,SYDVKM,ASSLYSATGELF,1
ELAGIGILTV,YGATPYYFSGDTLVAVTRDDKIISGHNSFNNNVPASSGGVSGGAGETQY,YGATPY,YFSGDTLV,AVTRDDKII,SGHNS,FNNNVP,ASSGGVSGGAGETQY,0
RAKFKQLL,DRGSQSIYSNGDAASGGTYKYISGDLSYYNGEEASSSGRLTNTEAF,DRGSQS,IYSNGD,AASGGTYKYI,SGDLS,YYNGEE,ASSSGRLTNTEAF,0
CINGVCWTV,SIFNTLYKAGELAGRHGGTSYGKLTSGHDYFNNNVPASSLAYILGLGDEQF,SIFNT,LYKAGEL,AGRHGGTSYGKLT,SGHDY,FNNNVP,ASSLAYILGLGDEQF,0
IVTDFSVIK,TSGFNGNVLDGLAVSDSNYQLILGHDTYNNKELASSQELEVYNEQF,TSGFNG,NVLDGL,AVSDSNYQLI,LGHDT,YNNKEL,ASSQELEVYNEQF,0
GILGFVFTL,DSAIYNIQSSQREAVRPESGGGADGLTDFQATTSNEGSKASASKGYTIY,DSAIYN,IQSSQRE,AVRPESGGGADGLT,DFQATT,SNEGSKA,SASKGYTIY,1
KLGGALQAK,TSENNYYQEAYKQQNAFMTNAGGTSYGKLTSGHATFQDESVASSLLSGSYEQY,TSENNYY,QEAYKQQN,AFMTNAGGTSYGKLT,SGHAT,FQDESV,ASSLLSGSYEQY,0
RAKFKQLL,SVFSSVVTGGEVAGAIGSSNTGKLILNHDASQIVNDASSIRAAYEQY,SVFSS,VVTGGEV,AGAIGSSNTGKLI,LNHDA,SQIVND,ASSIRAAYEQY,0
KLGGALQAK,VSGNPYYITGDNLVAVRGDERSGGYNKLIMDHENSYDVKMASSSRDRLGGEQY,VSGNPY,YITGDNLV,AVRGDERSGGYNKLI,MDHEN,SYDVKM,ASSSRDRLGGEQY,1
AVFDRKSDAK,YGATPYYFSGDTLVAVGDNFNKFYMDHENSYDVKMASRPQQGHNSPLH,YGATPY,YFSGDTLV,AVGDNFNKFY,MDHEN,SYDVKM,ASRPQQGHNSPLH,1
AVFDRKSDAK,TSDPSYGQGSYDQQNAMREVFNDYKLSSGHNSFNNNVPASSVVERAF,TSDPSYG,QGSYDQQN,AMREVFNDYKLS,SGHNS,FNNNVP,ASSVVERAF,0
IVTDFSVIK,TRDTTYYRNSFDEQNALSGDTGNQFYKGHSHLQKENIASSPSQGGNTDTQY,TRDTTYY,RNSFDEQN,ALSGDTGNQFY,KGHSH,LQKENI,ASSPSQGGNTDTQY,0
SPRWYFYYL,DSSSTYIFSNMDMAEDNNARLMSNHLYFYNNEIASSPGSTAPGELF,DSSSTY,IFSNMDM,AEDNNARLM,SNHLY,FYNNEI,ASSPGSTAPGELF,0
IVTDFSVIK,TSGFNGNVLDGLAVRDPGRDYKLSDFQATTSNEGSKASARGHETTGELF,TSGFNG,NVLDGL,AVRDPGRDYKLS,DFQATT,SNEGSKA,SARGHETTGELF,0
GILGFVFTL,NSMFDYISSIKDKAASGGNNNDMRMRHNASNTAGTASSVTPSSYNEQF,NSMFDY,ISSIKDK,AASGGNNNDMR,MRHNA,SNTAGT,ASSVTPSSYNEQF,0
GILGFVFTL,TTLSNLVKSGEVAGATDSWGKLQSGHATFQNNGVASSWGGGSHYGYT,TTLSN,LVKSGEV,AGATDSWGKLQ,SGHAT,FQNNGV,ASSWGGGSHYGYT,0
RLPGVLPRA,TSINNIRSNEREARSRNKQGGIFFMNHEYSMNVEVASSLMGQGINQPQH,TSINN,IRSNERE,ARSRNKQGGIFF,MNHEY,SMNVEV,ASSLMGQGINQPQH,0
RAKFKQLL,DRGSQSIYSNGDAANGGNDMRENHRYSYGVKDAISESATVSYGYT,DRGSQS,IYSNGD,AANGGNDMR,ENHRY,SYGVKD,AISESATVSYGYT,0
GILGFVFTL,SIFNTLYKAGELAGQLILWGWELPTHSNHLYFYNNEIASSTPRQGSNTGELF,SIFNT,LYKAGEL,AGQLILWGWELPTH,SNHLY,FYNNEI,ASSTPRQGSNTGELF,0
IVTDFSVIK,DSVNNIPSGTAVVHNDMRLGHDTYNNKELASSQDVSRLAHLSTDTQN,DSVNN,IPSGT,AVVHNDMR,LGHDT,YNNKEL,ASSQDVSRLAHLSTDTQN,0
RAKFKQLL,TSENNYYQEAYKQQNAFMLGAGGTSYGKLTSGHVSFNYEAQASSFLTGNTEAF,TSENNYY,QEAYKQQN,AFMLGAGGTSYGKLT,SGHVS,FNYEAQ,ASSFLTGNTEAF,0
GILGFVFTL,TRDTTYYRNSFDEQNALSVHLPNAGNNRKLILGHNAYNFKEQASSFIGSAGANVLT,TRDTTYY,RNSFDEQN,ALSVHLPNAGNNRKLI,LGHNA,YNFKEQ,ASSFIGSAGANVLT,0
GLCTLVAML,SIFNTLYKAGELAGGGYGGSQGNLILNHDASQIVNDASSIRSDTEAF,SIFNT,LYKAGEL,AGGGYGGSQGNLI,LNHDA,SQIVND,ASSIRSDTEAF,0
GLCTLVAML,SVFSSVVTGGEVAGAGSQGNLISGHRSYFSETQASSPGGLAGADTQY,SVFSS,VVTGGEV,AGAGSQGNLI,SGHRS,YFSETQ,ASSPGGLAGADTQY,0
RAKFKQLL,TSINNIRSNEREARSRNKQGGIFFMNHEYSMNVEVASSLMGQGINQPQH,TSINN,IRSNERE,ARSRNKQGGIFF,MNHEY,SMNVEV,ASSLMGQGINQPQH,0
KLGGALQAK,DSASNYIRSNVGEAAKLSDSSYKLISGHATFQNNGVASSFWGRNVDTQY,DSASNY,IRSNVGE,AAKLSDSSYKLI,SGHAT,FQNNGV,ASSFWGRNVDTQY,1
GILGFVFTL,DRGSQSIYSNGDAVNTDKLISQVTMANQGSEASVDRRADEQF,DRGSQS,IYSNGD,AVNTDKLI,SQVTM,ANQGSEA,SVDRRADEQF,0
GLCTLVAML,DRGSQSIYSNGDAVNADYGGATNKLIMNHEYSMNVEVASSPPQFTEAF,DRGSQS,IYSNGD,AVNADYGGATNKLI,MNHEY,SMNVEV,ASSPPQFTEAF,0
RFPLTFGWCF,DRGSQSIYSNGDAVKWEYGNKLVMNHEYSMNVEVASSLIANEKLF,DRGSQS,IYSNGD,AVKWEYGNKLV,MNHEY,SMNVEV,ASSLIANEKLF,0
IVTDFSVIK,NSASDYIRSNMDKADSGGGADGLTDFQATTSNEGSKASALWTDSYEQY,NSASDY,IRSNMDK,ADSGGGADGLT,DFQATT,SNEGSKA,SALWTDSYEQY,0
GILGFVFTL,DSASNYIRSNVGEAASIGQAGTALISGDLSYYNGEEASSVVGAGGYNEQF,DSASNY,IRSNVGE,AASIGQAGTALI,SGDLS,YYNGEE,ASSVVGAGGYNEQF,1
RAKFKQLL,DRGSQSIYSNGDAVNIDNMDSNYQLISGDLSYYNGEEASSVGGEAYEQY,DRGSQS,IYSNGD,AVNIDNMDSNYQLI,SGDLS,YYNGEE,ASSVGGEAYEQY,0
AVFDRKSDAK,DSASNYIRSNVGEAASYGEGGSYIPTLNHDASQIVNDASSLPWGPDNEQF,DSASNY,IRSNVGE,AASYGEGGSYIPT,LNHDA,SQIVND,ASSLPWGPDNEQF,0
GILGFVFTL,VSPFSNMTFSENTVVSDEYGNKLVMRHNASNTAGTASSVWTGHDEQF,VSPFSN,MTFSENT,VVSDEYGNKLV,MRHNA,SNTAGT,ASSVWTGHDEQF,0
KLGGALQAK,DSASNYIRSNVGEAATPYGNNDMRWSHSYSAAADIASRGALVGDTQY,DSASNY,IRSNVGE,AATPYGNNDMR,WSHSY,SAAADI,ASRGALVGDTQY,0
RLRAEAQVK,DRGSQSIYSNGDAVNWEEQGGSYIPTDFQATTSNEGSKASAPARSEPYEQY,DRGSQS,IYSNGD,AVNWEEQGGSYIPT,DFQATT,SNEGSKA,SAPARSEPYEQY,1
GLCTLVAML,DSSSTYIFSNMDMAEKGGTALIDFQATTSNEGSKASARGQGDEQY,DSSSTY,IFSNMDM,AEKGGTALI,DFQATT,SNEGSKA,SARGQGDEQY,1
RAKFKQLL,DSASNYIRSNVGEAALAGTASKLTSQVTMANQGSEASVVPLAGPYEQY,DSASNY,IRSNVGE,AALAGTASKLT,SQVTM,ANQGSEA,SVVPLAGPYEQY,0
SPRWYFYYL,DRGSQSIYSNGDAVPQAGTALILNHDASQIVNDASSPGALNTEAF,DRGSQS,IYSNGD,AVPQAGTALI,LNHDA,SQIVND,ASSPGALNTEAF,0
AVFDRKSDAK,SVFSSVVTGGEVAGGLGGGSQGNLILNHDASQIVNDASSIRAAYEQY,SVFSS,VVTGGEV,AGGLGGGSQGNLI,LNHDA,SQIVND,ASSIRAAYEQY,0
GILGFVFTL,VSGNPYYITGDNLVAVYGQKLLSGHTAFQGTGAASSLYDSTDTQY,VSGNPY,YITGDNLV,AVYGQKLL,SGHTA,FQGTGA,ASSLYDSTDTQY,0
GILGFVFTL,YSGSPEHISRAPVMNHNSSASEGTASSEQYTEAF,YSGSPE,HISR,APV,MNHNS,SASEGT,ASSEQYTEAF,0
LLWNGPMAV,DRGSQSIYSNGDAVSGDKIIMNHEYSVGAGIASSSGSPGSYGYT,DRGSQS,IYSNGD,AVSGDKII,MNHEY,SVGAGI,ASSSGSPGSYGYT,1
ELAGIGILTV,TRDTTYYRNSFDEQNALSEARDQFYMNHNSSASEGTASSVSAGTDTQY,TRDTTYY,RNSFDEQN,ALSEARDQFY,MNHNS,SASEGT,ASSVSAGTDTQY,0
AVFDRKSDAK,SVFSSVVTGGEVAGCHGSGNTGKLILNHDASQIVNDASSSRSAYEQY,SVFSS,VVTGGEV,AGCHGSGNTGKLI,LNHDA,SQIVND,ASSSRSAYEQY,0
GILGFVFTL,DRGSQSIYSNGDAVNGNARLMDFQATTSNEGSKASLIQGLGTEAF,DRGSQS,IYSNGD,AVNGNARLM,DFQATT,SNEGSKA,SLIQGLGTEAF,0
NLVPMVATV,NIATNDYGYKTKLAGGDKIISNHLYFYNNEIASRTPWDSDSYNEQF,NIATNDY,GYKTK,LAGGDKII,SNHLY,FYNNEI,ASRTPWDSDSYNEQF,0
AVFDRKSDAK,NSASDYIRSNMDKADSGGGADGLTSGHDTYYEEEEASSSTLYGSYNEQF,NSASDY,IRSNMDK,ADSGGGADGLT,SGHDT,YYEEEE,ASSSTLYGSYNEQF,0
AVFDRKSDAK,NSASDYIRSNMDKADSGGGADGLTSQVTMANQGSEASAGQGPYEQY,NSASDY,IRSNMDK,ADSGGGADGLT,SQVTM,ANQGSEA,SAGQGPYEQY,0
CINGVCWTV,DSSSTYIFSNMDMAESTPGKLISGHDNFVKESKASSQSPGGITY,DSSSTY,IFSNMDM,AESTPGKLI,SGHDN,FVKESK,ASSQSPGGITY,1
KLGGALQAK,TISGTDYGLTSNILRSYNRDDKIISGHNSFNNNVPASSFSGNTGELF,TISGTDY,GLTSN,ILRSYNRDDKII,SGHNS,FNNNVP,ASSFSGNTGELF,0
KSKRTPMGF,VSGNPYYITGDNLVTSRVTDYKLSSEHNRFQNEAQASSPDRESNTGELF,VSGNPY,YITGDNLV,TSRVTDYKLS,SEHNR,FQNEAQ,ASSPDRESNTGELF,1
ELAGIGILTV,TISGNEYGLKNNIVRVRGGSNYKLTSGHDNFVKESKASSQLLAGGFSQTDTQY,TISGNEY,GLKNN,IVRVRGGSNYKLT,SGHDN,FVKESK,ASSQLLAGGFSQTDTQY,0
GILGFVFTL,TTLSNLVKSGEVAGRRGAGKSTSGHDTYYEEEEASSAYAGLAGVRETQY,TTLSN,LVKSGEV,AGRRGAGKST,SGHDT,YYEEEE,ASSAYAGLAGVRETQY,0
CINGVCWTV,TTSDRLLSNGAVAVAILTGGGNKLTLGHNAYNFKEQASKPGQGGYEQY,TTSDR,LLSNGAV,AVAILTGGGNKLT,LGHNA,YNFKEQ,ASKPGQGGYEQY,0
GLCTLVAML,DRGSQSIYSNGDASVGMDSSYKLISGHNSFNNNVPASSFSGNTGELF,DRGSQS,IYSNGD,ASVGMDSSYKLI,SGHNS,FNNNVP,ASSFSGNTGELF,0
HPVTKYIM,TSINNIRSNEREATPLDSWGKLQLGHDTYNNKELASSHRTTYNEQF,TSINN,IRSNERE,ATPLDSWGKLQ,LGHDT,YNNKEL,ASSHRTTYNEQF,0
GILGFVFTL,TTLSNLVKSGEVAANYGGSQGNLILNHDASQIVNDASSIRSTDTQY,TTLSN,LVKSGEV,AANYGGSQGNLI,LNHDA,SQIVND,ASSIRSTDTQY,1
SPRWYFYYL,TSGFNGNVLDGLAPKDGQKLLDFQATTSNEGSKASAETGNTEAF,TSGFNG,NVLDGL,APKDGQKLL,DFQATT,SNEGSKA,SAETGNTEAF,0
KLGGALQAK,VSPFSNMTFSENTVGRDTGRRALTMDHENSYDVKMASSSLTGQSQETQY,VSPFSN,MTFSENT,VGRDTGRRALT,MDHEN,SYDVKM,ASSSLTGQSQETQY,0
DATYQRTRALVR,DRGSQSIYSNGDAVKKGQNFVDFQATTSNEGSKASAESGNTEAF,DRGSQS,IYSNGD,AVKKGQNFV,DFQATT,SNEGSKA,SAESGNTEAF,1
GLCTLVAML,TSGFNGNVLDGLAVYSGGYQKVTSGDLSYYNGEEASSVDLGGETQY,TSGFNG,NVLDGL,AVYSGGYQKVT,SGDLS,YYNGEE,ASSVDLGGETQY,0
GILGFVFTL,NSASDYIRSNMDKADSGGGADGLTSGHDNFVKESKASSQEGYTEAF,NSASDY,IRSNMDK,ADSGGGADGLT,SGHDN,FVKESK,ASSQEGYTEAF,0
GLCTLVAML,SIFNTLYKAGELAGQLILWGWELPTHSGHNSFNNNVPASSLTNSPYEQY,SIFNT,LYKAGEL,AGQLILWGWELPTH,SGHNS,FNNNVP,ASSLTNSPYEQY,0
DATYQRTRALVR,TSENNYYQEAYKQQNAFMLGAGGTSYGKLTSGHVSFNYEAQASSFLTGNTEAF,TSENNYY,QEAYKQQN,AFMLGAGGTSYGKLT,SGHVS,FNYEAQ,ASSFLTGNTEAF,0
KSKRTPMGF,VSGNPYYITGDNLVAVRGYRDDKIIMNHEYSVGEGTAIRGAGGSRRDEQF,VSGNPY,YITGDNLV,AVRGYRDDKII,MNHEY,SVGEGT,AIRGAGGSRRDEQF,0
HPVTKYIM,TRDTTYYRNSFDEQNALSEDSSASKIIMDHENSYDVKMASEPGQGPGGWSYEQY,TRDTTYY,RNSFDEQN,ALSEDSSASKII,MDHEN,SYDVKM,ASEPGQGPGGWSYEQY,0
ELAGIGILTV,SSYSPSYTSAATLVAVFADGQKLLMNHNSSASEGTASVGLAVVGELF,SSYSPS,YTSAATLV,AVFADGQKLL,MNHNS,SASEGT,ASVGLAVVGELF,0
GILGFVFTL,NIATNDYGYKTKLVVGRYAGNMLTSNHLYFYNNEIASSLNRELF,NIATNDY,GYKTK,LVVGRYAGNMLT,SNHLY,FYNNEI,ASSLNRELF,0
RAKFKQLL,SVFSSVVTGGEVAGAWNTGKLILNHDASQIVNDASSIRSSYEQY,SVFSS,VVTGGEV,AGAWNTGKLI,LNHDA,SQIVND,ASSIRSSYEQY,0
GILGFVFTL,YGATPYYFSGDTLVAVGDNFNKFYSEHNRFQNEAQASSPVTGGGSGANVLT,YGATPY,YFSGDTLV,AVGDNFNKFY,SEHNR,FQNEAQ,ASSPVTGGGSGANVLT,0
ATDALMTGF,DSASNYIRSNVGEAASETSYDKVISEHNRFQNEAQASSLFFGYEQY,DSASNY,IRSNVGE,AASETSYDKVI,SEHNR,FQNEAQ,ASSLFFGYEQY,0
AVFDRKSDAK,SSYSPSYTSAATLVVVSETGTASKLTLGHDTYNNKELASSQGGQSAWTQY,SSYSPS,YTSAATLV,VVSETGTASKLT,LGHDT,YNNKEL,ASSQGGQSAWTQY,0
KLGGALQAK,SSVSVYYLSGSTLVAVSDAGNTPLVSGHATFQNNGVASSWQAVSGNTIY,SSVSVY,YLSGSTLV,AVSDAGNTPLV,SGHAT,FQNNGV,ASSWQAVSGNTIY,1
KLGGALQAK,DSASNYIRSNVGEAAAETSYDKVILNHDASQIVNDASSWIAANTGELF,DSASNY,IRSNVGE,AAAETSYDKVI,LNHDA,SQIVND,ASSWIAANTGELF,0
RAKFKQLL,DSVNNIPSGTAVATDSWGKLQSGHDYFNNNVPASSPSSSYEQY,DSVNN,IPSGT,AVATDSWGKLQ,SGHDY,FNNNVP,ASSPSSSYEQY,1
GPRLGVRAT,SSYSPSYTSAATLVVVANGFKTISGHDNFVKESKASSRLAGGNTGELF,SSYSPS,YTSAATLV,VVANGFKTI,SGHDN,FVKESK,ASSRLAGGNTGELF,0
NLVPMVATV,TRDTTYYRNSFDEQNALSENDYKLSSEHNRFQNEAQASTEEARRPYGYT,TRDTTYY,RNSFDEQN,ALSENDYKLS,SEHNR,FQNEAQ,ASTEEARRPYGYT,0
GILGFVFTL,VSGNPYYITGDNLVAVRNNNARLMSGHDYFNNNVPASSIVNEAF,VSGNPY,YITGDNLV,AVRNNNARLM,SGHDY,FNNNVP,ASSIVNEAF,0
NLVPMVATV,KALYSLLKGGEQGTPISGGYNKLISGHDYFNNNVPASSFSERAF,KALYS,LLKGGEQ,GTPISGGYNKLI,SGHDY,FNNNVP,ASSFSERAF,0
AVFDRKSDAK,DSVNNIPSGTAVEDPVTGGGNKLTMNHEYSVGEGTASSNHLAGHTYEQY,DSVNN,IPSGT,AVEDPVTGGGNKLT,MNHEY,SVGEGT,ASSNHLAGHTYEQY,0
GILGFVFTL,NSASDYIRSNMDKAERETSYDKVISEHNRFQNEAQASSHSEGAENIQY,NSASDY,IRSNMDK,AERETSYDKVI,SEHNR,FQNEAQ,ASSHSEGAENIQY,0
RAKFKQLL,VSPFSNMTFSENTVVSGNNNARLMLGHNAYNFKEQASSQETGYNEQF,VSPFSN,MTFSENT,VVSGNNNARLM,LGHNA,YNFKEQ,ASSQETGYNEQF,0
AVFDRKSDAK,TISGTDYGLTSNILDNNNDMRSGHVSFNYEAQASSLAPGTTNEKLF,TISGTDY,GLTSN,ILDNNNDMR,SGHVS,FNYEAQ,ASSLAPGTTNEKLF,0
RAKFKQLL,NSASQSVYSSGVGFSNTGNQFYSGDLSYYNGEEASSVTSSEGTIY,NSASQS,VYSSG,VGFSNTGNQFY,SGDLS,YYNGEE,ASSVTSSEGTIY,0
KLGGALQAK,TSINNIRSNEREATDADYGGSQGNLISEHNRFQNEAQASSGSSRTPNTEAF,TSINN,IRSNERE,ATDADYGGSQGNLI,SEHNR,FQNEAQ,ASSGSSRTPNTEAF,0
AVFDRKSDAK,TRDTTYYRNSFDEQNALSEASLVDSNYQLILNHDASQIVNDASSPTSGGYNEQF,TRDTTYY,RNSFDEQN,ALSEASLVDSNYQLI,LNHDA,SQIVND,ASSPTSGGYNEQF,0
CINGVCWTV,DRGSQSIYSNGDAVNADKIIMDHENSYDVKMASTQIFGNYGYT,DRGSQS,IYSNGD,AVNADKII,MDHEN,SYDVKM,ASTQIFGNYGYT,0
DATYQRTRALVR,DSVNNIPSGTAVSPVTQGGSEKLVDFQATTSNEGSKASARVIPREAF,DSVNN,IPSGT,AVSPVTQGGSEKLV,DFQATT,SNEGSKA,SARVIPREAF,0
IVTDFSVIK,DRGSQSIYSNGDAVNRGYGGSQGNLILNHDASQIVNDASSMRASVEQY,DRGSQS,IYSNGD,AVNRGYGGSQGNLI,LNHDA,SQIVND,ASSMRASVEQY,0
RAKFKQLL,DSVNNIPSGTAGSPSNTGKLISGHTAFQGNSAASSPRDRERGEQY,DSVNN,IPSGT,AGSPSNTGKLI,SGHTA,FQGNSA,ASSPRDRERGEQY,0
KLGGALQAK,KTLYGLQKGGEEGAGRVDDMRSGHATFQNNGVASSWGGGSHYGYT,KTLYG,LQKGGEE,GAGRVDDMR,SGHAT,FQNNGV,ASSWGGGSHYGYT,0
DATYQRTRALVR,NSAFQYTYSSGNAMTGTTNAGKSTSGHNSFNNNVPASTYGSYGYT,NSAFQY,TYSSGN,AMTGTTNAGKST,SGHNS,FNNNVP,ASTYGSYGYT,0
ELAGIGILTV,TRDTTYYRNSFDEQNALSGPGTSFLGSARQLTSGHDTYYEEEEASSLRDGSEAF,TRDTTYY,RNSFDEQN,ALSGPGTSFLGSARQLT,SGHDT,YYEEEE,ASSLRDGSEAF,0
RAKFKQLL,TISGNEYGLKNNIVRVGYTGFQKLVMGHRAYSYEKLASRGTGGGSGQPQH,TISGNEY,GLKNN,IVRVGYTGFQKLV,MGHRA,YSYEKL,ASRGTGGGSGQPQH,0
GILGFVFTL,DRGSQSIYSNGDAVNWEEQGGSYIPTMNHEYSMNVEVASSKGQSNTEAF,DRGSQS,IYSNGD,AVNWEEQGGSYIPT,MNHEY,SMNVEV,ASSKGQSNTEAF,0
RAKFKQLL,DRGSQSIYSNGDAVPSGGYNKLILGHNTFRNRAPASGLDSSSGNTIY,DRGSQS,IYSNGD,AVPSGGYNKLI,LGHNT,FRNRAP,ASGLDSSSGNTIY,0
RAKFKQLL,DRGSQSIYSNGDAVKDQFYLGHNAYSLEERASSQGTGEGYGYT,DRGSQS,IYSNGD,AVKDQFY,LGHNA,YSLEER,ASSQGTGEGYGYT,0
CTELKLSDY,TSENNYYQEAYKQQNAFMLGAGGTSYGKLTSGHVSFNYEAQASSFLTGNTEAF,TSENNYY,QEAYKQQN,AFMLGAGGTSYGKLT,SGHVS,FNYEAQ,ASSFLTGNTEAF,0
AVFDRKSDAK,DRGSQSIYSNGDAVQGNFNKFYDFQATTSNEGSKASAEQLGVLNTEAF,DRGSQS,IYSNGD,AVQGNFNKFY,DFQATT,SNEGSKA,SAEQLGVLNTEAF,0
NLVPMVATV,VSGLRGLYSAGEEAVQALRAAGNKLTSGHRSYFSETQASRGSSSISGANVLT,VSGLRG,LYSAGEE,AVQALRAAGNKLT,SGHRS,YFSETQ,ASRGSSSISGANVLT,0
AVFDRKSDAK,SVFSSVVTGGEVAGAPGSSNTGKLILNHDASHIVNDASSTRSSYEQY,SVFSS,VVTGGEV,AGAPGSSNTGKLI,LNHDA,SHIVND,ASSTRSSYEQY,0
GILGFVFTL,DRGSQSIYSNGDAVKLNRDDKIIMNHEYSMNVEVASSSPMQRGLYEQY,DRGSQS,IYSNGD,AVKLNRDDKII,MNHEY,SMNVEV,ASSSPMQRGLYEQY,0
AVFDRKSDAK,NSASDYIRSNMDKADSGGGADGLTMNHEYSMNVEVASSVTGGDTEAF,NSASDY,IRSNMDK,ADSGGGADGLT,MNHEY,SMNVEV,ASSVTGGDTEAF,0
RAKFKQLL,DSASNYIRSNVGEAAENNNDMRSGHVSFNYEAQASSLGTSYEQY,DSASNY,IRSNVGE,AAENNNDMR,SGHVS,FNYEAQ,ASSLGTSYEQY,0
AVFDRKSDAK,DSASNYIRSNVGEAASETSYDKVIMGHRAYSYEKLASSTSTGTGYGYT,DSASNY,IRSNVGE,AASETSYDKVI,MGHRA,YSYEKL,ASSTSTGTGYGYT,0
GLCTLVAML,DSVNNIPSGTAVTPPPSYDKVISGHDYFNNNVPASSSVSGYT,DSVNN,IPSGT,AVTPPPSYDKVI,SGHDY,FNNNVP,ASSSVSGYT,0
RFPLTFGWCF,YGATPYYFSGDTLVAVGAPERTSGTYKYIPRHDTFYEKMQASSPGTAAGLTYEQY,YGATPY,YFSGDTLV,AVGAPERTSGTYKYI,PRHDT,FYEKMQ,ASSPGTAAGLTYEQY,1
ELAGIGILTV,KTLYGLQKGGEEGADSRYSSASKIISGHVSFQNEAQASSLIEYPPPDTQY,KTLYG,LQKGGEE,GADSRYSSASKII,SGHVS,FQNEAQ,ASSLIEYPPPDTQY,0
AVFDRKSDAK,TRDTTYYRNSFDEQNALTGANSKLTLGHNAYSLEERASSQDRVGGGNEQF,TRDTTYY,RNSFDEQN,ALTGANSKLT,LGHNA,YSLEER,ASSQDRVGGGNEQF,0
GILGFVFTL,SSVSVYYLSGSTLVAGGGYGKLTMNHEYSMNVEVASRGGGQGGSYGYT,SSVSVY,YLSGSTLV,AGGGYGKLT,MNHEY,SMNVEV,ASRGGGQGGSYGYT,0
GILGFVFTL,TRDTTYYRNSFDEQNALSEDAGNMLTSGHATFQNNGVASSWGGGSHYGYT,TRDTTYY,RNSFDEQN,ALSEDAGNMLT,SGHAT,FQNNGV,ASSWGGGSHYGYT,0
AVFDRKSDAK,DRGSQSIYSNGDAVSGTDKLISGHKSYYEKEEASSLGGLGSPLH,DRGSQS,IYSNGD,AVSGTDKLI,SGHKS,YYEKEE,ASSLGGLGSPLH,0
NLVPMVATV,YGATPYYFSGDTLVAVGATDSWGKLQMDHENSYDVKMGARPPGVSNEQF,YGATPY,YFSGDTLV,AVGATDSWGKLQ,MDHEN,SYDVKM,GARPPGVSNEQF,0
CINGVCWTV,NSASDYIRSNMDKAETWNNFNKFYSGHDTYYEEEEASSLGPITGLPYNEQF,NSASDY,IRSNMDK,AETWNNFNKFY,SGHDT,YYEEEE,ASSLGPITGLPYNEQF,0
AVFDRKSDAK,YGGTVNYFSGDPLVAVNSGYSTLTKGHDRSFDVKDATASGTVTDTQY,YGGTVN,YFSGDPLV,AVNSGYSTLT,KGHDR,SFDVKD,ATASGTVTDTQY,1
AVFDRKSDAK,DSSSTYIFSNMDMAEDSNARLMSGHATFQNNGVASSLGVAGTNTGELF,DSSSTY,IFSNMDM,AEDSNARLM,SGHAT,FQNNGV,ASSLGVAGTNTGELF,0
DATYQRTRALVR,NIATNDYGYKTKLVEPPPGNGGFKTIDFQATTSNEGSKASATGGRHTGELF,NIATNDY,GYKTK,LVEPPPGNGGFKTI,DFQATT,SNEGSKA,SATGGRHTGELF,0
CINGVCWTV,TSDQSYGQGSYDEQNAMRELTSGTYKYILGHDTYNNKELASSQPLGLAEKETQY,TSDQSYG,QGSYDEQN,AMRELTSGTYKYI,LGHDT,YNNKEL,ASSQPLGLAEKETQY,1
RAKFKQLL,NIATNDYGYKTKLVSEPYNTDKLIMGHRAYSYEKLASSLQMASGSPDLGEQF,NIATNDY,GYKTK,LVSEPYNTDKLI,MGHRA,YSYEKL,ASSLQMASGSPDLGEQF,0
RAKFKQLL,DSSSTYIFSNMDMAETQDSNYQLIMGHRAYSYEKLASSQDGWAGDQPQH,DSSSTY,IFSNMDM,AETQDSNYQLI,MGHRA,YSYEKL,ASSQDGWAGDQPQH,1
RAKFKQLL,DSAIYNIQSSQREAVHTQGGSEKLVSEHNRFQNEAQASTPYRRGPHLYGYT,DSAIYN,IQSSQRE,AVHTQGGSEKLV,SEHNR,FQNEAQ,ASTPYRRGPHLYGYT,0
AVFDRKSDAK,SIFNTLYKAGELAGRELEAGGTSYGKLTSGHDTYYEEEEASSLRDGSEAF,SIFNT,LYKAGEL,AGRELEAGGTSYGKLT,SGHDT,YYEEEE,ASSLRDGSEAF,0
ELAGIGILTV,DSASNYIRSNVGEAASETSYDKVISEHNRFQNEAQASSLLGQPNTEAF,DSASNY,IRSNVGE,AASETSYDKVI,SEHNR,FQNEAQ,ASSLLGQPNTEAF,0
DATYQRTRALVR,NSASQSVYSSGVVNRVENSGYSTLTMNHNSSASEGTASSGNEQDLQPQH,NSASQS,VYSSG,VVNRVENSGYSTLT,MNHNS,SASEGT,ASSGNEQDLQPQH,1
AVFDRKSDAK,YGATPYYFSGDTLVAVDPMDTGRRALTMNHEYSMNVEVASSLGFTDTQY,YGATPY,YFSGDTLV,AVDPMDTGRRALT,MNHEY,SMNVEV,ASSLGFTDTQY,1
GILGFVFTL,DSAIYNIQSSQREAEDSGNTPLVSEHNRFQNEAQASSLLGVSYYNEQF,DSAIYN,IQSSQRE,AEDSGNTPLV,SEHNR,FQNEAQ,ASSLLGVSYYNEQF,0
GILGFVFTL,DSSSTYIFSNMDMAEKLAGTALISGHRSYFSETQASSHTSGNGDTQY,DSSSTY,IFSNMDM,AEKLAGTALI,SGHRS,YFSETQ,ASSHTSGNGDTQY,0
RLPGVLPRA,TRDTTYYRNSFDEQNALSGDTGNQFYKGHSHLQKENIASSPSQGGNTDTQY,TRDTTYY,RNSFDEQN,ALSGDTGNQFY,KGHSH,LQKENI,ASSPSQGGNTDTQY,0
AVFDRKSDAK,TSGFNGNVLDGLAGSWGKLQSGHVSFQNEAQASSQRPGQGTEGKLF,TSGFNG,NVLDGL,AGSWGKLQ,SGHVS,FQNEAQ,ASSQRPGQGTEGKLF,0
RAKFKQLL,DSVNNIPSGTAVSPVTQGGSEKLVDFQATTSNEGSKASARVIPREAF,DSVNN,IPSGT,AVSPVTQGGSEKLV,DFQATT,SNEGSKA,SARVIPREAF,0
AVFDRKSDAK,DSASNYIRSNVGEAASKASGGSYIPTSQVTMANQGSEASVEALGFQGRQQY,DSASNY,IRSNVGE,AASKASGGSYIPT,SQVTM,ANQGSEA,SVEALGFQGRQQY,0
GLCTLVAML,DRGSQSIYSNGDAVNGNQFYMGHRAYSYEKLASSQEEESLGYEQY,DRGSQS,IYSNGD,AVNGNQFY,MGHRA,YSYEKL,ASSQEEESLGYEQY,0
ELAGIGILTV,DRGSQSIYSNGDAVSPDKLIMNHEYSMNVEVASSPSAGPGYGYT,DRGSQS,IYSNGD,AVSPDKLI,MNHEY,SMNVEV,ASSPSAGPGYGYT,0
KLGGALQAK,TSGFNGNVLDGLAVSDSNYQLILGHDTYNNKELASSQELEVYNEQF,TSGFNG,NVLDGL,AVSDSNYQLI,LGHDT,YNNKEL,ASSQELEVYNEQF,0
RAKFKQLL,TTSDRLLSNGAVAVDPPVGTYKYISGHDYFNNNVPASSDPQEGQLEGSGYT,TTSDR,LLSNGAV,AVDPPVGTYKYI,SGHDY,FNNNVP,ASSDPQEGQLEGSGYT,0
AVFDRKSDAK,TRDTTYYRNSFDEQNALMGSGGGADGLTSGHVSFNYEAQASSRTSGEYNEQF,TRDTTYY,RNSFDEQN,ALMGSGGGADGLT,SGHVS,FNYEAQ,ASSRTSGEYNEQF,0
ATDALMTGF,DSASNYIRSNVGEAATETSYDKVISGHNTYYREEEASKRQGSLSYEQY,DSASNY,IRSNVGE,AATETSYDKVI,SGHNT,YYREEE,ASKRQGSLSYEQY,0
GILGFVFTL,VGISALSSGKAASLWNTDKLIMNHEYSMNVEVASSLISTSVYNEQF,VGISA,LSSGK,AASLWNTDKLI,MNHEY,SMNVEV,ASSLISTSVYNEQF,0
AVFDRKSDAK,TSENNYYQEAYKQQNAFMKGAGGTSYGKLTLGHNAYSLEERASSQEIGFSPLH,TSENNYY,QEAYKQQN,AFMKGAGGTSYGKLT,LGHNA,YSLEER,ASSQEIGFSPLH,0
RLPGVLPRA,TRDTTYYRNSFDEQNALKHNNARLMSGHVSFNYEAQASSPLAGVSDTQY,TRDTTYY,RNSFDEQN,ALKHNNARLM,SGHVS,FNYEAQ,ASSPLAGVSDTQY,0
GILGFVFTL,TRDTTYYRNSFDEQNALSEAVGADGLTSGHNTYYREEEASSLRSRDSPLH,TRDTTYY,RNSFDEQN,ALSEAVGADGLT,SGHNT,YYREEE,ASSLRSRDSPLH,0
RAKFKQLL,VSGNPYYITGDNLVAVRDIGEYGNKLVLNHDASQIVNDASGGLVHEQF,VSGNPY,YITGDNLV,AVRDIGEYGNKLV,LNHDA,SQIVND,ASGGLVHEQF,0
AVFDRKSDAK,DSVNNIPSGTAVEVAGANSKLTENHRYSYGVKDAISGRINNSPLH,DSVNN,IPSGT,AVEVAGANSKLT,ENHRY,SYGVKD,AISGRINNSPLH,0
IVTDFSVIK,ATGYPSATKADDKAQKGGGSNYKLTKGHSHLQKENIASSPQGYEQY,ATGYPS,ATKADDK,AQKGGGSNYKLT,KGHSH,LQKENI,ASSPQGYEQY,0
RAKFKQLL,NIATNDYGYKTKLVGAGGYQKVTLGHNAYNFKEQASSQELAGGNEQF,NIATNDY,GYKTK,LVGAGGYQKVT,LGHNA,YNFKEQ,ASSQELAGGNEQF,0
GILGFVFTL,SSVPPYYTSAATLVAVTPGDYKLSLNHDASQIVNDASSIRDSGNQPQH,SSVPPY,YTSAATLV,AVTPGDYKLS,LNHDA,SQIVND,ASSIRDSGNQPQH,0
CINGVCWTV,TSGFYGNALDGLAVRDQDYGQNFVSGHDTYYEEEEASRDRGVGSPLH,TSGFYG,NALDGL,AVRDQDYGQNFV,SGHDT,YYEEEE,ASRDRGVGSPLH,0
CINGVCWTV,DSSSTYIFSNMDMAEIHARLMDFQATTSNEGSKASARDGNREWLH,DSSSTY,IFSNMDM,AEIHARLM,DFQATT,SNEGSKA,SARDGNREWLH,0
GILGFVFTL,TSINNIRSNEREASTGTASKLTSGDLSYYNGEEASSVGTSDTDTQY,TSINN,IRSNERE,ASTGTASKLT,SGDLS,YYNGEE,ASSVGTSDTDTQY,0
ELAGIGILTV,DSSSTYIFSNMDMAEDSASKIIDFQATTSNEGSKASARDETGNGYT,DSSSTY,IFSNMDM,AEDSASKII,DFQATT,SNEGSKA,SARDETGNGYT,0
GPRLGVRAT,SSVPPYYTSAATLVAVSSRDDKLISEHNRFQNEAQASSSPGEYEKLF,SSVPPY,YTSAATLV,AVSSRDDKLI,SEHNR,FQNEAQ,ASSSPGEYEKLF,1
IVTDFSVIK,DRGSQSIYSNGDAVTVSNDYKLSSGDLSYYNGEEASSDASGSIGEQF,DRGSQS,IYSNGD,AVTVSNDYKLS,SGDLS,YYNGEE,ASSDASGSIGEQF,0
YLQPRTFLL,VSGNPYYITGDNLVAVSYSGAGSYQLTSGDLSYYNGEEASSGGGLAYNEQF,VSGNPY,YITGDNLV,AVSYSGAGSYQLT,SGDLS,YYNGEE,ASSGGGLAYNEQF,0
RAKFKQLL,TSINNIRSNEREATDAATGRRALTDFQATTSNEGSKASAWTGTEAF,TSINN,IRSNERE,ATDAATGRRALT,DFQATT,SNEGSKA,SAWTGTEAF,0
AVFDRKSDAK,TSGFNGNVLDGLAVMDSSYKLIMRHNASNTAGTASSAGTSPTDTQY,TSGFNG,NVLDGL,AVMDSSYKLI,MRHNA,SNTAGT,ASSAGTSPTDTQY,0
AVFDRKSDAK,TSGFNGNVLDGLAVLDSNYQLISGDLSYYNGEEASSSGRLTNTEAF,TSGFNG,NVLDGL,AVLDSNYQLI,SGDLS,YYNGEE,ASSSGRLTNTEAF,0
RAKFKQLL,DSASNYIRSNVGEAASETSYDKVIMGHDKSYGVNSASSEQGQGEKLF,DSASNY,IRSNVGE,AASETSYDKVI,MGHDK,SYGVNS,ASSEQGQGEKLF,1
IVTDFSVIK,DRGSQSIYSNGDAVTGDKLISGHDYFNNNVPALSDLGGSGNTGKLI,DRGSQS,IYSNGD,AVTGDKLI,SGHDY,FNNNVP,ALSDLGGSGNTGKLI,0
KSKRTPMGF,DRGSQSIYSNGDAVNKVTSGGSNYKLTSGHNSFNNNVPASSFLDRGPNTEAF,DRGSQS,IYSNGD,AVNKVTSGGSNYKLT,SGHNS,FNNNVP,ASSFLDRGPNTEAF,0
KLGGALQAK,DSASNYIRSNVGEAASEEYGNKLVLGHNAYNFKEQASSQRPSEVGELF,DSASNY,IRSNVGE,AASEEYGNKLV,LGHNA,YNFKEQ,ASSQRPSEVGELF,0
AVFDRKSDAK,VSGNPYYITGDNLVTSRVTDYKLSSEHNRFQNEAQASSPDRESNTGELF,VSGNPY,YITGDNLV,TSRVTDYKLS,SEHNR,FQNEAQ,ASSPDRESNTGELF,0
GILGFVFTL,NYSPAYIRENEKEALNPSGYALNMNHNSSASEGTASGGSTAYEQY,NYSPAY,IRENEKE,ALNPSGYALN,MNHNS,SASEGT,ASGGSTAYEQY,0
IVTDFSVIK,TSGFNGNVLDGLAVGMIKAAGNKLTDFQATTSNEGSKASALGGTQY,TSGFNG,NVLDGL,AVGMIKAAGNKLT,DFQATT,SNEGSKA,SALGGTQY,0
LLWNGPMAV,TRDTTYYRNSFDEQNALSEAKDEGSEKLVLNHDASQIVNDASSARSSYEQY,TRDTTYY,RNSFDEQN,ALSEAKDEGSEKLV,LNHDA,SQIVND,ASSARSSYEQY,0
RAKFKQLL,NIATNDYGYKTKLVGEANGGSQGNLISGDLSYYNGEEAILGGGAVRDQPQH,NIATNDY,GYKTK,LVGEANGGSQGNLI,SGDLS,YYNGEE,AILGGGAVRDQPQH,0
GILGFVFTL,VSGNPYYITGDNLVAVRDPHYGGSQGNLISGHKSYYEKEEASSTGGEVQY,VSGNPY,YITGDNLV,AVRDPHYGGSQGNLI,SGHKS,YYEKEE,ASSTGGEVQY,0
GLCTLVAML,DRGSQSIYSNGDAVGGGSNYKLTMNHEYSVGEGTASSYQGAGGYT,DRGSQS,IYSNGD,AVGGGSNYKLT,MNHEY,SVGEGT,ASSYQGAGGYT,0
AVFDRKSDAK,SSNFYAMTLNGDEAFELILGAQKLVMNHEYSVGEGTASSYSWTGSNYGYT,SSNFYA,MTLNGDE,AFELILGAQKLV,MNHEY,SVGEGT,ASSYSWTGSNYGYT,0
RAKFKQLL,NIATNDYGYKTKLVGEANGGSQGNLISGHVSFQNEAQASSLEEGYSYEQY,NIATNDY,GYKTK,LVGEANGGSQGNLI,SGHVS,FQNEAQ,ASSLEEGYSYEQY,0
GILGFVFTL,SVFSSVVTGGEVAGAWNTGKLILNHDASQIVNDASSIRSSYEQY,SVFSS,VVTGGEV,AGAWNTGKLI,LNHDA,SQIVND,ASSIRSSYEQY,1
SLFNTVATLY,TSENNYYQEAYKQQNAFMLGAGGTSYGKLTSGHVSFNYEAQASSFLTGNTEAF,TSENNYY,QEAYKQQN,AFMLGAGGTSYGKLT,SGHVS,FNYEAQ,ASSFLTGNTEAF,0
CTELKLSDY,DRGSQSIYSNGDAVNWEEQGGSYIPTKGHDRSFDVKDATSDRLAGGELF,DRGSQS,IYSNGD,AVNWEEQGGSYIPT,KGHDR,SFDVKD,ATSDRLAGGELF,0
RAKFKQLL,DSSSTYIFSNMDMAESEGPTYTDKLISGHRSYFSETQASSFRGVNTEAF,DSSSTY,IFSNMDM,AESEGPTYTDKLI,SGHRS,YFSETQ,ASSFRGVNTEAF,1
AVFDRKSDAK,DSASNYIRSNVGEAASGPGDDKIIMNHEYSMNVEVASSPHFQVDTGELF,DSASNY,IRSNVGE,AASGPGDDKII,MNHEY,SMNVEV,ASSPHFQVDTGELF,0
KLGGALQAK,DRGSQSIYSNGDAVGGTGKLILNHDASQIVNDASGLSGDEQY,DRGSQS,IYSNGD,AVGGTGKLI,LNHDA,SQIVND,ASGLSGDEQY,0
AVFDRKSDAK,DRGSQSIYSNGDAVNAGNDMRMNHEYSVGEGTASSYGQGWGYT,DRGSQS,IYSNGD,AVNAGNDMR,MNHEY,SVGEGT,ASSYGQGWGYT,0
IVTDFSVIK,TSINNIRSNEREATDARNNARLMSGHTAFQGTGAASSLGGAAYNEQF,TSINN,IRSNERE,ATDARNNARLM,SGHTA,FQGTGA,ASSLGGAAYNEQF,0
IVTDFSVIK,VSGNPYYITGDNLVAVRLHNYGQNFVDFQATTSNEGSKASAPARSEPYEQY,VSGNPY,YITGDNLV,AVRLHNYGQNFV,DFQATT,SNEGSKA,SAPARSEPYEQY,0
CINGVCWTV,KTLYGLQKGGEEGAGRVDDMRSGHATFQNNGVASSWGGGSHYGYT,KTLYG,LQKGGEE,GAGRVDDMR,SGHAT,FQNNGV,ASSWGGGSHYGYT,0
NLVPMVATV,TSINNIRSNEREATDADYGGSQGNLISEHNRFQNEAQASSGSSRTPNTEAF,TSINN,IRSNERE,ATDADYGGSQGNLI,SEHNR,FQNEAQ,ASSGSSRTPNTEAF,0
GILGFVFTL,YGATPYYFSGDTLVAVGAGTNAGKSTMGHRAYSYEKLASSQESGTEAF,YGATPY,YFSGDTLV,AVGAGTNAGKST,MGHRA,YSYEKL,ASSQESGTEAF,0
GLCTLVAML,NSASQSVYSSGVGFSNTGNQFYSGDLSYYNGEEASSVTSSEGTIY,NSASQS,VYSSG,VGFSNTGNQFY,SGDLS,YYNGEE,ASSVTSSEGTIY,0
GILGFVFTL,SVFSSVVTGGEVAGCHGSGNTGKLILNHDASQIVNDASSSRSAYEQY,SVFSS,VVTGGEV,AGCHGSGNTGKLI,LNHDA,SQIVND,ASSSRSAYEQY,1
RAKFKQLL,TRDTTYYRNSFDEQNALSNAKTSYDKVIDFQATTSNEGSKASARPGQFYSNQPQH,TRDTTYY,RNSFDEQN,ALSNAKTSYDKVI,DFQATT,SNEGSKA,SARPGQFYSNQPQH,0
RAKFKQLL,VSGNPYYITGDNLVAVSAASGGSYIPTLGHNTFRNRAPASGLVESAGTEAF,VSGNPY,YITGDNLV,AVSAASGGSYIPT,LGHNT,FRNRAP,ASGLVESAGTEAF,1
RAKFKQLL,NSASQSVYSSGVVNKGNDMRSNHLYFYNNEIASQDTNTGELF,NSASQS,VYSSG,VVNKGNDMR,SNHLY,FYNNEI,ASQDTNTGELF,0
CINGVCWTV,NIATNDYGYKTKLVVSPSGGSYIPTSQVTMANQGSEASVGSRESSYNEQF,NIATNDY,GYKTK,LVVSPSGGSYIPT,SQVTM,ANQGSEA,SVGSRESSYNEQF,1
AVFDRKSDAK,SIFNTLYKAGELAGQLWTGTASKLTSGHNTYYREEEASSLGRGIYEQY,SIFNT,LYKAGEL,AGQLWTGTASKLT,SGHNT,YYREEE,ASSLGRGIYEQY,0
AVFDRKSDAK,SSNFYAMTLNGDEAFIHLEYGNKLVMNHEYSVGAGIASSTLTGAETQY,SSNFYA,MTLNGDE,AFIHLEYGNKLV,MNHEY,SVGAGI,ASSTLTGAETQY,0
NLVPMVATV,VSGLRGLYSAGEEAVPPKANNLFSGHNSFNNNVPASTPGRSDTGELF,VSGLRG,LYSAGEE,AVPPKANNLF,SGHNS,FNNNVP,ASTPGRSDTGELF,0
RFPLTFGWCF,TISGNEYGLKNNIVRVGTSGSARQLTLNHDASQIVNDASSISPSGFNGYT,TISGNEY,GLKNN,IVRVGTSGSARQLT,LNHDA,SQIVND,ASSISPSGFNGYT,0
AVFDRKSDAK,VSGNPYYITGDNLVAVAKDLQNSGGGADGLTLNHNVYYDKDFATSYEDNSGANVLT,VSGNPY,YITGDNLV,AVAKDLQNSGGGADGLT,LNHNV,YYDKDF,ATSYEDNSGANVLT,0
RAKFKQLL,DSASNYIRSNVGEAATETSYDKVISGHNSFNNNVPASLLVGAGGAEQF,DSASNY,IRSNVGE,AATETSYDKVI,SGHNS,FNNNVP,ASLLVGAGGAEQF,1
GILGFVFTL,DRGSQSIYSNGDAVKGGAAGNKLTSGHTAFQGNSAASSLDSAYEQY,DRGSQS,IYSNGD,AVKGGAAGNKLT,SGHTA,FQGNSA,ASSLDSAYEQY,0
GILGFVFTL,DSASNYIRSNVGEAGEYGNKLVMNHEYSVGEGTASSYSFQGGELF,DSASNY,IRSNVGE,AGEYGNKLV,MNHEY,SVGEGT,ASSYSFQGGELF,0
KLGGALQAK,TTLSNLVKSGEVAGNYGGSQGNLISGHDTYYEEEEASSLRDGSEAF,TTLSN,LVKSGEV,AGNYGGSQGNLI,SGHDT,YYEEEE,ASSLRDGSEAF,0
CINGVCWTV,TRDTTYYRNSFDEQNALKGNTGTASKLTSGDLSYYNGEEASSVELSTDTQY,TRDTTYY,RNSFDEQN,ALKGNTGTASKLT,SGDLS,YYNGEE,ASSVELSTDTQY,0
GILGFVFTL,NSASQSVYSSGVVGNYGQNFVLGHNAYSLEERASSQVLSGELF,NSASQS,VYSSG,VVGNYGQNFV,LGHNA,YSLEER,ASSQVLSGELF,0
KLGGALQAK,DRGSQSIYSNGDAMNPAWGGATNKLISGHATFQNNGVASSLNRGDPEAF,DRGSQS,IYSNGD,AMNPAWGGATNKLI,SGHAT,FQNNGV,ASSLNRGDPEAF,0
RAKFKQLL,DSASNYIRSNVGEAASIPNQAGTALISGHNSFNNNVPASSFSGNTGELF,DSASNY,IRSNVGE,AASIPNQAGTALI,SGHNS,FNNNVP,ASSFSGNTGELF,1
RAKFKQLL,SVFSSVVTGGEVAGGGSQGNLISGHNTYYREEEASSSTGGGEKDQPQH,SVFSS,VVTGGEV,AGGGSQGNLI,SGHNT,YYREEE,ASSSTGGGEKDQPQH,0
RAKFKQLL,TRDTTYYRNSFDEQNALMGDNNARLMENHRYSYGVKDAISATGVETQY,TRDTTYY,RNSFDEQN,ALMGDNNARLM,ENHRY,SYGVKD,AISATGVETQY,0
RAKFKQLL,YSGSPEHISRAPIRAGNNRKLIPRHDTFYEKMQASSVVGTGGRNTEAF,YSGSPE,HISR,APIRAGNNRKLI,PRHDT,FYEKMQ,ASSVVGTGGRNTEAF,0
SPRWYFYYL,DSSSTYIFSNMDMAESLWDDKIISGHDYFNNNVPASRPSGGAETQY,DSSSTY,IFSNMDM,AESLWDDKII,SGHDY,FNNNVP,ASRPSGGAETQY,0
AVFDRKSDAK,NIATNDYGYKTKLVGDMAGGFKTISGHNTYYREEEASSWTQGDEQY,NIATNDY,GYKTK,LVGDMAGGFKTI,SGHNT,YYREEE,ASSWTQGDEQY,0
SPRWYFYYL,TSDPSYGQGSYDQQNAITGGFKTISGDLSYYNGEEASSSKPGGDYNEQF,TSDPSYG,QGSYDQQN,AITGGFKTI,SGDLS,YYNGEE,ASSSKPGGDYNEQF,1
AVFDRKSDAK,VSGLRGLYSAGEEAGGGSQGNLIMNHEYSMNVEVASSGSPYNEQF,VSGLRG,LYSAGEE,AGGGSQGNLI,MNHEY,SMNVEV,ASSGSPYNEQF,0
GILGFVFTL,DSASNYIRSNVGEAASETSYDKVISEHNRFQNEAQASSLGTQPQH,DSASNY,IRSNVGE,AASETSYDKVI,SEHNR,FQNEAQ,ASSLGTQPQH,0
ELAGIGILTV,TSGFNGNVLDGLAVRDGDYKLSSEHNRFQNEAQASSTGQAYNEKLF,TSGFNG,NVLDGL,AVRDGDYKLS,SEHNR,FQNEAQ,ASSTGQAYNEKLF,0
GILGFVFTL,VGISALSSGKAAPANTGNQFYSGHNSFNNNVPASSLLWRNNEQF,VGISA,LSSGK,AAPANTGNQFY,SGHNS,FNNNVP,ASSLLWRNNEQF,0
GILGFVFTL,DSASNYIRSNVGEAASGYDYKLSSGHNSFNNNVPASSFSGNTGELF,DSASNY,IRSNVGE,AASGYDYKLS,SGHNS,FNNNVP,ASSFSGNTGELF,0
CINGVCWTV,TSENNYYQEAYKQQNAFMKLESYMDSNYQLIMNHEYSVGEGTASSYLGDIQFNQPQH,TSENNYY,QEAYKQQN,AFMKLESYMDSNYQLI,MNHEY,SVGEGT,ASSYLGDIQFNQPQH,1
AVFDRKSDAK,TSINNIRSNEREAPSLMDTGRRALTSGHNSFNNNVPASSFGGDGYNEQF,TSINN,IRSNERE,APSLMDTGRRALT,SGHNS,FNNNVP,ASSFGGDGYNEQF,0
GILGFVFTL,DSASNYIRSNVGEAVVPGNTGKLILNHDASQIVNDASSIRSGESRAF,DSASNY,IRSNVGE,AVVPGNTGKLI,LNHDA,SQIVND,ASSIRSGESRAF,1
RAKFKQLL,TSGFNGNVLDGLAVRDFPGRRALTDFQATTSNEGSKASARDRSSYNEQF,TSGFNG,NVLDGL,AVRDFPGRRALT,DFQATT,SNEGSKA,SARDRSSYNEQF,0
IVTDFSVIK,YGATPYYFSGDTLVAVDDTNAGKSTLNHDASHIVNDASSLRSTDTQY,YGATPY,YFSGDTLV,AVDDTNAGKST,LNHDA,SHIVND,ASSLRSTDTQY,0
RAKFKQLL,YGATPYYFSGDTLVAVVGRTGRRALTLNHDASQIVNDASSIRSSYEQY,YGATPY,YFSGDTLV,AVVGRTGRRALT,LNHDA,SQIVND,ASSIRSSYEQY,0
KLGGALQAK,TSESDYYQEAYKQQNADFGNEKLTDFQATTSNEGSKASAREWAWEETQY,TSESDYY,QEAYKQQN,ADFGNEKLT,DFQATT,SNEGSKA,SAREWAWEETQY,0
LLWNGPMAV,NSASQSVYSSGVVFNFNKFYKGHSHLQKENIASSPDGGHSTDTQY,NSASQS,VYSSG,VVFNFNKFY,KGHSH,LQKENI,ASSPDGGHSTDTQY,1
AVFDRKSDAK,DRGSQSIYSNGDAVNGSWGKLQMGHRAYSYEKLASSQGDSGDNTGELF,DRGSQS,IYSNGD,AVNGSWGKLQ,MGHRA,YSYEKL,ASSQGDSGDNTGELF,0
KLGGALQAK,YGGTVNYFSGDPLVAVNAAGNDYKLSSEHNRFQNEAQASSTRTGQETQY,YGGTVN,YFSGDPLV,AVNAAGNDYKLS,SEHNR,FQNEAQ,ASSTRTGQETQY,0
RAKFKQLL,DSASNYIRSNVGEAASETSYDKVISEHNRFQNEAQASSLFFGYEQY,DSASNY,IRSNVGE,AASETSYDKVI,SEHNR,FQNEAQ,ASSLFFGYEQY,0
RAKFKQLL,TTLSNLVKSGEVAGPQDGGSQGNLILNHDASQIVNDASSYYSNQPQH,TTLSN,LVKSGEV,AGPQDGGSQGNLI,LNHDA,SQIVND,ASSYYSNQPQH,0
NLVPMVATV,NSASQSVYSSGVVWGGSYIPTMDHENSYDVKMASSFPPDLNTGELF,NSASQS,VYSSG,VVWGGSYIPT,MDHEN,SYDVKM,ASSFPPDLNTGELF,0
KLGGALQAK,DRGSQSIYSNGDAVNIDNMDSNYQLISGDLSYYNGEEASSVGGEAYEQY,DRGSQS,IYSNGD,AVNIDNMDSNYQLI,SGDLS,YYNGEE,ASSVGGEAYEQY,0
ELAGIGILTV,VSGLRGLYSAGEEAVQAGYNTDKLISGHRSYFSETQASSLSWQELYGYT,VSGLRG,LYSAGEE,AVQAGYNTDKLI,SGHRS,YFSETQ,ASSLSWQELYGYT,0
IVTDFSVIK,DSAIYNIQSSQREAVLGMNTGFQKLVSGHTAFQGNSAASSLDPGNYEQY,DSAIYN,IQSSQRE,AVLGMNTGFQKLV,SGHTA,FQGNSA,ASSLDPGNYEQY,1
ELAGIGILTV,TRDTTYYRNSFDEQNALRPDSNYQLILGHNAYSLEERASSPGEGLKTEAF,TRDTTYY,RNSFDEQN,ALRPDSNYQLI,LGHNA,YSLEER,ASSPGEGLKTEAF,0
RAKFKQLL,NSASQSVYSSGVVNMAGGGNKLTMGHDKSYGVNSASSGKDSFYEQY,NSASQS,VYSSG,VVNMAGGGNKLT,MGHDK,SYGVNS,ASSGKDSFYEQY,0
GILGFVFTL,DRGSQSIYSNGDAVNGNNNDMRLNHDASQIVNDASAWGGMTNEQY,DRGSQS,IYSNGD,AVNGNNNDMR,LNHDA,SQIVND,ASAWGGMTNEQY,0
KLGGALQAK,YGGTVNYFSGDPLVAVNSGYSTLTKGHDRSFDVKDATASGTVTDTQY,YGGTVN,YFSGDPLV,AVNSGYSTLT,KGHDR,SFDVKD,ATASGTVTDTQY,0
RAKFKQLL,DRGSQSIYSNGDAVNSNFGNEKLTMNHEYSVGAGIASSSGVEAF,DRGSQS,IYSNGD,AVNSNFGNEKLT,MNHEY,SVGAGI,ASSSGVEAF,0
IVTDFSVIK,DSASNYIRSNVGEAARVRGFGNVLHSGDLSYYNGEEASSLSSGTYEQY,DSASNY,IRSNVGE,AARVRGFGNVLH,SGDLS,YYNGEE,ASSLSSGTYEQY,1
SPRWYFYYL,DSSSTYIFSNMDMAPGGYNKLIMDHENSYDVKMASSSGAGELF,DSSSTY,IFSNMDM,APGGYNKLI,MDHEN,SYDVKM,ASSSGAGELF,0
RAKFKQLL,DRGSQSIYSNGDAVKGGGADGLTLGHNAYSLEERASSQVEGLETQY,DRGSQS,IYSNGD,AVKGGGADGLT,LGHNA,YSLEER,ASSQVEGLETQY,0
RAKFKQLL,SSYSPSYTSAATLVVVSETGTASKLTLGHDTYNNKELASSQGGQSAWTQY,SSYSPS,YTSAATLV,VVSETGTASKLT,LGHDT,YNNKEL,ASSQGGQSAWTQY,0
LLWNGPMAV,SSVPPYYTSAATLVAVTDNNNNDMRMNHNSSASEGTASSDRLENNEKLF,SSVPPY,YTSAATLV,AVTDNNNNDMR,MNHNS,SASEGT,ASSDRLENNEKLF,0
AVFDRKSDAK,DSASNYIRSNVGEAASGYDYKLSSGHNSFNNNVPASSFSGNTGELF,DSASNY,IRSNVGE,AASGYDYKLS,SGHNS,FNNNVP,ASSFSGNTGELF,0
CINGVCWTV,TRDTTYYRNSFDEQNALKHNNARLMSGHVSFNYEAQASSPLAGVSDTQY,TRDTTYY,RNSFDEQN,ALKHNNARLM,SGHVS,FNYEAQ,ASSPLAGVSDTQY,0
GLCTLVAML,TSESDYYQEAYKQQNAYSKLKAAGNKLTSGHDNFVKESKASSQREGTDTQY,TSESDYY,QEAYKQQN,AYSKLKAAGNKLT,SGHDN,FVKESK,ASSQREGTDTQY,0
AVFDRKSDAK,DSAIYNIQSSQREAVSGFGNVLHDFQATTSNEGSKASARSRVYQETQY,DSAIYN,IQSSQRE,AVSGFGNVLH,DFQATT,SNEGSKA,SARSRVYQETQY,1
ELAGIGILTV,DSASNYIRSNVGEAASETSYDKVISGHNSFNNNVPASTQQGSYGYT,DSASNY,IRSNVGE,AASETSYDKVI,SGHNS,FNNNVP,ASTQQGSYGYT,0
RAKFKQLL,DSASNYIRSNVGEAASETSYDKVIMGHRAYSYEKLASSPLAGIYNEQF,DSASNY,IRSNVGE,AASETSYDKVI,MGHRA,YSYEKL,ASSPLAGIYNEQF,1
FEDLRLLSF,YSGSPEHISRALVTFTGGGNKLTSGHNTYYREEEASSSTGGGEKDQPQH,YSGSPE,HISR,ALVTFTGGGNKLT,SGHNT,YYREEE,ASSSTGGGEKDQPQH,0
GILGFVFTL,TSINNIRSNEREATDPLGGWGKLQMNHEYSVGEGTASSSRPDRDRMANEQF,TSINN,IRSNERE,ATDPLGGWGKLQ,MNHEY,SVGEGT,ASSSRPDRDRMANEQF,0
KLGGALQAK,SSYSPSYTSAATLVVVRPAGKSTMNHEYSMNVEVASSLFLAAQETQY,SSYSPS,YTSAATLV,VVRPAGKST,MNHEY,SMNVEV,ASSLFLAAQETQY,0
RAKFKQLL,NSASDYIRSNMDKADSGGGADGLTSEHNRFQNEAQASSSRDGGTDTQY,NSASDY,IRSNMDK,ADSGGGADGLT,SEHNR,FQNEAQ,ASSSRDGGTDTQY,1
AVFDRKSDAK,VSGLRGLYSAGEEAVVDQAGTALIMGHRAYSYEKLASSAGGGSYNEQF,VSGLRG,LYSAGEE,AVVDQAGTALI,MGHRA,YSYEKL,ASSAGGGSYNEQF,0
GLCTLVAML,TSINNIRSNEREARSRNKQGGIFFMNHEYSMNVEVASSLMGQGINQPQH,TSINN,IRSNERE,ARSRNKQGGIFF,MNHEY,SMNVEV,ASSLMGQGINQPQH,0
ELAGIGILTV,TSGFNGNVLDGLAVKDSNYQLIMDHENSYDVKMASSFGRLSGANVLT,TSGFNG,NVLDGL,AVKDSNYQLI,MDHEN,SYDVKM,ASSFGRLSGANVLT,0
RAKFKQLL,NSASDYIRSNMDKAENMGGGSQGNLISGHTAFQGNSAASSLEGGTTPFYEQY,NSASDY,IRSNMDK,AENMGGGSQGNLI,SGHTA,FQGNSA,ASSLEGGTTPFYEQY,0
AVFDRKSDAK,DSSSTYIFSNMDMAERSASNTGKLILGHNAYSLEERASSHTSADEQF,DSSSTY,IFSNMDM,AERSASNTGKLI,LGHNA,YSLEER,ASSHTSADEQF,0
RAKFKQLL,YSGSPEHISRALTGNYGQNFVLNHDASQIVNDASSIRSSYEQY,YSGSPE,HISR,ALTGNYGQNFV,LNHDA,SQIVND,ASSIRSSYEQY,0
AVFDRKSDAK,DSASNYIRSNVGEAASETSYDKVISEHNRFQNEAQASSLLGQPNTEAF,DSASNY,IRSNVGE,AASETSYDKVI,SEHNR,FQNEAQ,ASSLLGQPNTEAF,0
NLVPMVATV,DSASNYIRSNVGEAASETSYDKVISEHNRFQNEAQASSLLGQPNTEAF,DSASNY,IRSNVGE,AASETSYDKVI,SEHNR,FQNEAQ,ASSLLGQPNTEAF,0
SLFNTVATLY,DRGSQSIYSNGDAVNSNFGNEKLTMNHEYSVGAGIASSSGVEAF,DRGSQS,IYSNGD,AVNSNFGNEKLT,MNHEY,SVGAGI,ASSSGVEAF,0
KLGGALQAK,NSASDYIRSNMDKADSGGGADGLTSGHDTYYEEEEASSSTLYGSYNEQF,NSASDY,IRSNMDK,ADSGGGADGLT,SGHDT,YYEEEE,ASSSTLYGSYNEQF,0
KLGGALQAK,TRDTTYYRNSFDEQNALSEDGNDYKLSLNHDASQIVNDATGFPYEQY,TRDTTYY,RNSFDEQN,ALSEDGNDYKLS,LNHDA,SQIVND,ATGFPYEQY,0
GILGFVFTL,TSGFNGNVLDGLAVRGSGGYNKLISNHLYFYNNEIASHATGAYGYT,TSGFNG,NVLDGL,AVRGSGGYNKLI,SNHLY,FYNNEI,ASHATGAYGYT,0
RAKFKQLL,VSGNPYYITGDNLVAVRDGTGANNLFLNHDASQIVNDASTTVQGGYT,VSGNPY,YITGDNLV,AVRDGTGANNLF,LNHDA,SQIVND,ASTTVQGGYT,0
RAKFKQLL,TRDTTYYRNSFDEQNALSGDDYKLSSGDLSYYNGEEASSVASGRAHEQY,TRDTTYY,RNSFDEQN,ALSGDDYKLS,SGDLS,YYNGEE,ASSVASGRAHEQY,0
GILGFVFTL,VSNAYNGSKPAVENDKIIDFQATTSNEGSKASALLLAPRSEQF,VSNAYN,GSKP,AVENDKII,DFQATT,SNEGSKA,SALLLAPRSEQF,0
RFPLTFGWCF,NSASQSVYSSGVGFSNTGNQFYSGDLSYYNGEEASSVTSSEGTIY,NSASQS,VYSSG,VGFSNTGNQFY,SGDLS,YYNGEE,ASSVTSSEGTIY,0
LLWNGPMAV,NSMFDYISSIKDKAAVPIQGAQKLVSGHDYFNNNVPASGTWGARQPQH,NSMFDY,ISSIKDK,AAVPIQGAQKLV,SGHDY,FNNNVP,ASGTWGARQPQH,1
GILGFVFTL,TRDTTYYRNSFDEQNALSEANTGGFKTISQVTMANQGSEASVGTGDWGEQY,TRDTTYY,RNSFDEQN,ALSEANTGGFKTI,SQVTM,ANQGSEA,SVGTGDWGEQY,0
GILGFVFTL,NSASQSVYSSGVVNNGDKLISGHVSFNYEAQASSPGTTLAKNIQY,NSASQS,VYSSG,VVNNGDKLI,SGHVS,FNYEAQ,ASSPGTTLAKNIQY,0
GILGFVFTL,TSINNIRSNEREATDYYGNNRLAMNHEYSVGAGIASREGQFQETQY,TSINN,IRSNERE,ATDYYGNNRLA,MNHEY,SVGAGI,ASREGQFQETQY,0
RAKFKQLL,NSASDYIRSNMDKADSGGGADGLTSQVTMANQGSEASAGQGPYEQY,NSASDY,IRSNMDK,ADSGGGADGLT,SQVTM,ANQGSEA,SAGQGPYEQY,1
SPRWYFYYL,SIFNTLYKAGELAGQLSGGYQKVTDFQATTSNEGSKASARDQLREDNYGYT,SIFNT,LYKAGEL,AGQLSGGYQKVT,DFQATT,SNEGSKA,SARDQLREDNYGYT,0
CINGVCWTV,DSSSTYIFSNMDMAEDSASKIIDFQATTSNEGSKASARDETGNGYT,DSSSTY,IFSNMDM,AEDSASKII,DFQATT,SNEGSKA,SARDETGNGYT,0
GILGFVFTL,NSASDYIRSNMDKAENNDMRLGHDTYNNKELASSPYIQGNEQY,NSASDY,IRSNMDK,AENNDMR,LGHDT,YNNKEL,ASSPYIQGNEQY,0
RAKFKQLL,SVFSSVVTGGEVAGVGSWGKLQSGHNSFNNNVPASSFSGNTGELF,SVFSS,VVTGGEV,AGVGSWGKLQ,SGHNS,FNNNVP,ASSFSGNTGELF,1
ELAGIGILTV,DSSSTYIFSNMDMAGGGSQGNLIMNHEYSMNVEVASSISGGPGETQY,DSSSTY,IFSNMDM,AGGGSQGNLI,MNHEY,SMNVEV,ASSISGGPGETQY,0
GILGFVFTL,TSINNIRSNEREATAKYNAGGTSYGKLTLNHDASQIVNDASSIGSHGYT,TSINN,IRSNERE,ATAKYNAGGTSYGKLT,LNHDA,SQIVND,ASSIGSHGYT,1
GLCTLVAML,KALYSLLKGGEQGTVKGFGNVLHDFQATTSNEGSKASAPARSEPYEQY,KALYS,LLKGGEQ,GTVKGFGNVLH,DFQATT,SNEGSKA,SAPARSEPYEQY,0
GILGFVFTL,DSAIYNIQSSQREAVCEEGSQGNLISEHNRFQNEAQASSLEGQLYEQY,DSAIYN,IQSSQRE,AVCEEGSQGNLI,SEHNR,FQNEAQ,ASSLEGQLYEQY,0
GILGFVFTL,TTLSNLVKSGEVAVSYGGSQGNLILNHDASQIVNDASSGRPTETQY,TTLSN,LVKSGEV,AVSYGGSQGNLI,LNHDA,SQIVND,ASSGRPTETQY,1
GLCTLVAML,TISGTDYGLTSNILGSNDYKLSSQVTMANQGSEASPGTDLYEQY,TISGTDY,GLTSN,ILGSNDYKLS,SQVTM,ANQGSEA,SPGTDLYEQY,1
GILGFVFTL,NSASDYIRSNMDKADSGGGADGLTMNHEYSMNVEVASSPHFQVDTGELF,NSASDY,IRSNMDK,ADSGGGADGLT,MNHEY,SMNVEV,ASSPHFQVDTGELF,0
GILGFVFTL,TSENNYYQEAYKQQNAFMLGAGGTSYGKLTLNHDASHIVNDASSIGYYGYT,TSENNYY,QEAYKQQN,AFMLGAGGTSYGKLT,LNHDA,SHIVND,ASSIGYYGYT,1
GILGFVFTL,SVFSSVVTGGEVAGVGSWGKLQSGHNSFNNNVPASSFSGNTGELF,SVFSS,VVTGGEV,AGVGSWGKLQ,SGHNS,FNNNVP,ASSFSGNTGELF,0
ATDALMTGF,SSVPPYYTSAATLVAVSAGDYKLSKGHDRSFDVKDATSDSVAGNQPQH,SSVPPY,YTSAATLV,AVSAGDYKLS,KGHDR,SFDVKD,ATSDSVAGNQPQH,1
KLGGALQAK,YGGTVNYFSGDPLVAVIGEGGKLTMDHENSYDVKMASSLLVSGVSSTDTQY,YGGTVN,YFSGDPLV,AVIGEGGKLT,MDHEN,SYDVKM,ASSLLVSGVSSTDTQY,0
GILGFVFTL,DRGSQSIYSNGDAVNIDNMDSNYQLISGDLSYYNGEEASSVGGEAYEQY,DRGSQS,IYSNGD,AVNIDNMDSNYQLI,SGDLS,YYNGEE,ASSVGGEAYEQY,0
GILGFVFTL,DRGSQSIYSNGDAVKKGQNFVDFQATTSNEGSKASAESGNTEAF,DRGSQS,IYSNGD,AVKKGQNFV,DFQATT,SNEGSKA,SAESGNTEAF,0
ELAGIGILTV,DRGSQSIYSNGDAVSGGKLISGHDYFNNNVPASSPQGFSYEQY,DRGSQS,IYSNGD,AVSGGKLI,SGHDY,FNNNVP,ASSPQGFSYEQY,0
AVFDRKSDAK,DSSSTYIFSNMDMAEGYINQGGKLISGHNTYYREEEASSFTGPDEQF,DSSSTY,IFSNMDM,AEGYINQGGKLI,SGHNT,YYREEE,ASSFTGPDEQF,0
GILGFVFTL,DRGSQSIYSNGDAVLGFGNVLHSGHNSFNNNVPASSPTGF,DRGSQS,IYSNGD,AVLGFGNVLH,SGHNS,FNNNVP,ASSPTGF,0
KLGGALQAK,TISGTDYGLTSNILSTYNNNDMRMNHEYSVGAGIASSYEGSQGNEQF,TISGTDY,GLTSN,ILSTYNNNDMR,MNHEY,SVGAGI,ASSYEGSQGNEQF,1
AVFDRKSDAK,DSSSTYIFSNMDMAPGGYNKLIMDHENSYDVKMASSSGAGELF,DSSSTY,IFSNMDM,APGGYNKLI,MDHEN,SYDVKM,ASSSGAGELF,0
AVFDRKSDAK,YGATPYYFSGDTLVAVGATDSWGKLQMDHENSYDVKMGARPPGVSNEQF,YGATPY,YFSGDTLV,AVGATDSWGKLQ,MDHEN,SYDVKM,GARPPGVSNEQF,1
RAKFKQLL,TSENNYYQEAYKQQNAFMKQDSNSGYALNKGHDRSFDVKDATSGPHRVHEQF,TSENNYY,QEAYKQQN,AFMKQDSNSGYALN,KGHDR,SFDVKD,ATSGPHRVHEQF,0
RAKFKQLL,DSSSTYIFSNMDMAHLGGSSNTGKLIMDHENSYDVKMAVNGGSNYGYT,DSSSTY,IFSNMDM,AHLGGSSNTGKLI,MDHEN,SYDVKM,AVNGGSNYGYT,0
ELAGIGILTV,TSGFNGNVLDGLAAMDSNYQLIMNHNSSASEGTASNEDSNYGYT,TSGFNG,NVLDGL,AAMDSNYQLI,MNHNS,SASEGT,ASNEDSNYGYT,0
ATDALMTGF,TSENNYYQEAYKQQNAFLQGGSEKLVMDHENSYDVKMASSLFGLAGVEETQY,TSENNYY,QEAYKQQN,AFLQGGSEKLV,MDHEN,SYDVKM,ASSLFGLAGVEETQY,0
RAKFKQLL,SVFSSVVTGGEVAGAGGGGSQGNLIMNHNSSASEGTASSQHGTSNEQF,SVFSS,VVTGGEV,AGAGGGGSQGNLI,MNHNS,SASEGT,ASSQHGTSNEQF,0
GILGFVFTL,DRGSQSIYSNGDAVNPLRDSNYQLIMGHRAYSYEKLASSQTRGAGNTIY,DRGSQS,IYSNGD,AVNPLRDSNYQLI,MGHRA,YSYEKL,ASSQTRGAGNTIY,0
AVFDRKSDAK,TSINNIRSNEREATDDQGAQKLVSGDLSYYNGEEASSVGGVPYNEQF,TSINN,IRSNERE,ATDDQGAQKLV,SGDLS,YYNGEE,ASSVGGVPYNEQF,0
KLGGALQAK,TTSDRLLSNGAVAVDPPVGTYKYISGHDYFNNNVPASSDPQEGQLEGSGYT,TTSDR,LLSNGAV,AVDPPVGTYKYI,SGHDY,FNNNVP,ASSDPQEGQLEGSGYT,0
IVTDFSVIK,NSASDYIRSNMDKAEKGGDDKIIENHRYSYGVKDAISESSSGNNEQF,NSASDY,IRSNMDK,AEKGGDDKII,ENHRY,SYGVKD,AISESSSGNNEQF,0
RAKFKQLL,YGGTVNYFSGDPLVAVSARLNTDKLISGHNSFNNNVPASSFSGNTGELF,YGGTVN,YFSGDPLV,AVSARLNTDKLI,SGHNS,FNNNVP,ASSFSGNTGELF,1
RAKFKQLL,DRGSQSIYSNGDAVNDDKIILNHNVYYDKDFATGRDRAYEQY,DRGSQS,IYSNGD,AVNDDKII,LNHNV,YYDKDF,ATGRDRAYEQY,0
KLGGALQAK,DSSSTYIFSNMDMAESEGPTYTDKLIMGHRAYSYEKLASSLLWAEYNEQF,DSSSTY,IFSNMDM,AESEGPTYTDKLI,MGHRA,YSYEKL,ASSLLWAEYNEQF,0
RAKFKQLL,TSINNIRSNEREATDGDDYKLSLGHDTYNNKELSARDNLRANYGYT,TSINN,IRSNERE,ATDGDDYKLS,LGHDT,YNNKEL,SARDNLRANYGYT,0
KLGGALQAK,DRGSQSIYSNGDAVSGYSTLTMNHEYSVGAGIASSAQGAYGYT,DRGSQS,IYSNGD,AVSGYSTLT,MNHEY,SVGAGI,ASSAQGAYGYT,0
KLGGALQAK,TRDTTYYRNSFDEQNALKLGNAGNMLTSGDLSYYNGEEASSVNPNPIRDRDNEKLF,TRDTTYY,RNSFDEQN,ALKLGNAGNMLT,SGDLS,YYNGEE,ASSVNPNPIRDRDNEKLF,0
GILGFVFTL,DSSSTYIFSNMDMAPGGYNKLIMDHENSYDVKMASSSGAGELF,DSSSTY,IFSNMDM,APGGYNKLI,MDHEN,SYDVKM,ASSSGAGELF,0
RAKFKQLL,VGISALSSGKAVKGSYSGGGADGLTSGHTAFQGNSAASSLRSGTGELF,VGISA,LSSGK,AVKGSYSGGGADGLT,SGHTA,FQGNSA,ASSLRSGTGELF,0
CINGVCWTV,NIATNDYGYKTKLVGDPFYSSASKIISGHNSFNNNVPASSFSGNTGELF,NIATNDY,GYKTK,LVGDPFYSSASKII,SGHNS,FNNNVP,ASSFSGNTGELF,0
NLVPMVATV,DRGSQSIYSNGDAVSGGADGLTMGHRAYSYEKLASSQDLAGGLKF,DRGSQS,IYSNGD,AVSGGADGLT,MGHRA,YSYEKL,ASSQDLAGGLKF,0
LLWNGPMAV,DSAIYNIQSSQREAVGGRTSYDKVIMNHEYSMNVEVASSFSQATEAF,DSAIYN,IQSSQRE,AVGGRTSYDKVI,MNHEY,SMNVEV,ASSFSQATEAF,0
NLVPMVATV,TRDTTYYRNSFDEQNALSDAYNFNKFYPRHDTFYEKMQASSDDRVRYGYT,TRDTTYY,RNSFDEQN,ALSDAYNFNKFY,PRHDT,FYEKMQ,ASSDDRVRYGYT,1
CINGVCWTV,VGISALSSGKAVRKFGNEKLTLNHDASHIVNDASSIGLYGYT,VGISA,LSSGK,AVRKFGNEKLT,LNHDA,SHIVND,ASSIGLYGYT,0
KLGGALQAK,DRGSQSIYSNGDAVNGNQFYMGHRAYSYEKLASSQEEESLGYEQY,DRGSQS,IYSNGD,AVNGNQFY,MGHRA,YSYEKL,ASSQEEESLGYEQY,0
LLWNGPMAV,NSASQSVYSSGVVNRNNDMRSGHNSFNNNVPALGDLNTGELF,NSASQS,VYSSG,VVNRNNDMR,SGHNS,FNNNVP,ALGDLNTGELF,0
CINGVCWTV,VSGLRGLYSAGEEAVQAGSNYQLILGHDTYNNKELASSQRVGLAGKETQY,VSGLRG,LYSAGEE,AVQAGSNYQLI,LGHDT,YNNKEL,ASSQRVGLAGKETQY,1
ELAGIGILTV,DRGSQSIYSNGDAVGGTGKLILNHDASQIVNDASGLSGDEQY,DRGSQS,IYSNGD,AVGGTGKLI,LNHDA,SQIVND,ASGLSGDEQY,1
LLWNGPMAV,YGGTVNYFSGDPLVAVIPGSNYQLILNHDASQIVNDASSDRSNTEAF,YGGTVN,YFSGDPLV,AVIPGSNYQLI,LNHDA,SQIVND,ASSDRSNTEAF,0
RAKFKQLL,TRDTTYYRNSFDEQNALMGNAGGTSYGKLTLNHDASQIVNDASSQGNYGYT,TRDTTYY,RNSFDEQN,ALMGNAGGTSYGKLT,LNHDA,SQIVND,ASSQGNYGYT,0
RAKFKQLL,TISGTDYGLTSNIRGGNTPLVPRHDTFYEKMQASSPGLAGTGYEQY,TISGTDY,GLTSN,IRGGNTPLV,PRHDT,FYEKMQ,ASSPGLAGTGYEQY,0
ELAGIGILTV,DSASNYIRSNVGEAASETSYDKVIMNHNSSASEGTASSEAEGAAPQY,DSASNY,IRSNVGE,AASETSYDKVI,MNHNS,SASEGT,ASSEAEGAAPQY,0
SPRWYFYYL,YGGTVNYFSGDPLVAVSARLNTDKLISGHNSFNNNVPASSFSGNTGELF,YGGTVN,YFSGDPLV,AVSARLNTDKLI,SGHNS,FNNNVP,ASSFSGNTGELF,0
RAKFKQLL,YSGSPEHISRALGFAADGQKLLLNHDASQIVNDASRTGNTEAF,YSGSPE,HISR,ALGFAADGQKLL,LNHDA,SQIVND,ASRTGNTEAF,0
CINGVCWTV,TTLSNLVKSGEVAGFPPGKLISGHNSFNNNVPASSPVAGVRDEQF,TTLSN,LVKSGEV,AGFPPGKLI,SGHNS,FNNNVP,ASSPVAGVRDEQF,0
GILGFVFTL,TSENNYYQEAYKQQNAFMKGSGGSQGNLISGDLSYYNGEEASSPRREYTYEQY,TSENNYY,QEAYKQQN,AFMKGSGGSQGNLI,SGDLS,YYNGEE,ASSPRREYTYEQY,0
GILGFVFTL,NIATNDYGYKTKLVGDPFYSSASKIISGHNSFNNNVPASSFSGNTGELF,NIATNDY,GYKTK,LVGDPFYSSASKII,SGHNS,FNNNVP,ASSFSGNTGELF,0
GILGFVFTL,NSMFDYISSIKDKAAVPIQGAQKLVSGHDYFNNNVPASGTWGARQPQH,NSMFDY,ISSIKDK,AAVPIQGAQKLV,SGHDY,FNNNVP,ASGTWGARQPQH,0
KLGGALQAK,DSASNYIRSNVGEAVNNAGGTSYGKLTLGHNAYSLEERASSLDAFSGNTIY,DSASNY,IRSNVGE,AVNNAGGTSYGKLT,LGHNA,YSLEER,ASSLDAFSGNTIY,0
RAKFKQLL,VGISALSSGKAVTAYNTDKLISGHNSFNNNVPASSFSGNTGELF,VGISA,LSSGK,AVTAYNTDKLI,SGHNS,FNNNVP,ASSFSGNTGELF,1
NLVPMVATV,DRGSQSIYSNGDAVGANNLFSGDLSYYNGEEASSVSAQPDTQY,DRGSQS,IYSNGD,AVGANNLF,SGDLS,YYNGEE,ASSVSAQPDTQY,0
ELAGIGILTV,DSASNYIRSNVGEAYGGSQGNLISNHLYFYNNEIASSEGQVSPGELF,DSASNY,IRSNVGE,AYGGSQGNLI,SNHLY,FYNNEI,ASSEGQVSPGELF,0
DATYQRTRALVR,SSNFYAMTLNGDEAFTTDSWGKLQLGHDTYNNKELASSQGQANEKLF,SSNFYA,MTLNGDE,AFTTDSWGKLQ,LGHDT,YNNKEL,ASSQGQANEKLF,0
ELAGIGILTV,DSSSTYIFSNMDMAEKDTGGFKTISEHNRFQNEAQASTGGDRTYYEQY,DSSSTY,IFSNMDM,AEKDTGGFKTI,SEHNR,FQNEAQ,ASTGGDRTYYEQY,0
AVFDRKSDAK,DSAIYNIQSSQREAVRPGSNDYKLSSQVTMANQGSEASVEDFGNQETQY,DSAIYN,IQSSQRE,AVRPGSNDYKLS,SQVTM,ANQGSEA,SVEDFGNQETQY,1
KSKRTPMGF,DSSSTYIFSNMDMAENRCSTLTSGDLSYYNGEEASSVAGGDEQF,DSSSTY,IFSNMDM,AENRCSTLT,SGDLS,YYNGEE,ASSVAGGDEQF,0
KLGGALQAK,DSASNYIRSNVGEAYGGSQGNLISNHLYFYNNEIASSEGQVSPGELF,DSASNY,IRSNVGE,AYGGSQGNLI,SNHLY,FYNNEI,ASSEGQVSPGELF,0
KSKRTPMGF,DRGSQSIYSNGDAVSGQKLLDFQATTSNEGSKASASDNMVGAYEQY,DRGSQS,IYSNGD,AVSGQKLL,DFQATT,SNEGSKA,SASDNMVGAYEQY,0
RAKFKQLL,DSASNYIRSNVGEAAFDFNKFYSGHTAFQGTGAASSSRGGQETQY,DSASNY,IRSNVGE,AAFDFNKFY,SGHTA,FQGTGA,ASSSRGGQETQY,1
GLCTLVAML,SSYSPSYTSAATLVVVSEWAAGNKLTSGHDNFVKESKASSQEQGDIQY,SSYSPS,YTSAATLV,VVSEWAAGNKLT,SGHDN,FVKESK,ASSQEQGDIQY,0
GILGFVFTL,SSVPPYYTSAATLVAVSSRDDKLISEHNRFQNEAQASSSPGEYEKLF,SSVPPY,YTSAATLV,AVSSRDDKLI,SEHNR,FQNEAQ,ASSSPGEYEKLF,0
KLGGALQAK,DSASNYIRSNVGEAATDTGGTSYGKLTLGHDTYNNKELASSQAYPSGAQASTDTQY,DSASNY,IRSNVGE,AATDTGGTSYGKLT,LGHDT,YNNKEL,ASSQAYPSGAQASTDTQY,0
ELAGIGILTV,DRGSQSIYSNGDAVNTPPFYLNHDASQIVNDASSIRSSYEQY,DRGSQS,IYSNGD,AVNTPPFY,LNHDA,SQIVND,ASSIRSSYEQY,1
KLGGALQAK,SVFSSVVTGGEVAGAIGSSNTGKLILNHDASQIVNDASSIRAAYEQY,SVFSS,VVTGGEV,AGAIGSSNTGKLI,LNHDA,SQIVND,ASSIRAAYEQY,0
AVFDRKSDAK,TSGFNGNVLDGLAVRDPGRDYKLSDFQATTSNEGSKASARGHETTGELF,TSGFNG,NVLDGL,AVRDPGRDYKLS,DFQATT,SNEGSKA,SARGHETTGELF,0
LLWNGPMAV,DSASNYIRSNVGEAASETSYDKVISGHNSFNNNVPASTQQGSYGYT,DSASNY,IRSNVGE,AASETSYDKVI,SGHNS,FNNNVP,ASTQQGSYGYT,0
AVFDRKSDAK,YGATPYYFSGDTLVAVGDNFNKFYSGHATFQNNGVASSSGTAAYEQY,YGATPY,YFSGDTLV,AVGDNFNKFY,SGHAT,FQNNGV,ASSSGTAAYEQY,1
RAKFKQLL,NSASQSVYSSGVVNLAGANNLFSGHRSYFSETQASSPDRAEEQF,NSASQS,VYSSG,VVNLAGANNLF,SGHRS,YFSETQ,ASSPDRAEEQF,0
RPPIFIRRL,SIFNTLYKAGELAGHTGNQFYSGHATFQNNGVASSSNQGDNQPQH,SIFNT,LYKAGEL,AGHTGNQFY,SGHAT,FQNNGV,ASSSNQGDNQPQH,0
GLCTLVAML,DRGSQSIYSNGDAASGGTYKYISGDLSYYNGEEASSSGRLTNTEAF,DRGSQS,IYSNGD,AASGGTYKYI,SGDLS,YYNGEE,ASSSGRLTNTEAF,1
KLGGALQAK,ATGYPSATKADDKAQKGGGSNYKLTKGHSHLQKENIASSPQGYEQY,ATGYPS,ATKADDK,AQKGGGSNYKLT,KGHSH,LQKENI,ASSPQGYEQY,0
IVTDFSVIK,SVFSSVVTGGEVWGDRKTRNSYSGHVSFQNEAQASSLGATWTSNTEAF,SVFSS,VVTGGEV,WGDRKTRNSY,SGHVS,FQNEAQ,ASSLGATWTSNTEAF,0
NLVPMVATV,VSPFSNMTFSENTVVSDEYGNKLVMRHNASNTAGTASSVWTGHDEQF,VSPFSN,MTFSENT,VVSDEYGNKLV,MRHNA,SNTAGT,ASSVWTGHDEQF,0
KLGGALQAK,TTLSNLVKSGEVAGFPPGKLISGHNSFNNNVPASSPVAGVRDEQF,TTLSN,LVKSGEV,AGFPPGKLI,SGHNS,FNNNVP,ASSPVAGVRDEQF,0
NLVPMVATV,NSASQSVYSSGVGFSNTGNQFYSGDLSYYNGEEASSVTSSEGTIY,NSASQS,VYSSG,VGFSNTGNQFY,SGDLS,YYNGEE,ASSVTSSEGTIY,0
ATDALMTGF,VSGNPYYITGDNLVAVAKDLQNSGGGADGLTLNHNVYYDKDFATSYEDNSGANVLT,VSGNPY,YITGDNLV,AVAKDLQNSGGGADGLT,LNHNV,YYDKDF,ATSYEDNSGANVLT,0
KLGGALQAK,SSYSPSYTSAATLVVLTGANNLFSGHTAFQGTGAASSLGTAAYNEQF,SSYSPS,YTSAATLV,VLTGANNLF,SGHTA,FQGTGA,ASSLGTAAYNEQF,1
SPRWYFYYL,TSGFNGNVLDGLACRGFKTISGHNTYYREEEASSLGLEGGNEQF,TSGFNG,NVLDGL,ACRGFKTI,SGHNT,YYREEE,ASSLGLEGGNEQF,0
KLGGALQAK,YGATPYYFSGDTLVAVGRPDTSGTYKYIDFQATTSNEGSKASAYSTGQGIYEQY,YGATPY,YFSGDTLV,AVGRPDTSGTYKYI,DFQATT,SNEGSKA,SAYSTGQGIYEQY,0
YLQPRTFLL,SIFNTLYKAGELAGQLILWGWELPTHSGHNSFNNNVPASSLTNSPYEQY,SIFNT,LYKAGEL,AGQLILWGWELPTH,SGHNS,FNNNVP,ASSLTNSPYEQY,0
GLCTLVAML,VSGNPYYITGDNLVAVRLHNYGQNFVDFQATTSNEGSKASAPARSEPYEQY,VSGNPY,YITGDNLV,AVRLHNYGQNFV,DFQATT,SNEGSKA,SAPARSEPYEQY,0
GILGFVFTL,NSMFDYISSIKDKAASADPKAGNTPLVMNHEYSMNVEVASGPLRGGNQPQH,NSMFDY,ISSIKDK,AASADPKAGNTPLV,MNHEY,SMNVEV,ASGPLRGGNQPQH,0
CINGVCWTV,NSASDYIRSNMDKAETPSTDSWGKSQLNHDASQIVNDASSMQTSGSAYNEQF,NSASDY,IRSNMDK,AETPSTDSWGKSQ,LNHDA,SQIVND,ASSMQTSGSAYNEQF,0
KLGGALQAK,YGATPYYFSGDTLVAVGAPGYSGTYKYIMDHENSYDVKMASSLEVARLAGEGYEQY,YGATPY,YFSGDTLV,AVGAPGYSGTYKYI,MDHEN,SYDVKM,ASSLEVARLAGEGYEQY,0
IVTDFSVIK,NIATNDYGYKTKLVGDGAGYSTLTLNHDASQIVNDASSVALGNQETQY,NIATNDY,GYKTK,LVGDGAGYSTLT,LNHDA,SQIVND,ASSVALGNQETQY,0
DATYQRTRALVR,TRDTTYYRNSFDEQNALKGNTGTASKLTSGDLSYYNGEEASSVELSTDTQY,TRDTTYY,RNSFDEQN,ALKGNTGTASKLT,SGDLS,YYNGEE,ASSVELSTDTQY,1
KLGGALQAK,TSENNYYQEAYKQQNAFMTHTGTASKLTLNHDASQIVNDASSIGPTDTQY,TSENNYY,QEAYKQQN,AFMTHTGTASKLT,LNHDA,SQIVND,ASSIGPTDTQY,0
NLVPMVATV,DSAIYNIQSSQREAVHTQGGSEKLVSEHNRFQNEAQASTPYRRGPHLYGYT,DSAIYN,IQSSQRE,AVHTQGGSEKLV,SEHNR,FQNEAQ,ASTPYRRGPHLYGYT,1
LLWNGPMAV,NSASQSVYSSGVVESMEYGNKLVSGHKSYYEKEEASSRGRGGQYNEQF,NSASQS,VYSSG,VVESMEYGNKLV,SGHKS,YYEKEE,ASSRGRGGQYNEQF,0
NLVPMVATV,TSENNYYQEAYKQQNAFMKGSGGSQGNLISGDLSYYNGEEASSPRREYTYEQY,TSENNYY,QEAYKQQN,AFMKGSGGSQGNLI,SGDLS,YYNGEE,ASSPRREYTYEQY,0
HPVTKYIM,DSSSTYIFSNMDMAEGGNTGKLISGHDTYYEEEEASSWNRDRYNTEAF,DSSSTY,IFSNMDM,AEGGNTGKLI,SGHDT,YYEEEE,ASSWNRDRYNTEAF,0
NLVPMVATV,DRGSQSIYSNGDAVPGGGGSQGNLILNHDASQIVNDASSMRSTNEQF,DRGSQS,IYSNGD,AVPGGGGSQGNLI,LNHDA,SQIVND,ASSMRSTNEQF,0
LLWNGPMAV,TISGTDYGLTSNILGSNDYKLSSQVTMANQGSEASPGTDLYEQY,TISGTDY,GLTSN,ILGSNDYKLS,SQVTM,ANQGSEA,SPGTDLYEQY,0
VLFGLGFAI,SSVPPYYTSAATLVAVSADSGGSNYKLTKGHDRSFDVKDATSDLPYIGTRLNEQF,SSVPPY,YTSAATLV,AVSADSGGSNYKLT,KGHDR,SFDVKD,ATSDLPYIGTRLNEQF,1
GILGFVFTL,DSASNYIRSNVGEAASETSYDKVISGHNSFNNNVPASHPRTPIYGYT,DSASNY,IRSNVGE,AASETSYDKVI,SGHNS,FNNNVP,ASHPRTPIYGYT,0
LLWNGPMAV,DRGSQSIYSNGDAGQGGKLIDFQATTSNEGSKASAALGLGEKLF,DRGSQS,IYSNGD,AGQGGKLI,DFQATT,SNEGSKA,SAALGLGEKLF,0
ELAGIGILTV,DRGSQSIYSNGDAEFQGAQKLVMDHENSYDVKMASSPTGLGQPQH,DRGSQS,IYSNGD,AEFQGAQKLV,MDHEN,SYDVKM,ASSPTGLGQPQH,1
RAKFKQLL,VSNAYNGSKPAVEDSYNQGGKLIPRHDTFYEKMQASSPSGQGAGGYT,VSNAYN,GSKP,AVEDSYNQGGKLI,PRHDT,FYEKMQ,ASSPSGQGAGGYT,0
IVTDFSVIK,VSGNPYYITGDNLVAVRDMGTGGFKTISEHNRFQNEAQAIQEDTDTQY,VSGNPY,YITGDNLV,AVRDMGTGGFKTI,SEHNR,FQNEAQ,AIQEDTDTQY,0
AVFDRKSDAK,DRGSQSIYSNGDALIDPGSGGGADGLTFGMNHNSSASEGTASSETQMNTEAFFG,DRGSQS,IYSNGD,ALIDPGSGGGADGLTFG,MNHNS,SASEGT,ASSETQMNTEAFFG,0
KLGGALQAK,SVFSSVVTGGEVAGGGSQGNLIMNHEYSVGAGIASSYGTGSSEQY,SVFSS,VVTGGEV,AGGGSQGNLI,MNHEY,SVGAGI,ASSYGTGSSEQY,0
RAKFKQLL,NYSPAYIRENEKEALDMGGGSYIPTMNHEYSVGEGTASSYGGTVGDEQF,NYSPAY,IRENEKE,ALDMGGGSYIPT,MNHEY,SVGEGT,ASSYGGTVGDEQF,0
KLGGALQAK,NSASQSVYSSGVVNMDTGRRALTSGDLSYYNGEEASSPRPDKEAF,NSASQS,VYSSG,VVNMDTGRRALT,SGDLS,YYNGEE,ASSPRPDKEAF,0
GILGFVFTL,NSAFQYTYSSGNAMMGDSWGKLQMNHEYSVGAGIASSEQGYEQY,NSAFQY,TYSSGN,AMMGDSWGKLQ,MNHEY,SVGAGI,ASSEQGYEQY,0
GILGFVFTL,TRDTTYYRNSFDEQNALSVNYGQNFVSNHLYFYNNEIARRQGNEKLF,TRDTTYY,RNSFDEQN,ALSVNYGQNFV,SNHLY,FYNNEI,ARRQGNEKLF,0
IVTDFSVIK,DRGSQSIYSNGDAANGGNDMRENHRYSYGVKDAISESATVSYGYT,DRGSQS,IYSNGD,AANGGNDMR,ENHRY,SYGVKD,AISESATVSYGYT,0
CTELKLSDY,SSVSVYYLSGSTLVAVSDPDTDKLIMNHNSSASEGTASSDWTNTGELF,SSVSVY,YLSGSTLV,AVSDPDTDKLI,MNHNS,SASEGT,ASSDWTNTGELF,0
NLVPMVATV,TTLSNLVKSGEVAGPVYDYKLSSGHVSFQNEAQASSLSGTGDYEQY,TTLSN,LVKSGEV,AGPVYDYKLS,SGHVS,FQNEAQ,ASSLSGTGDYEQY,0
RAKFKQLL,TSENNYYQEAYKQQNAFMTNAGGTSYGKLTDFQATTSNEGSKASAIRSGGPYEQY,TSENNYY,QEAYKQQN,AFMTNAGGTSYGKLT,DFQATT,SNEGSKA,SAIRSGGPYEQY,0
GILGFVFTL,DSASNYIRSNVGEAAINTGTASKLTMNHEYSMNVEVASSSPGPREKLF,DSASNY,IRSNVGE,AAINTGTASKLT,MNHEY,SMNVEV,ASSSPGPREKLF,0
KLGGALQAK,TRDTTYYRNSFDEQNALSGPGTSFLGSARQLTSGHDTYYEEEEASSLRDGSEAF,TRDTTYY,RNSFDEQN,ALSGPGTSFLGSARQLT,SGHDT,YYEEEE,ASSLRDGSEAF,0
AVFDRKSDAK,DSAIYNIQSSQREAVASFYGNNRLAMDHENSYDVKMASNRDRDYGYT,DSAIYN,IQSSQRE,AVASFYGNNRLA,MDHEN,SYDVKM,ASNRDRDYGYT,0
CINGVCWTV,NIATNDYGYKTKLVGAANQAGTALISGHATFQNNGVASSLEASGSWGELF,NIATNDY,GYKTK,LVGAANQAGTALI,SGHAT,FQNNGV,ASSLEASGSWGELF,1
LLWNGPMAV,DRGSQSIYSNGDAASGGTYKYISGDLSYYNGEEASSSGRLTNTEAF,DRGSQS,IYSNGD,AASGGTYKYI,SGDLS,YYNGEE,ASSSGRLTNTEAF,0
DATYQRTRALVR,TISGTDYGLTSNILLGTGANNLFKGHSHLQKENIASSPKLQGAWAEKLF,TISGTDY,GLTSN,ILLGTGANNLF,KGHSH,LQKENI,ASSPKLQGAWAEKLF,0
IVTDFSVIK,YGGTVNYFSGDPLVAVNAYPHNYGQNFVMNHEYSMNVEVASSPHFQVDTGELF,YGGTVN,YFSGDPLV,AVNAYPHNYGQNFV,MNHEY,SMNVEV,ASSPHFQVDTGELF,0
GILGFVFTL,TRDTTYYRNSFDEQNALVEGSYIPTLNHDASQIVNDASGPHGGGNNEQF,TRDTTYY,RNSFDEQN,ALVEGSYIPT,LNHDA,SQIVND,ASGPHGGGNNEQF,1
RAKFKQLL,DRGSQSIYSNGDAVIAGKSTLNHNVYYDKDFATSGRTGGGEQY,DRGSQS,IYSNGD,AVIAGKST,LNHNV,YYDKDF,ATSGRTGGGEQY,0
GLCTLVAML,TSINNIRSNEREATPLDSWGKLQLGHDTYNNKELASSHRTTYNEQF,TSINN,IRSNERE,ATPLDSWGKLQ,LGHDT,YNNKEL,ASSHRTTYNEQF,0
CINGVCWTV,DRGSQSIYSNGDAVPGGGGSQGNLILNHDASQIVNDASSMRSTNEQF,DRGSQS,IYSNGD,AVPGGGGSQGNLI,LNHDA,SQIVND,ASSMRSTNEQF,0
KLGGALQAK,NSASQSVYSSGVVNPTNRGSTLGRLYMNHEYSMNVEVASSLTGLAGAEQY,NSASQS,VYSSG,VVNPTNRGSTLGRLY,MNHEY,SMNVEV,ASSLTGLAGAEQY,1
KLGGALQAK,VSGNPYYITGDNLVAVRDDTGGFKTISGDLSYYNGEEASSGEGGTTNTGELF,VSGNPY,YITGDNLV,AVRDDTGGFKTI,SGDLS,YYNGEE,ASSGEGGTTNTGELF,0
ELAGIGILTV,SSNFYAMTLNGDEAFSYNNNDMRMGHRAYSYEKLASSQDRFTDPYGYT,SSNFYA,MTLNGDE,AFSYNNNDMR,MGHRA,YSYEKL,ASSQDRFTDPYGYT,0
AVFDRKSDAK,TSGFNGNVLDGLAVRGLGGKLISEHNRFQNEAQASSLAVAGTVLEQY,TSGFNG,NVLDGL,AVRGLGGKLI,SEHNR,FQNEAQ,ASSLAVAGTVLEQY,1
GILGFVFTL,TRDTTYYRNSFDEQNALDHGSSNTGKLISGHRSYFSETQASSLRAATMNTEAF,TRDTTYY,RNSFDEQN,ALDHGSSNTGKLI,SGHRS,YFSETQ,ASSLRAATMNTEAF,0
YLQPRTFLL,TSGFNGNVLDGLAVENQGGKLIKGHTFFQNEQVASSQSPGAGGTEAF,TSGFNG,NVLDGL,AVENQGGKLI,KGHTF,FQNEQV,ASSQSPGAGGTEAF,0
LLWNGPMAV,DRGSQSIYSNGDAVGTAWRSGGGADGLTFGLNHDASQIVNDASSRRSSGELFFG,DRGSQS,IYSNGD,AVGTAWRSGGGADGLTFG,LNHDA,SQIVND,ASSRRSSGELFFG,0
RAKFKQLL,SSVPPYYTSAATLVAVTDNNNNDMRMNHNSSASEGTASSDRLENNEKLF,SSVPPY,YTSAATLV,AVTDNNNNDMR,MNHNS,SASEGT,ASSDRLENNEKLF,0
DATYQRTRALVR,DSAIYNIQSSQREAVMSMDSSYKLISGHVSFQNEAQASSLGTGLEDQPQH,DSAIYN,IQSSQRE,AVMSMDSSYKLI,SGHVS,FQNEAQ,ASSLGTGLEDQPQH,0
RLPGVLPRA,DRGSQSIYSNGDAVNWEEQGGSYIPTKGHDRSFDVKDATSDRLAGGELF,DRGSQS,IYSNGD,AVNWEEQGGSYIPT,KGHDR,SFDVKD,ATSDRLAGGELF,0
AVFDRKSDAK,TSDPSYGQGSYDQQNAMREDNGARLMLNHDASQIVNDASSKFSINEQF,TSDPSYG,QGSYDQQN,AMREDNGARLM,LNHDA,SQIVND,ASSKFSINEQF,0
RAKFKQLL,NSASQSVYSSGVVKGPGGFKTIFGDFQATTSNEGSKASARDGLNEQFFG,NSASQS,VYSSG,VVKGPGGFKTIFG,DFQATT,SNEGSKA,SARDGLNEQFFG,0
GLCTLVAML,TTSDRLLSNGAVAVAILTGGGNKLTLGHNAYNFKEQASKPGQGGYEQY,TTSDR,LLSNGAV,AVAILTGGGNKLT,LGHNA,YNFKEQ,ASKPGQGGYEQY,0
KLGGALQAK,ATGYPSATKADDKALRETSYDKVIMDHENSYDVKMASSLYSATGELF,ATGYPS,ATKADDK,ALRETSYDKVI,MDHEN,SYDVKM,ASSLYSATGELF,0
AVFDRKSDAK,TSGFNGNVLDGLAVSNDYKLSSGDLSYYNGEEASSVGLAGSNEQF,TSGFNG,NVLDGL,AVSNDYKLS,SGDLS,YYNGEE,ASSVGLAGSNEQF,1
RAKFKQLL,VSGLRGLYSAGEEAVQALMYSGGGADGLTSGHVSFQNEAQASSFLAGGYNEQF,VSGLRG,LYSAGEE,AVQALMYSGGGADGLT,SGHVS,FQNEAQ,ASSFLAGGYNEQF,0
RAKFKQLL,DRGSQSIYSNGDAVSFGNEKLTFGMDHENSYDVKMAEGQGFVGQPQHFG,DRGSQS,IYSNGD,AVSFGNEKLTFG,MDHEN,SYDVKM,AEGQGFVGQPQHFG,0
GILGFVFTL,TSINNIRSNEREATDPLFGNNRLALNHDASQIVNDASSTLNEQF,TSINN,IRSNERE,ATDPLFGNNRLA,LNHDA,SQIVND,ASSTLNEQF,0
KLGGALQAK,SIFNTLYKAGELAGQYRDDKIILNHDASQIVNDASSIGLGEQY,SIFNT,LYKAGEL,AGQYRDDKII,LNHDA,SQIVND,ASSIGLGEQY,0
RAKFKQLL,TSENNYYQEAYKQQNAFMPPYNTDKLISGHNSFNNNVPASSFSGNTGELF,TSENNYY,QEAYKQQN,AFMPPYNTDKLI,SGHNS,FNNNVP,ASSFSGNTGELF,1
GLCTLVAML,NSASDYIRSNMDKAETWNNFNKFYSGHDTYYEEEEASSLGPITGLPYNEQF,NSASDY,IRSNMDK,AETWNNFNKFY,SGHDT,YYEEEE,ASSLGPITGLPYNEQF,0
VLFGLGFAI,TSENNYYQEAYKQQNAFMLGAGGTSYGKLTSGHVSFNYEAQASSFLTGNTEAF,TSENNYY,QEAYKQQN,AFMLGAGGTSYGKLT,SGHVS,FNYEAQ,ASSFLTGNTEAF,0
RAKFKQLL,DSAIYNIQSSQREAVCEEGSQGNLISEHNRFQNEAQASSLEGQLYEQY,DSAIYN,IQSSQRE,AVCEEGSQGNLI,SEHNR,FQNEAQ,ASSLEGQLYEQY,0
KLGGALQAK,TSESDYYQEAYKQQNAYFSLYGGSQGNLISGDLSYYNGEEASRSHDSSTDTQY,TSESDYY,QEAYKQQN,AYFSLYGGSQGNLI,SGDLS,YYNGEE,ASRSHDSSTDTQY,0
AVFDRKSDAK,YSGSPEHISRAPIRAGNNRKLIPRHDTFYEKMQASSVVGTGGRNTEAF,YSGSPE,HISR,APIRAGNNRKLI,PRHDT,FYEKMQ,ASSVVGTGGRNTEAF,1
IVTDFSVIK,DRGSQSIYSNGDAVLGFGNVLHSGHNSFNNNVPASSPTGF,DRGSQS,IYSNGD,AVLGFGNVLH,SGHNS,FNNNVP,ASSPTGF,0
ELAGIGILTV,TTLSNLVKSGEVAGRRGAGKSTSGHDTYYEEEEASSAYAGLAGVRETQY,TTLSN,LVKSGEV,AGRRGAGKST,SGHDT,YYEEEE,ASSAYAGLAGVRETQY,0
KLGGALQAK,TRDTTYYRNSFDEQNALRRGAGNMLTMNHEYSMNVEVATQSGGGNSPLH,TRDTTYY,RNSFDEQN,ALRRGAGNMLT,MNHEY,SMNVEV,ATQSGGGNSPLH,1
KLGGALQAK,DSSSTYIFSNMDMAEEGNTGKLISGHTAFQGTGAASSTPLENEQF,DSSSTY,IFSNMDM,AEEGNTGKLI,SGHTA,FQGTGA,ASSTPLENEQF,0
AVFDRKSDAK,NSASQSVYSSGVVNPTNRGSTLGRLYMNHEYSMNVEVASSLTGLAGAEQY,NSASQS,VYSSG,VVNPTNRGSTLGRLY,MNHEY,SMNVEV,ASSLTGLAGAEQY,0
CINGVCWTV,SVFSSVVTGGEVAGARSGSQGNLILNHDASQIVNDASSVRSSYEQY,SVFSS,VVTGGEV,AGARSGSQGNLI,LNHDA,SQIVND,ASSVRSSYEQY,0
RAKFKQLL,DRGSQSIYSNGDAVNKVTSGGSNYKLTSGHNSFNNNVPASSFLDRGPNTEAF,DRGSQS,IYSNGD,AVNKVTSGGSNYKLT,SGHNS,FNNNVP,ASSFLDRGPNTEAF,1
RAKFKQLL,DSASNYIRSNVGEAASRKPDKIISGHATFQNNGVASSVISLGYGYT,DSASNY,IRSNVGE,AASRKPDKII,SGHAT,FQNNGV,ASSVISLGYGYT,0
GILGFVFTL,NSAFQYTYSSGNAMSGEGGSQGNLIGTSNPNSVGIGATNGRGGYYNEQF,NSAFQY,TYSSGN,AMSGEGGSQGNLI,GTSNPN,SVGIG,ATNGRGGYYNEQF,1
AVFDRKSDAK,SIFNTLYKAGELAGQLAGGSQGNLILNHDASQIVNDASSISSINEQF,SIFNT,LYKAGEL,AGQLAGGSQGNLI,LNHDA,SQIVND,ASSISSINEQF,0
RAKFKQLL,NSMFDYISSIKDKAARGTASKLTSEHNRFQNEAQASSLEAGRSPYEQY,NSMFDY,ISSIKDK,AARGTASKLT,SEHNR,FQNEAQ,ASSLEAGRSPYEQY,0
GILGFVFTL,DRGSQSIYSNGDAVNQGGKLISGHDYFNNNVPASTPSPSRPPL,DRGSQS,IYSNGD,AVNQGGKLI,SGHDY,FNNNVP,ASTPSPSRPPL,0
RFPLTFGWCF,DRGSQSIYSNGDASVGMDSSYKLISGHNSFNNNVPASSFSGNTGELF,DRGSQS,IYSNGD,ASVGMDSSYKLI,SGHNS,FNNNVP,ASSFSGNTGELF,0
RFPLTFGWCF,DSASNYIRSNVGEAAMETSYDKVIKGHSHLQKENIASSPRKDSTGELF,DSASNY,IRSNVGE,AAMETSYDKVI,KGHSH,LQKENI,ASSPRKDSTGELF,0
ELAGIGILTV,DSAIYNIQSSQREAGRGSARQLTMGHRAYSYEKLASSQDRGQGGSYEQY,DSAIYN,IQSSQRE,AGRGSARQLT,MGHRA,YSYEKL,ASSQDRGQGGSYEQY,0
ELAGIGILTV,DRGSQSIYSNGDAVKGGAAGNKLTSGHTAFQGNSAASSLDSAYEQY,DRGSQS,IYSNGD,AVKGGAAGNKLT,SGHTA,FQGNSA,ASSLDSAYEQY,0
NLVPMVATV,DSASNYIRSNVGEAATPYGNNDMRWSHSYSAAADIASRGALVGDTQY,DSASNY,IRSNVGE,AATPYGNNDMR,WSHSY,SAAADI,ASRGALVGDTQY,0
LLWNGPMAV,DRGSQSIYSNGDAVDDKIISGHRSYFSETQASSPDRGLAGELF,DRGSQS,IYSNGD,AVDDKII,SGHRS,YFSETQ,ASSPDRGLAGELF,0
RAKFKQLL,TSGFYGNALDGLVLDSNYQLISGHNTYYREEEASSLEWGWPPYYEQY,TSGFYG,NALDGL,VLDSNYQLI,SGHNT,YYREEE,ASSLEWGWPPYYEQY,0
GILGFVFTL,SIFNTLYKAGELAGPVNNLFLNHNVYYDKDFATSRDLGVGAGIRTDTQY,SIFNT,LYKAGEL,AGPVNNLF,LNHNV,YYDKDF,ATSRDLGVGAGIRTDTQY,0
AVFDRKSDAK,DRGSQSIYSNGDAVNQGGKLISGHDYFNNNVPASTPSPSRPPL,DRGSQS,IYSNGD,AVNQGGKLI,SGHDY,FNNNVP,ASTPSPSRPPL,0
AVFDRKSDAK,SSVSVYYLSGSTLVAVSDKLVGAAGNKLTMGHRAYSYEKLASSQHGGDYEQY,SSVSVY,YLSGSTLV,AVSDKLVGAAGNKLT,MGHRA,YSYEKL,ASSQHGGDYEQY,0
KLGGALQAK,TSINNIRSNEREATASSTDSWGKLQSGHRSYFSETQASNLRTGGTDTQY,TSINN,IRSNERE,ATASSTDSWGKLQ,SGHRS,YFSETQ,ASNLRTGGTDTQY,1
RAKFKQLL,SSNFYAMTLNGDEAFSYNNNDMRMGHRAYSYEKLASSQDRFTDPYGYT,SSNFYA,MTLNGDE,AFSYNNNDMR,MGHRA,YSYEKL,ASSQDRFTDPYGYT,0
RLRAEAQVK,VGISALSSGKAASLWNTDKLIMNHEYSMNVEVASSLISTSVYNEQF,VGISA,LSSGK,AASLWNTDKLI,MNHEY,SMNVEV,ASSLISTSVYNEQF,0
RAKFKQLL,DSASNYIRSNVGEAASETSYDKVISGHNSFNNNVPASHPRTPIYGYT,DSASNY,IRSNVGE,AASETSYDKVI,SGHNS,FNNNVP,ASHPRTPIYGYT,1
AVFDRKSDAK,DRGSQSIYSNGDAVNWEEQGGSYIPTKGHDRSFDVKDATSDRLAGGELF,DRGSQS,IYSNGD,AVNWEEQGGSYIPT,KGHDR,SFDVKD,ATSDRLAGGELF,0
KLGGALQAK,TSGFNGNVLDGLALNNAGNMLTLGHNAYSLEERASSQAQGRNTEAF,TSGFNG,NVLDGL,ALNNAGNMLT,LGHNA,YSLEER,ASSQAQGRNTEAF,0
RAKFKQLL,DSAIYNIQSSQREAVRPTGGFKTISGHATFQNNGVASSPSGQLEKLF,DSAIYN,IQSSQRE,AVRPTGGFKTI,SGHAT,FQNNGV,ASSPSGQLEKLF,0
NLVPMVATV,DSSSTYIFSNMDMAINQGGGATNKLIWNHNNSYGVQDASSPGRTGELF,DSSSTY,IFSNMDM,AINQGGGATNKLI,WNHNN,SYGVQD,ASSPGRTGELF,0
LLWNGPMAV,DRGSQSIYSNGDAVNDDKIILNHNVYYDKDFATGRDRAYEQY,DRGSQS,IYSNGD,AVNDDKII,LNHNV,YYDKDF,ATGRDRAYEQY,1
AVFDRKSDAK,NSASQSVYSSGVVNMAGGGNKLTMGHDKSYGVNSASSGKDSFYEQY,NSASQS,VYSSG,VVNMAGGGNKLT,MGHDK,SYGVNS,ASSGKDSFYEQY,0
RAKFKQLL,TSGFNGNVLDGLAVRDSNYQLIMRHNASNTAGTASSDSPGVGYNEQF,TSGFNG,NVLDGL,AVRDSNYQLI,MRHNA,SNTAGT,ASSDSPGVGYNEQF,0
GILGFVFTL,STGYPTETMENLLRRSGHDYFNNNVPASSSPRGAGNTIY,STGYPT,ETMEN,LLRR,SGHDY,FNNNVP,ASSSPRGAGNTIY,0
ELAGIGILTV,SVFSSVVTGGEVALEGGGADGLTFGMNHNSSASEGTASSEAELLSSYNEQFFG,SVFSS,VVTGGEV,ALEGGGADGLTFG,MNHNS,SASEGT,ASSEAELLSSYNEQFFG,1
RPPIFIRRL,SVFSSVVTGGEVAGAGEAGAQKLVMNHEYSMNVEVASSPTGLVYEQF,SVFSS,VVTGGEV,AGAGEAGAQKLV,MNHEY,SMNVEV,ASSPTGLVYEQF,0
RAKFKQLL,DRGSQSIYSNGDALTSGTYKYISGHATFQDESVASSLGQGAAEAF,DRGSQS,IYSNGD,ALTSGTYKYI,SGHAT,FQDESV,ASSLGQGAAEAF,0
GILGFVFTL,TTLSNLVKSGEVAAPRNNNARLMMNHEYSMNVEVASKALVGTAEAKNIQY,TTLSN,LVKSGEV,AAPRNNNARLM,MNHEY,SMNVEV,ASKALVGTAEAKNIQY,0
LLWNGPMAV,YGGTVNYFSGDPLVAVICNDYKLSDFQATTSNEGSKASADGTHTPTDTQY,YGGTVN,YFSGDPLV,AVICNDYKLS,DFQATT,SNEGSKA,SADGTHTPTDTQY,0
KLGGALQAK,SSVSVYYLSGSTLVAAISGAGSYQLTSGHDTYYEEEEASSPSYEQY,SSVSVY,YLSGSTLV,AAISGAGSYQLT,SGHDT,YYEEEE,ASSPSYEQY,0
KLGGALQAK,YGGTVNYFSGDPLVAVKGVNFGNEKLTSGHTAFQGNSAASNWGGRGNTGELF,YGGTVN,YFSGDPLV,AVKGVNFGNEKLT,SGHTA,FQGNSA,ASNWGGRGNTGELF,0
ELAGIGILTV,DRGSQSIYSNGDAGDSGGGSQGNLILNHDASQIVNDASSIRSNTEAF,DRGSQS,IYSNGD,AGDSGGGSQGNLI,LNHDA,SQIVND,ASSIRSNTEAF,0
GILGFVFTL,NSASDYIRSNMDKADSGGGADGLTMGHRAYSYEKLASSQDRGGPGELF,NSASDY,IRSNMDK,ADSGGGADGLT,MGHRA,YSYEKL,ASSQDRGGPGELF,0
AVFDRKSDAK,NSASDYIRSNMDKAETWNNFNKFYSGHDTYYEEEEASSLGPITGLPYNEQF,NSASDY,IRSNMDK,AETWNNFNKFY,SGHDT,YYEEEE,ASSLGPITGLPYNEQF,0
SPRWYFYYL,NIATNDYGYKTKLLYRDDKIISGHATFQNNGVASSLFRGGEKLF,NIATNDY,GYKTK,LLYRDDKII,SGHAT,FQNNGV,ASSLFRGGEKLF,1
RAKFKQLL,DSSSTYIFSNMDMAGGGSQGNLIMNHEYSMNVEVASSISGGPGETQY,DSSSTY,IFSNMDM,AGGGSQGNLI,MNHEY,SMNVEV,ASSISGGPGETQY,0
AVFDRKSDAK,DSASNYIRSNVGEAASETSYDKVISEHNRFQNEAQASSLFFGYEQY,DSASNY,IRSNVGE,AASETSYDKVI,SEHNR,FQNEAQ,ASSLFFGYEQY,0
AVFDRKSDAK,DRGSQSIYSNGDAVSGDKIIMNHEYSVGAGIASSSGSPGSYGYT,DRGSQS,IYSNGD,AVSGDKII,MNHEY,SVGAGI,ASSSGSPGSYGYT,0
KLGGALQAK,DSASNYIRSNVGEAAKEGGSEKLVMNHEYSMNVEVASSLSGRPYEQY,DSASNY,IRSNVGE,AAKEGGSEKLV,MNHEY,SMNVEV,ASSLSGRPYEQY,0
SLFNTVATLY,TRDTTYYRNSFDEQNALSGDTGNQFYKGHSHLQKENIASSPSQGGNTDTQY,TRDTTYY,RNSFDEQN,ALSGDTGNQFY,KGHSH,LQKENI,ASSPSQGGNTDTQY,0
RAKFKQLL,NSASDYIRSNMDKAETHTGTASKLTSGHVSFNYEAQASSLVGQGGHTDTQY,NSASDY,IRSNMDK,AETHTGTASKLT,SGHVS,FNYEAQ,ASSLVGQGGHTDTQY,0
AVFDRKSDAK,SSNFYAMTLNGDEAFEKLSMDHENSYDVKMASSFQGTSYEQY,SSNFYA,MTLNGDE,AFEKLS,MDHEN,SYDVKM,ASSFQGTSYEQY,0
IVTDFSVIK,NSASQSVYSSGVVESMEYGNKLVSGHKSYYEKEEASSRGRGGQYNEQF,NSASQS,VYSSG,VVESMEYGNKLV,SGHKS,YYEKEE,ASSRGRGGQYNEQF,0
IVTDFSVIK,NIATNDYGYKTKLVGEANGGSQGNLISGHVSFQNEAQASSLEEGYSYEQY,NIATNDY,GYKTK,LVGEANGGSQGNLI,SGHVS,FQNEAQ,ASSLEEGYSYEQY,0
AVFDRKSDAK,DSSSTYIFSNMDMAEINAGNMLTMDHENSYDVKMASSLGGFDMNTEAF,DSSSTY,IFSNMDM,AEINAGNMLT,MDHEN,SYDVKM,ASSLGGFDMNTEAF,0
GPRLGVRAT,NIATNDYGYKTKLLYRDDKIISGHATFQNNGVASSLFRGGEKLF,NIATNDY,GYKTK,LLYRDDKII,SGHAT,FQNNGV,ASSLFRGGEKLF,0
GILGFVFTL,TRDTTYYRNSFDEQNALSEANRGSTLGRLYDFQATTSNEGSKASAIGGGREDTDTQY,TRDTTYY,RNSFDEQN,ALSEANRGSTLGRLY,DFQATT,SNEGSKA,SAIGGGREDTDTQY,1
GILGFVFTL,TSINNIRSNEREATPLDSWGKLQLGHDTYNNKELASSHRTTYNEQF,TSINN,IRSNERE,ATPLDSWGKLQ,LGHDT,YNNKEL,ASSHRTTYNEQF,0
LLWNGPMAV,DSASNYIRSNVGEAASETSYDKVISEHNRFQNEAQASSLLGQPNTEAF,DSASNY,IRSNVGE,AASETSYDKVI,SEHNR,FQNEAQ,ASSLLGQPNTEAF,0
IVTDFSVIK,DRGSQSIYSNGDAVPVQTSYDKVISGHDYFNNNVPASSSAYYGYT,DRGSQS,IYSNGD,AVPVQTSYDKVI,SGHDY,FNNNVP,ASSSAYYGYT,0
NLVPMVATV,DRGSQSIYSNGDAVLTLNARLMSGHDYFNNNVPASLPTGTNTGELF,DRGSQS,IYSNGD,AVLTLNARLM,SGHDY,FNNNVP,ASLPTGTNTGELF,1
KLGGALQAK,NSAFQYTYSSGNAMMGDSWGKLQMNHEYSVGAGIASSEQGYEQY,NSAFQY,TYSSGN,AMMGDSWGKLQ,MNHEY,SVGAGI,ASSEQGYEQY,0
AVFDRKSDAK,SSNFYAMTLNGDEASAGSGNTGKLILNHDASQIVNDASSTRSGTEAF,SSNFYA,MTLNGDE,ASAGSGNTGKLI,LNHDA,SQIVND,ASSTRSGTEAF,0
AVFDRKSDAK,DRGSQSIYSNGDAVSSTDKLIDFQATTSNEGSKASAPLAGGPNEQF,DRGSQS,IYSNGD,AVSSTDKLI,DFQATT,SNEGSKA,SAPLAGGPNEQF,0
GILGFVFTL,VSGNPYYITGDNLVAGGNTGKLISGHATFQNNGVASSWGGGSHYGYT,VSGNPY,YITGDNLV,AGGNTGKLI,SGHAT,FQNNGV,ASSWGGGSHYGYT,0
IVTDFSVIK,NSASDYIRSNMDKADSGGGADGLTSGHDTYYEEEEASSSTLYGSYNEQF,NSASDY,IRSNMDK,ADSGGGADGLT,SGHDT,YYEEEE,ASSSTLYGSYNEQF,0
GILGFVFTL,DSSSTYIFSNMDMAERETSYDKVISEHNRFQNEAQASSLGQGKEATNEKLF,DSSSTY,IFSNMDM,AERETSYDKVI,SEHNR,FQNEAQ,ASSLGQGKEATNEKLF,0
GILGFVFTL,SIFNTLYKAGELAGRPEVDSQGNLILNHDASQIVNDASSIFSVSNEQY,SIFNT,LYKAGEL,AGRPEVDSQGNLI,LNHDA,SQIVND,ASSIFSVSNEQY,1
GILGFVFTL,YGATPYYFSGDTLVAVGAASGAGSYQLTDFQATTSNEGSKASAKPPRLAGVGAGELF,YGATPY,YFSGDTLV,AVGAASGAGSYQLT,DFQATT,SNEGSKA,SAKPPRLAGVGAGELF,0
IVTDFSVIK,SIFNTLYKAGELAGLYNNNDMRSGHRSYFSETQASSLGQGVFYT,SIFNT,LYKAGEL,AGLYNNNDMR,SGHRS,YFSETQ,ASSLGQGVFYT,1
GILGFVFTL,NSASDYIRSNMDKADSGGGADGLTMNHEYSVGAGIASSYSVLRTSGPRGGQY,NSASDY,IRSNMDK,ADSGGGADGLT,MNHEY,SVGAGI,ASSYSVLRTSGPRGGQY,0
RAKFKQLL,DRGSQSIYSNGDAVSDYKLSSQVTMANQGSEASVGGGGAGVETQY,DRGSQS,IYSNGD,AVSDYKLS,SQVTM,ANQGSEA,SVGGGGAGVETQY,0
NLVPMVATV,YGATPYYFSGDTLVAVGAPTTSGTYKYIMGHRAYSYEKLASSHASGQGDSYEQY,YGATPY,YFSGDTLV,AVGAPTTSGTYKYI,MGHRA,YSYEKL,ASSHASGQGDSYEQY,0
GILGFVFTL,VSPFSNMTFSENTVVSGNNNARLMLGHNAYNFKEQASSQETGYNEQF,VSPFSN,MTFSENT,VVSGNNNARLM,LGHNA,YNFKEQ,ASSQETGYNEQF,0
LLWNGPMAV,NSMFDYISSIKDKAASGGSYIPTMNHEYSVGAGIASSSGPAYEQY,NSMFDY,ISSIKDK,AASGGSYIPT,MNHEY,SVGAGI,ASSSGPAYEQY,1
RAKFKQLL,DRGSQSIYSNGDAVNSGNQFYFGMNHEYSMNVEVASRPTGMGQPQHFG,DRGSQS,IYSNGD,AVNSGNQFYFG,MNHEY,SMNVEV,ASRPTGMGQPQHFG,0
GILGFVFTL,DRGSQSIYSNGDAGGDDKIISGDLSYYNGEEASSPGLAYEQY,DRGSQS,IYSNGD,AGGDDKII,SGDLS,YYNGEE,ASSPGLAYEQY,0
RAKFKQLL,TRDTTYYRNSFDEQNALSEAVGADGLTSGHNTYYREEEASSLRSRDSPLH,TRDTTYY,RNSFDEQN,ALSEAVGADGLT,SGHNT,YYREEE,ASSLRSRDSPLH,0
AVFDRKSDAK,NSASDYIRSNMDKAETHTGTASKLTSGHVSFNYEAQASSLVGQGGHTDTQY,NSASDY,IRSNMDK,AETHTGTASKLT,SGHVS,FNYEAQ,ASSLVGQGGHTDTQY,0
RAKFKQLL,TRDTTYYRNSFDEQNALSERSNTGKLISEHNRFQNEAQASSPNYEQY,TRDTTYY,RNSFDEQN,ALSERSNTGKLI,SEHNR,FQNEAQ,ASSPNYEQY,0
GPRLGVRAT,YGATPYYFSGDTLVAVGPFSGGYNKLIMNHEYSVGEGTASLPVAGGYNEQF,YGATPY,YFSGDTLV,AVGPFSGGYNKLI,MNHEY,SVGEGT,ASLPVAGGYNEQF,0
RAKFKQLL,TSGFYGNALDGLAVRDRDNYGQNFVSGHKSYYEKEEASSLEVTGLNTEAF,TSGFYG,NALDGL,AVRDRDNYGQNFV,SGHKS,YYEKEE,ASSLEVTGLNTEAF,0
RAKFKQLL,DSASNYIRSNVGEAASETSYDKVISEHNRFQNEAQASSSLGTAKSPLH,DSASNY,IRSNVGE,AASETSYDKVI,SEHNR,FQNEAQ,ASSSLGTAKSPLH,1
AVFDRKSDAK,DRGSQSIYSNGDAVTDSWGKLQLNHDASQIVNDASSPGLAGSPYEQY,DRGSQS,IYSNGD,AVTDSWGKLQ,LNHDA,SQIVND,ASSPGLAGSPYEQY,1
IVTDFSVIK,TRDTTYYRNSFDEQNALSEAGSGYSTLTLGHNAYNFKEQASSQTYPGAYNEQF,TRDTTYY,RNSFDEQN,ALSEAGSGYSTLT,LGHNA,YNFKEQ,ASSQTYPGAYNEQF,0
GILGFVFTL,TSGFNGNVLDGLVQKSGGYQKVTMNHEYSVGEGTASSYPPTDTQY,TSGFNG,NVLDGL,VQKSGGYQKVT,MNHEY,SVGEGT,ASSYPPTDTQY,0
ELAGIGILTV,SSVSVYYLSGSTLVAVKIKAAGNKLTPRHDTFYEKMQASSSTGGKETQY,SSVSVY,YLSGSTLV,AVKIKAAGNKLT,PRHDT,FYEKMQ,ASSSTGGKETQY,0
GILGFVFTL,TSGFNGNVLDGLAPKDGQKLLDFQATTSNEGSKASAETGNTEAF,TSGFNG,NVLDGL,APKDGQKLL,DFQATT,SNEGSKA,SAETGNTEAF,0
KLGGALQAK,YGATPYYFSGDTLVAVGAPTTSGTYKYIMGHRAYSYEKLASSHASGQGDSYEQY,YGATPY,YFSGDTLV,AVGAPTTSGTYKYI,MGHRA,YSYEKL,ASSHASGQGDSYEQY,0
RAKFKQLL,NSASDYIRSNMDKADHMDTGRRALTKGHDRSFDVKDATSTGGQPQH,NSASDY,IRSNMDK,ADHMDTGRRALT,KGHDR,SFDVKD,ATSTGGQPQH,0
GILGFVFTL,SVFSSVVTGGEVAGAGSQGNLILNHDASQIVNDAGRGTDDYGYT,SVFSS,VVTGGEV,AGAGSQGNLI,LNHDA,SQIVND,AGRGTDDYGYT,1
KLGGALQAK,DRGSQSIYSNGDAVPLAGTGRRALTLNHDASQIVNDASSILGVSTDTQY,DRGSQS,IYSNGD,AVPLAGTGRRALT,LNHDA,SQIVND,ASSILGVSTDTQY,0
LLWNGPMAV,SSVPPYYTSAATLVAVSRDMNYGGSQGNLILGHDTYNNKELASSQDLRGADTQY,SSVPPY,YTSAATLV,AVSRDMNYGGSQGNLI,LGHDT,YNNKEL,ASSQDLRGADTQY,0
RAKFKQLL,NSAFQYTYSSGNAMIKAAGNKLTMNHEYSMNVEVASSINRASEAF,NSAFQY,TYSSGN,AMIKAAGNKLT,MNHEY,SMNVEV,ASSINRASEAF,0
KLGGALQAK,DRGSQSIYSNGDAVNAGNDMRMNHEYSVGEGTASSYGQGWGYT,DRGSQS,IYSNGD,AVNAGNDMR,MNHEY,SVGEGT,ASSYGQGWGYT,0
GILGFVFTL,VSPFSNMTFSENTVGYTNAGKSTSEHNRFQNEAQASSFDKTEQF,VSPFSN,MTFSENT,VGYTNAGKST,SEHNR,FQNEAQ,ASSFDKTEQF,0
AVFDRKSDAK,DSASNYIRSNVGEAASIAGYSTLTSQVTMANQGSEASVEDRHPPKNIQY,DSASNY,IRSNVGE,AASIAGYSTLT,SQVTM,ANQGSEA,SVEDRHPPKNIQY,1
RAKFKQLL,DSSSTYIFSNMDMAEDSNARLMSGHATFQNNGVASSLGVAGTNTGELF,DSSSTY,IFSNMDM,AEDSNARLM,SGHAT,FQNNGV,ASSLGVAGTNTGELF,0
GILGFVFTL,DSSSTYIFSNMDMAGGGSQGNLIMNHEYSMNVEVASSISGGPGETQY,DSSSTY,IFSNMDM,AGGGSQGNLI,MNHEY,SMNVEV,ASSISGGPGETQY,1
KLGGALQAK,SSVSVYYLSGSTLVAGGGYGKLTMNHEYSMNVEVASRGGGQGGSYGYT,SSVSVY,YLSGSTLV,AGGGYGKLT,MNHEY,SMNVEV,ASRGGGQGGSYGYT,0
GILGFVFTL,NIATNDYGYKTKLVGAGGYQKVTLGHNAYNFKEQASSQELAGGNEQF,NIATNDY,GYKTK,LVGAGGYQKVT,LGHNA,YNFKEQ,ASSQELAGGNEQF,0
RAKFKQLL,SIFNTLYKAGELAGQLILWGWELPTHSNHLYFYNNEIASSTPRQGSNTGELF,SIFNT,LYKAGEL,AGQLILWGWELPTH,SNHLY,FYNNEI,ASSTPRQGSNTGELF,1
LLWNGPMAV,SSVPPYYTSAATLVAVSTDSGSARQLTLGHNAYNFKEQASSPGLGTYEQY,SSVPPY,YTSAATLV,AVSTDSGSARQLT,LGHNA,YNFKEQ,ASSPGLGTYEQY,1
RAKFKQLL,NSASDYIRSNMDKAEPSSASKIISGDLSYYNGEEASSEENTGELF,NSASDY,IRSNMDK,AEPSSASKII,SGDLS,YYNGEE,ASSEENTGELF,0
RPPIFIRRL,DRGSQSIYSNGDAVKGGGADGLTLGHNAYSLEERASSQVEGLETQY,DRGSQS,IYSNGD,AVKGGGADGLT,LGHNA,YSLEER,ASSQVEGLETQY,0
GILGFVFTL,DSASNYIRSNVGEAAQPPTGNQFYSGHATFQNNGVASSFLTGQGETQY,DSASNY,IRSNVGE,AAQPPTGNQFY,SGHAT,FQNNGV,ASSFLTGQGETQY,0
SPRWYFYYL,VSGNPYYITGDNLVAVSYSGAGSYQLTSGDLSYYNGEEASSGGGLAYNEQF,VSGNPY,YITGDNLV,AVSYSGAGSYQLT,SGDLS,YYNGEE,ASSGGGLAYNEQF,0
KLGGALQAK,VSPFSNMTFSENTVVSDEYGNKLVMRHNASNTAGTASSVWTGHDEQF,VSPFSN,MTFSENT,VVSDEYGNKLV,MRHNA,SNTAGT,ASSVWTGHDEQF,0
CINGVCWTV,YSGSPEHISRALRYGNNRLASEHNRFQNEAQASGAGELF,YSGSPE,HISR,ALRYGNNRLA,SEHNR,FQNEAQ,ASGAGELF,0
CINGVCWTV,DSSSTYIFSNMDMAETQDSNYQLIMNHEYSMNVEVASGQGSQPQH,DSSSTY,IFSNMDM,AETQDSNYQLI,MNHEY,SMNVEV,ASGQGSQPQH,0
RAKFKQLL,TSINNIRSNEREATDYYGNNRLAMNHEYSVGAGIASREGQFQETQY,TSINN,IRSNERE,ATDYYGNNRLA,MNHEY,SVGAGI,ASREGQFQETQY,0
ELAGIGILTV,DRGSQSIYSNGDAVSGGADGLTMGHRAYSYEKLASSQDLAGGLKF,DRGSQS,IYSNGD,AVSGGADGLT,MGHRA,YSYEKL,ASSQDLAGGLKF,1
AVFDRKSDAK,DSSSTYIFSNMDMAEMAGANNLFLNHDASQIVNDASSAWEGAEAF,DSSSTY,IFSNMDM,AEMAGANNLF,LNHDA,SQIVND,ASSAWEGAEAF,0
RAKFKQLL,TSENNYYQEAYKQQNAFMSVDRGSTLGRLYMDHENSYDVKMASSYITDQETQY,TSENNYY,QEAYKQQN,AFMSVDRGSTLGRLY,MDHEN,SYDVKM,ASSYITDQETQY,0
HPVTKYIM,VGISALSSGKAVRKFGNEKLTLNHDASHIVNDASSIGLYGYT,VGISA,LSSGK,AVRKFGNEKLT,LNHDA,SHIVND,ASSIGLYGYT,0
AVFDRKSDAK,SVFSSVVTGGEVAGAPGGGSQGNLILNHDASQIVNDASSLTVLYGYT,SVFSS,VVTGGEV,AGAPGGGSQGNLI,LNHDA,SQIVND,ASSLTVLYGYT,0
NLVPMVATV,DSAIYNIQSSQREAVRNQGGSEKLVLNHDASQIVNDASSARSSYEQY,DSAIYN,IQSSQRE,AVRNQGGSEKLV,LNHDA,SQIVND,ASSARSSYEQY,0
RAKFKQLL,TSENNYYQEAYKQQNALLPGSGTASKLTSGHVSFQNEAQASSYGTGDLSYNEQF,TSENNYY,QEAYKQQN,ALLPGSGTASKLT,SGHVS,FQNEAQ,ASSYGTGDLSYNEQF,0
SPRWYFYYL,DSSSTYIFSNMDMAETRRVTGGGNKLTMNHEYSVGAGIASSPGDTQY,DSSSTY,IFSNMDM,AETRRVTGGGNKLT,MNHEY,SVGAGI,ASSPGDTQY,0
GILGFVFTL,TRDTTYYRNSFDEQNALSDAYNFNKFYPRHDTFYEKMQASSDDRVRYGYT,TRDTTYY,RNSFDEQN,ALSDAYNFNKFY,PRHDT,FYEKMQ,ASSDDRVRYGYT,0
AVFDRKSDAK,TSENNYYQEAYKQQNASFYNQGGKLISEHNRFQNEAQASSLPGELF,TSENNYY,QEAYKQQN,ASFYNQGGKLI,SEHNR,FQNEAQ,ASSLPGELF,0
HPVTKYIM,SSVPPYYTSAATLVAVSDFKAAGNKLTSGHNSFNNNVPASSLTGLAGGRGQETQY,SSVPPY,YTSAATLV,AVSDFKAAGNKLT,SGHNS,FNNNVP,ASSLTGLAGGRGQETQY,0
RAKFKQLL,YGGTVNYFSGDPLVAVNAGGGSQGNLILNHDASQIVNDASSPRSTDTQY,YGGTVN,YFSGDPLV,AVNAGGGSQGNLI,LNHDA,SQIVND,ASSPRSTDTQY,0
KLGGALQAK,TRDTTYYRNSFDEQNALSERSNTGKLISEHNRFQNEAQASSPNYEQY,TRDTTYY,RNSFDEQN,ALSERSNTGKLI,SEHNR,FQNEAQ,ASSPNYEQY,1
GILGFVFTL,SSVPPYYTSAATLVAVSEGSNFGNEKLTSNHLYFYNNEIASTRESTDTQY,SSVPPY,YTSAATLV,AVSEGSNFGNEKLT,SNHLY,FYNNEI,ASTRESTDTQY,0
ELAGIGILTV,NIATNDYGYKTKLVGPFMRLGHNAYNFKEQASSQDPDTQY,NIATNDY,GYKTK,LVGPFMR,LGHNA,YNFKEQ,ASSQDPDTQY,0
GILGFVFTL,VSGNPYYITGDNLVAVSYSGAGSYQLTSGDLSYYNGEEASSGGGLAYNEQF,VSGNPY,YITGDNLV,AVSYSGAGSYQLT,SGDLS,YYNGEE,ASSGGGLAYNEQF,0
NLVPMVATV,TSDPSYGQGSYDQQNAMREVFNDYKLSSGHNSFNNNVPASSVVERAF,TSDPSYG,QGSYDQQN,AMREVFNDYKLS,SGHNS,FNNNVP,ASSVVERAF,1
AVFDRKSDAK,TSGFNGNVLDGLAVRDSNYQLIMRHNASNTAGTASSDSPGVGYNEQF,TSGFNG,NVLDGL,AVRDSNYQLI,MRHNA,SNTAGT,ASSDSPGVGYNEQF,0
KLGGALQAK,DSAIYNIQSSQREAVRRRGSQGNLISEHNRFQNEAQASSLEGQLNEQF,DSAIYN,IQSSQRE,AVRRRGSQGNLI,SEHNR,FQNEAQ,ASSLEGQLNEQF,0
KLGGALQAK,TISGTDYGLTSNILRDVSGGGFKTIDFQATTSNEGSKASARDEGTGIGREKLF,TISGTDY,GLTSN,ILRDVSGGGFKTI,DFQATT,SNEGSKA,SARDEGTGIGREKLF,0
KLGGALQAK,TSINNIRSNEREATDAPGGYQKVTKGHSHLQKENIASSPWTGTLNTEAF,TSINN,IRSNERE,ATDAPGGYQKVT,KGHSH,LQKENI,ASSPWTGTLNTEAF,0
KLGGALQAK,DSSSTYIFSNMDMAESINTGGFKTILNHDASQIVNDASSIRGAETQY,DSSSTY,IFSNMDM,AESINTGGFKTI,LNHDA,SQIVND,ASSIRGAETQY,0
AVFDRKSDAK,DSASNYIRSNVGEAASETSYDKVISEHNRFQNEAQASSSLGGGNTEAF,DSASNY,IRSNVGE,AASETSYDKVI,SEHNR,FQNEAQ,ASSSLGGGNTEAF,0
IVTDFSVIK,SSVPPYYTSAATLVAVTFTGNTPLVLNHDASQIVNDASSTRSQETQY,SSVPPY,YTSAATLV,AVTFTGNTPLV,LNHDA,SQIVND,ASSTRSQETQY,0
AVFDRKSDAK,DSSSTYIFSNMDMAEMEGGSYIPTMGHRAYSYEKLASSRDRDYGYT,DSSSTY,IFSNMDM,AEMEGGSYIPT,MGHRA,YSYEKL,ASSRDRDYGYT,0
RAKFKQLL,DSASNYIRSNVGEAATDTGGTSYGKLTLGHDTYNNKELASSQAYPSGAQASTDTQY,DSASNY,IRSNVGE,AATDTGGTSYGKLT,LGHDT,YNNKEL,ASSQAYPSGAQASTDTQY,0
IVTDFSVIK,YGGTVNYFSGDPLVALNTGGFKTIMNHEYSMNVEVASSLFPDNYGYT,YGGTVN,YFSGDPLV,ALNTGGFKTI,MNHEY,SMNVEV,ASSLFPDNYGYT,0
RAKFKQLL,VSPFSNMTFSENTVGRDTGRRALTMDHENSYDVKMASSSLTGQSQETQY,VSPFSN,MTFSENT,VGRDTGRRALT,MDHEN,SYDVKM,ASSSLTGQSQETQY,0
AVFDRKSDAK,DSAIYNIQSSQREAVVGSDYKLSMNHEYSMNVEVASSSGTPLNGYT,DSAIYN,IQSSQRE,AVVGSDYKLS,MNHEY,SMNVEV,ASSSGTPLNGYT,0
IVTDFSVIK,TRDTTYYRNSFDEQNALSSPSAAGNKLTMNHEYSVGAGIASKGLAGGGSYNEQF,TRDTTYY,RNSFDEQN,ALSSPSAAGNKLT,MNHEY,SVGAGI,ASKGLAGGGSYNEQF,1
AVFDRKSDAK,TTLSNLVKSGEVAGKNSNDYKLSMNHEYSMNVEVASSPIRQDMGGYT,TTLSN,LVKSGEV,AGKNSNDYKLS,MNHEY,SMNVEV,ASSPIRQDMGGYT,0
ELAGIGILTV,DSSSTYIFSNMDMAINQGGGATNKLIWNHNNSYGVQDASSPGRTGELF,DSSSTY,IFSNMDM,AINQGGGATNKLI,WNHNN,SYGVQD,ASSPGRTGELF,0
ATDALMTGF,NSASDYIRSNMDKADPTDSWGKLQSGHDNFVKESKASSLIGLAEQF,NSASDY,IRSNMDK,ADPTDSWGKLQ,SGHDN,FVKESK,ASSLIGLAEQF,0
AVFDRKSDAK,TRDTTYYRNSFDEQNALSGSGGATNKLISGHTAFQGNSAASAHPRASGSTDTQY,TRDTTYY,RNSFDEQN,ALSGSGGATNKLI,SGHTA,FQGNSA,ASAHPRASGSTDTQY,0
AVFDRKSDAK,YGGTVNYFSGDPLVAVIPGSNYQLILNHDASQIVNDASSDRSNTEAF,YGGTVN,YFSGDPLV,AVIPGSNYQLI,LNHDA,SQIVND,ASSDRSNTEAF,0
RAKFKQLL,DSASNYIRSNVGEAASETSYDKVISGDLSYYNGEEASSGTGSTDTQY,DSASNY,IRSNVGE,AASETSYDKVI,SGDLS,YYNGEE,ASSGTGSTDTQY,1
GILGFVFTL,NSASDYIRSNMDKAENGGGGADGLTSGHDTYYEEEEASSFEGLNTGELF,NSASDY,IRSNMDK,AENGGGGADGLT,SGHDT,YYEEEE,ASSFEGLNTGELF,1
FEDLRVLSF,YGGTVNYFSGDPLVAVSARLNTDKLISGHNSFNNNVPASSFSGNTGELF,YGGTVN,YFSGDPLV,AVSARLNTDKLI,SGHNS,FNNNVP,ASSFSGNTGELF,0
RAKFKQLL,TISGTDYGLTSNILSTYNNNDMRMNHEYSVGAGIASSYEGSQGNEQF,TISGTDY,GLTSN,ILSTYNNNDMR,MNHEY,SVGAGI,ASSYEGSQGNEQF,0
